8.867855755214444358e-01 3.950271760269165600e-01 9.389576196108186945e-01 8.706629892667513415e-01 6.955974814336596257e-01 3.612959344462912843e-03 9.097007263019400991e-01
9.130892778237249541e-01 9.292032912992552740e-01 2.076612277436418186e-01 6.350038110908351463e-02 9.321603975647607676e-02 5.806082438563161530e-01 7.943574709649833254e-01
8.688941078774495841e-01 2.477647849879905384e-01 5.667687450702058038e-01 6.818758583678148355e-01 2.300997606867643819e-01 5.290733060808956029e-02 9.917926575932624056e-01
5.294509337443463748e-01 9.624801908618565438e-01 9.801791911568159543e-01 3.131574620991025570e-01 1.098516272404573835e-01 9.535110075231754134e-01 4.588795166355112976e-01
7.918849733796986534e-01 8.726388048490479887e-02 8.895631816893788679e-01 1.810339713135026285e-01 2.104150301788211552e-03 5.001230750168033090e-01 6.478985074660861265e-01
1.404185010933722277e-01 1.588733983210377787e-01 9.388044593321627218e-01 3.279538400975811618e-01 4.685621479125811062e-01 5.445789810706493927e-01 9.671760510561232538e-01
7.342333844207461491e-01 4.886614730160432352e-01 1.199645656281778799e-01 1.899159265042033584e-01 8.054676964914847526e-01 9.935169299587579550e-01 1.466159470956950595e-01
2.094523332115605097e-01 9.547978501377933913e-01 8.400639479704400392e-01 2.972527199294530131e-01 5.469308470841545422e-02 4.885679255282551758e-02 9.953733444111748652e-01
7.989273395451353954e-01 6.488131550391459390e-01 5.157393476821815481e-01 3.579689754167245663e-01 1.590843308491097230e-01 7.730469561833375192e-02 7.730377698382779883e-01
3.131930066766699938e-01 8.677350459936336025e-01 7.628285388935164280e-01 3.083867411821955909e-02 2.741755292865208915e-01 2.502504328634797340e-02 9.656657904458562092e-01
3.890585186889843755e-02 8.641009637765909024e-02 9.871397893531118628e-01 2.630114283618483623e-02 8.509672479711714865e-02 5.276560717648435261e-01 6.829054201188482498e-01
7.214788923576758231e-03 4.191338632031167410e-01 3.469182937041820347e-01 1.956546261093568273e-01 3.156558598559983664e-01 7.513009262837212765e-02 9.972821952497764597e-01
9.575333105282086699e-01 2.431239629659241452e-01 5.790514979307033183e-01 1.134372777445171315e-01 7.712232315367629765e-01 5.484161346043751190e-02 6.931017640192943530e-01
8.362817898543494222e-01 7.483813177623804824e-01 7.599673415327682369e-01 7.851789923435885665e-01 5.606479266783095383e-01 3.094635027156324159e-02 9.152838856603962014e-01
9.033651328440647221e-01 6.673195778941848344e-01 4.075187835145007154e-01 9.965901397428055253e-01 4.345262052645663675e-01 5.448887335472171745e-02 9.939952940666405556e-01
1.287033507997401849e-01 7.331960671796486917e-01 9.171980764963968413e-01 7.307052665117727032e-03 1.091090685652230767e-02 3.308938758025519594e-02 9.800424346666832820e-01
9.597950483708401759e-01 1.343433293656336736e-01 7.169909903978383126e-01 6.665015312181762040e-03 1.039063861654313525e-01 9.328669545288245102e-01 7.642309155315449298e-02
6.086965227055265819e-03 1.378598547400266584e-02 7.951661080851468721e-02 1.109716030239151219e-01 6.703012726902940477e-02 1.178952548684322754e-01 4.636363925177781620e-01
2.247824845775397429e-01 4.554799759519028157e-01 5.074797443766152494e-01 3.027641191847037574e-03 1.019275489830186177e-01 1.114877542232136677e-02 6.389251955232425617e-01
4.616698471780520396e-01 1.287619248469382416e-01 7.607355748282388364e-01 2.154792269798079252e-01 5.567731241293243372e-01 1.665322712186704801e-01 9.275642788092771651e-01
8.814636952746223164e-01 9.429223299751221532e-01 9.465841923685578418e-01 9.769840908772754740e-02 1.570711447049900067e-01 1.830695727143473060e-04 7.549934507621964830e-01
9.274334916171620424e-01 6.773282423937645458e-01 4.546251115701562817e-01 9.977284369818196774e-01 1.086262771111826259e-01 2.724019252485886805e-02 8.312235003488532836e-01
6.250045509689685641e-01 9.354667449475559393e-02 1.643813162377228410e-01 9.814387414830618717e-01 7.683675362858883862e-01 7.447197678096652007e-01 6.456853049405820721e-01
9.304421058073476525e-01 8.941682575290756940e-01 7.843138504038066339e-01 8.115298621936921641e-01 3.144080461950663104e-03 3.119357511201793776e-02 8.853689920157388205e-01
1.899543960633933160e-01 9.663417727506496968e-01 8.011458196342967630e-01 5.319332854184583709e-02 5.962386308475498692e-03 1.029251851999520989e-01 5.412518110619439771e-01
9.965090427328484601e-01 9.197332900401657962e-01 5.805862069909905054e-01 2.147541204206444149e-02 1.155562919288005176e-02 3.355850405022988148e-01 9.974934561079862316e-01
3.717603256477865492e-01 9.691885415171618279e-01 6.756195543470877585e-01 1.677559543197216507e-01 3.447255367496167375e-03 9.348426603629859111e-01 3.210828302995429318e-01
9.851407722310689952e-01 8.866659842552976345e-01 4.536393970839958656e-01 1.547655081114320680e-02 9.932877529289530286e-03 4.672900583239399802e-02 6.368593734188657818e-01
6.425466730111722979e-01 1.804101254789729214e-01 6.057718681981678621e-01 9.208357645634084321e-01 9.954566045319140910e-01 2.278649840972379881e-02 4.669480125874297394e-01
9.471271221713296606e-01 1.048483906551490735e-01 2.179773327934045601e-01 8.809082038104033840e-02 6.562630713564323592e-01 1.993122014047913823e-02 5.204041462516728611e-01
3.610183927740131526e-01 5.408210742010529509e-03 3.586682947020063406e-01 2.312468136208837427e-02 4.181422868731256015e-01 9.900696505019722649e-01 5.496894862724929220e-01
7.888790802558877102e-01 3.239619357226506402e-01 2.227647333646281258e-01 2.616134737548782563e-01 1.124390007629784832e-01 4.208182075088041652e-01 4.171074832924143161e-01
1.168790593205625283e-01 5.878416067802310664e-03 9.083240948405693072e-01 2.265546227048339731e-02 5.499923577168142064e-01 3.399449102849342874e-01 9.847904883223149719e-01
1.878186390491561331e-01 1.601799005267976472e-01 7.199958674979994866e-01 1.088118291672231838e-03 4.915923472826284196e-02 5.362502459258235987e-01 9.952975627263095371e-01
1.186803131658906302e-01 1.380314354436442681e-01 7.806005229275668755e-01 1.247008833285926377e-01 1.034358357810486947e-02 5.325032924233152193e-02 6.188913886717647417e-01
7.667724206819616084e-01 9.333141862183637061e-01 6.203023236250035932e-01 3.866179980973293712e-02 3.752204488643216818e-02 1.419989064013576184e-02 6.769438611654521321e-01
2.414103947983271548e-01 7.248557049770393626e-03 5.050265607346836605e-01 1.067418224724720095e-02 3.528595705276133671e-02 9.780308504427991101e-02 7.231237153956026065e-01
6.601843925367313348e-01 3.193439511585904889e-01 6.157807485692976535e-01 9.976557350077547293e-01 9.901122767790745405e-01 1.026772598265053849e-01 8.229086072011297937e-01
4.612434965100352113e-01 6.495955302012452748e-01 9.631352272526049196e-01 1.695109482108229371e-01 8.052683774349043977e-02 2.459279431309444302e-03 9.864017596461677195e-01
4.418847540654362582e-01 3.109579204197707725e-01 7.746066841535063086e-01 7.201753457711396189e-01 8.673951166054424400e-01 7.205804728678772975e-01 7.914858583887738330e-01
2.055153515384542662e-01 2.828281378791877576e-01 8.581554799740053197e-01 3.218726780141886734e-02 2.912695383125582342e-03 5.872298518042749077e-02 2.891417419681461265e-01
6.229627896632907724e-01 1.217641780174706784e-01 1.323789884492765356e-01 9.935836744009411969e-01 9.688744457820788192e-01 9.364345132882122558e-01 3.381937306474305793e-01
4.601362016880390926e-01 1.215379139828697275e-01 1.533390952138960206e-01 7.807004212103201279e-01 3.970196483081857020e-01 8.272312016163486659e-01 5.107621634808363620e-01
6.647811065891967575e-01 2.134087852150300946e-01 3.306483294050714949e-01 9.980497684365051692e-01 5.813946088521659838e-01 7.410969357501057120e-01 3.058876851528693486e-01
5.696989446132737500e-01 2.860428941002743364e-01 7.701643182905287821e-01 9.257687358194541805e-01 9.570466821107659339e-01 3.154771801090659467e-01 7.517800640406090418e-01
8.851306279286912382e-01 9.387488029754897934e-01 6.375499539276462402e-01 1.872013944063512236e-01 1.725833209134050930e-02 8.477355490908652924e-04 8.239109648962492649e-01
2.619255480714929307e-01 3.966120035606440775e-01 9.326547133292727443e-01 2.079358053724651711e-02 1.835848789921832591e-01 3.872379859314115103e-04 6.138588297534761651e-01
4.589873157093206646e-01 5.811062267243409796e-01 8.145208417865369421e-01 6.317703385391360005e-01 9.650801910225643640e-03 2.955099544748870932e-01 8.637391909220437647e-01
6.173067008423851476e-01 9.699813876596714568e-01 3.147754440010411270e-01 1.146707549307171212e-02 4.372847168430251674e-01 5.344325130090734621e-01 5.916355936350272682e-01
7.733603932364042643e-01 8.591104455149516372e-01 7.319731437803309593e-01 1.539677963914642955e-01 1.195548606632412456e-02 7.316116083972952835e-04 3.058455154017115096e-01
8.163209661206451973e-01 5.354194827898171027e-01 1.302834278939553336e-01 2.656959719012229049e-01 2.673672626977301875e-02 3.329611761984797025e-01 7.511903347977039180e-01
3.674964323153666057e-01 3.014996147127605997e-01 6.426628953853579240e-01 9.613856900387045268e-02 7.211932433084365934e-01 1.525247958780186763e-01 7.916469592953518930e-01
2.723235625312209196e-01 2.985106228827897334e-01 8.710175232274659507e-01 8.356949329556054296e-02 2.308688154023157690e-01 1.084763206642109512e-01 6.355693051367649060e-01
4.612168333466626358e-01 6.516472736126096565e-01 9.515099179955947006e-01 2.252491527646612868e-01 7.143482200933816417e-02 2.062698243267256648e-01 7.519804719853446784e-01
6.615391015693781185e-01 6.372181188498952098e-01 2.096656532810919904e-01 9.867140293871766721e-01 2.360865486393118884e-01 3.393059468560476466e-01 2.516626516707045624e-01
7.602385482319533594e-01 8.640874167731462663e-01 3.206879048978122232e-02 7.297479560071622462e-01 1.809623243868984863e-02 9.270192131846318739e-01 1.571019671872332935e-01
1.337476295179186314e-01 3.845789217105063940e-01 5.749955667667927539e-01 1.028964996066847977e-03 3.208344262061481045e-01 2.730732108981254874e-02 8.509777335624475469e-01
8.652025934725037226e-01 2.255698352714182453e-01 9.867483592894801814e-02 9.758426827202952847e-01 6.725942966142069990e-01 6.242015704964747336e-01 3.128143091144954813e-01
3.364592569198614214e-02 5.318636946901303397e-02 7.805774233681787022e-01 2.084266351727678216e-03 3.568625249290450011e-03 8.196560243549058655e-02 5.396930994121166281e-01
3.186521798756424828e-01 7.887164134041156904e-01 3.915715253872126267e-01 7.822010551745376405e-01 3.457467876059061584e-01 6.896320162460212178e-01 8.245681835810489968e-01
9.336030402610462353e-01 3.228061719118471840e-02 2.112817090982527235e-01 9.550586698860237533e-02 7.484474357342036921e-01 6.928730251400136431e-02 9.346311285470402241e-01
4.144933659404225618e-02 3.032014315287395734e-01 3.459303311330436115e-01 9.761893045666426155e-03 9.387200128292003676e-01 1.563043352635374444e-02 4.023216930775416755e-01
4.650299757303397175e-01 2.208001392559411635e-01 3.970610626438384472e-01 6.377128369895773696e-01 3.748628086110379898e-01 4.252496743318592148e-02 8.277881909569381191e-01
7.681152696049036166e-01 2.698016584931455797e-01 8.250865697069578730e-02 2.008509401490048141e-01 8.547710675491526633e-01 3.234369265968216611e-01 9.756430453946839387e-01
2.260877181013168091e-01 2.064303065493743872e-01 3.985166673356214662e-01 3.546568762990625068e-01 9.887135890887009948e-01 7.569647534673183686e-02 9.679125657647993375e-01
5.628872721467049756e-01 1.439410526799146939e-01 6.389937457434409496e-02 1.239859084359072744e-01 3.133796550761096950e-02 2.963244517312350057e-01 4.950031646378426076e-01
3.746841594265322151e-01 1.421268053235032192e-01 2.702297790725273208e-01 8.435201851409427354e-01 2.511963878568634900e-01 6.873594986249843553e-01 3.006310206572492261e-01
2.111439162198585628e-01 9.202750144905971208e-01 6.639724160871985914e-01 2.469453116602316478e-01 1.159040450513305030e-02 3.202379617839549303e-02 8.887239710369193579e-01
9.413483274039448068e-01 3.617561023467375514e-01 1.948862862157230147e-01 1.046368784850842532e-01 2.895783826321184362e-01 3.136550170594858133e-02 8.598302104550371583e-01
2.693880544294422613e-02 7.806552544725411380e-01 9.801880340693950311e-01 4.132796411309155871e-02 1.618081248452076654e-02 6.365021635426104316e-03 8.700855815763290924e-01
5.092040368840424769e-01 9.968425268583894772e-01 7.154394984055959528e-01 4.944781782833240213e-01 4.112644947299726184e-02 4.035865945635850466e-02 5.515376616569743762e-01
9.076508181743494497e-01 1.023804686544394493e-01 1.230295995512494245e-01 6.222172013526585527e-02 5.947628078654476624e-01 2.818785667892752950e-02 4.607080405347042662e-01
3.675694750504238661e-01 8.473017708803598502e-01 2.619433659059791641e-01 5.580524468928865778e-01 3.392518672511616318e-01 3.622640048998736206e-02 4.494829180550873327e-01
9.383362694845994723e-01 1.803047088569244283e-02 7.948826068864968120e-01 4.519541583689177244e-01 1.014109830661261841e-01 2.119736833358945929e-02 4.984629951703146711e-01
7.067485093121004258e-01 8.667318311014757803e-01 6.908279973154211051e-01 1.210570480313760827e-01 1.569312223838339364e-03 3.548183676251357756e-03 4.723832588876242800e-01
8.507950981627300235e-01 7.503091198478230306e-02 8.516096914069036794e-01 9.483759937578463139e-01 6.536745597759388571e-02 1.211237588301795551e-02 2.175067723176971335e-01
7.419959730110815554e-01 2.351639128930160805e-01 9.272284286391394570e-01 1.538515725581225679e-01 6.076262602081169417e-01 1.844110631638762061e-03 3.329793456419247732e-01
6.048581765708028746e-01 9.448782858088433656e-01 5.842433681523073741e-01 1.020812503586107367e-01 1.679190163037225583e-02 4.986973346005715846e-03 7.974223071537382967e-01
1.381924012148158798e-01 9.622882213324690515e-01 9.918895671740268760e-01 1.051190665162580161e-02 1.961891181519328023e-02 5.990446262096197488e-02 9.173063883082100967e-01
3.705639036170642608e-01 5.889643092445144834e-01 7.055753352131007849e-01 3.576038917989931010e-01 2.603788196652901954e-01 4.518315531513264136e-03 7.948869634179066557e-01
4.526151913069495492e-01 2.445727109853091663e-01 4.662259848741614476e-01 4.912199496577616120e-01 1.085182731724065527e-02 1.235360433936433938e-01 4.729246109209194193e-01
8.822315843771024735e-01 1.390906145948095640e-01 2.287115220250944825e-01 9.204656282852150539e-01 8.886936810804710873e-01 6.262612987398105124e-01 4.303269093982705074e-01
8.480688540461174540e-02 6.080921016983672489e-01 3.431185090799997867e-02 4.918829295226426201e-01 6.863670573634347294e-01 8.197646268360704591e-02 6.278026772000315781e-01
3.167872560618165134e-01 7.818079077731892035e-01 3.305759851395387305e-02 9.887383934622795412e-01 1.004497802157519049e-01 4.897400448402799977e-01 8.551921685379700877e-01
2.839397364010419825e-02 2.989582338331565059e-01 9.045045330066568967e-01 1.925531816040603871e-03 8.612740667853423238e-02 2.765452879572507378e-02 8.775145920291762547e-01
4.852105790556779374e-01 2.149411090741845665e-01 3.681425340175842331e-01 1.431247888608089096e-03 1.563934505790688101e-01 1.369583200609875706e-01 2.487647260333904486e-01
4.974094752776857531e-01 2.160709813015884440e-01 3.392518277414766081e-01 8.118513008840719247e-02 1.166963137324195966e-02 3.133883706314162243e-01 9.955673285468761291e-01
9.891838695241884638e-01 3.532204500952679793e-01 2.394862704074504356e-01 7.046960747961185378e-02 2.425241691565137581e-01 1.170002276989358936e-01 8.644536679032430726e-01
3.485815359701778249e-01 8.412919723265515071e-01 1.965078685123968494e-01 9.997609037551432598e-01 6.629677037700876241e-01 8.537293521114509565e-01 2.965744501017091306e-01
5.390336216309534745e-01 7.521746634877012339e-01 3.328035442237850527e-01 7.568524511550015488e-01 1.183927102835639900e-01 2.714709484891325922e-03 4.582849638333040265e-01
8.259012725717187475e-01 5.245867130692185576e-01 7.254452514417927267e-01 4.308193857176780689e-02 1.087222577707789260e-02 7.528889293364388058e-02 8.233407566732292571e-01
9.326218772882101382e-02 9.197458170481562223e-02 1.338100178602498191e-01 2.323356239006728607e-01 6.921816534170988078e-01 4.357728838847302333e-01 9.117839063963005808e-01
9.377496995539733038e-02 5.836589994836645090e-01 7.742075338813676766e-02 8.174195737512671700e-01 7.941562604209401188e-01 3.402428937370348683e-01 8.974209840737100707e-01
9.448032018095169349e-01 1.002583721680479767e-01 2.186884590246552795e-01 9.351766586975690521e-01 5.611131708098726634e-01 1.769344078725994529e-01 6.316176391371218779e-01
8.677209671807305513e-01 7.702056751490310178e-04 7.964885375829167113e-01 3.643734692793995089e-01 3.893767677678489775e-02 3.690013124029493507e-03 1.299824321337257615e-01
1.201652167873650673e-01 5.363594135315967737e-01 2.295092002518496141e-02 7.100094386406875513e-01 9.699172157392145222e-01 8.526809157307592146e-01 9.071542833967932706e-01
9.846786953207424808e-01 7.789140909413764247e-01 9.113739099010883526e-01 4.012712386482032018e-02 1.734704864327488855e-02 2.070375964136967825e-02 8.396803435523738646e-01
4.500357178208359565e-01 2.876164780055966985e-01 5.725336655296590083e-01 7.672263291321738954e-02 1.131435380291155451e-01 1.016971381507060512e-03 9.484722881126566030e-01
2.874038615739235025e-01 4.255456454650063391e-01 9.552166581460181938e-01 3.387010389243754610e-02 3.181541251392890415e-03 1.527277285409909396e-02 8.990335080165051673e-01
2.910698350801815826e-01 3.617556587181356420e-01 2.331516577991359640e-01 2.410850857556595585e-03 7.677908868314078407e-03 8.362250712877071501e-03 9.645533684459911550e-01
5.558389189441917955e-01 8.069509962240271062e-01 2.809656673062664936e-02 6.965799500863659732e-01 6.075949280293614363e-01 4.814123316018213417e-01 5.643148229283350553e-02
6.058820725742699587e-01 6.451132453851556869e-01 6.933520919832359963e-01 6.132297087740298247e-01 3.976391331356268072e-02 6.997952526838312204e-02 2.363025209525944637e-01
1.562583279473945819e-01 4.275656831975610528e-01 2.921446555134521450e-02 7.831413709955473701e-01 8.702828122343617689e-01 6.794028744648233920e-01 9.465763389973024244e-01
4.975472182103959362e-01 2.205736603186214118e-01 3.317288755727029748e-01 2.279077122276344791e-02 2.901864235444146043e-04 1.010062040599882249e-01 3.477848918995879446e-01
7.643098474283899213e-01 2.286542014081910934e-01 5.350403950543339282e-02 5.347318561443494683e-02 1.728015301409799587e-01 2.586397789647473244e-01 5.548708653871490259e-01
7.479600098635371674e-01 1.487793285855841530e-01 3.862609001161042971e-02 9.094022235941398025e-01 9.562411671701865901e-01 8.259714208122980184e-01 9.248967039996440764e-01
4.612135716079678316e-01 2.932678455684881169e-01 9.906511614698096380e-02 5.981535751513651356e-01 7.823912364346059523e-01 9.759382412355613878e-01 9.633429428932298588e-01
2.994068541574653741e-01 3.361580403910710002e-01 8.746400366150306471e-01 1.872949162215296892e-02 2.300241249134992762e-03 2.709839770526268569e-03 6.587341799657436825e-01
4.621256510633713899e-01 6.299104895215988931e-01 4.403836784613961997e-01 1.790696085627749984e-02 6.260034878756468024e-02 5.764296028478491790e-02 9.489184969629855804e-01
2.697573185496148218e-01 2.532992981376527286e-01 4.233792390918263426e-01 3.850576570772414331e-01 7.835220885059173135e-01 1.200668524348433644e-02 3.437970295823339351e-01
5.214377003441564851e-01 6.133198762332028320e-01 1.693461754180071444e-01 3.425226782999597416e-03 6.965072363546435941e-02 2.232924256424914933e-01 5.730504835222967053e-01
7.379111639036800563e-01 8.725099738862789334e-01 8.007830584864039647e-01 2.601103794693501031e-02 3.979711394310735464e-03 2.155430642499006968e-03 4.036353647711974912e-01
2.065967926917405828e-01 1.324555433759829481e-01 2.405674838102668522e-01 5.387178917517442267e-01 7.922823400860982135e-01 3.752011143432362195e-01 3.851517836018085728e-01
5.955423506701820191e-01 8.077207982299267064e-01 8.033889485505564532e-02 7.379631273481680465e-01 1.344501929232178906e-02 4.966269674123485051e-02 2.596230148354357614e-01
3.539881568397711398e-01 8.092593767106310843e-01 1.270438024250489240e-01 4.084360328257130579e-01 8.830090855386250048e-01 3.125182476701864054e-02 3.296060422002466961e-01
7.463284213859231464e-01 1.541115070900827277e-01 5.544673042974405247e-02 8.042776856090730897e-01 9.370040684804871178e-01 4.151305795688616795e-01 7.610154493227305750e-01
1.230218261684947190e-01 5.034042907936037148e-01 1.384738465246991290e-01 8.629171597050163678e-01 5.859093165084201527e-01 1.132462359544885305e-01 6.661098635452067374e-01
7.561796439129178093e-01 1.730763094241540567e-01 7.272866024704521815e-02 9.259114270379449341e-01 8.929007182232406858e-01 1.623387645609301044e-01 7.763821330550225719e-01
4.744430257209827917e-01 2.533786449284592956e-01 1.779196747919877253e-01 8.708013405744887692e-01 4.691128155800996513e-01 2.020190801666987834e-01 8.283663412036442741e-01
1.477754219835803462e-01 1.274169505746560183e-01 1.833646815713020906e-01 7.973812335995308365e-01 5.238968875449160345e-01 3.648375887094850167e-01 7.657625519775007605e-01
6.445663590031683876e-01 8.272305676292592835e-01 4.747255712703361136e-02 8.478668715861226168e-01 3.112578785698059125e-01 3.620831969918262283e-01 3.915047331336307113e-01
6.441652254746780271e-01 5.284238229295733502e-01 8.298042380903770665e-01 2.109038414727900865e-02 1.409153416669216806e-02 5.776363541768366611e-02 9.617827329736232667e-01
7.085590256640141860e-01 7.427457213101837930e-01 8.688310912614679582e-01 2.350896849400429395e-02 1.514923702934257640e-02 2.706215757945428305e-03 2.225608806092791436e-01
2.422499968991772834e-01 2.027743709998401367e-01 7.818063149701402759e-02 7.461562303865899581e-01 8.944162389500907029e-01 7.064157749247457208e-01 7.388710990309133031e-01
9.409349910951743112e-01 4.945228345294617189e-01 6.073307002259974441e-01 1.682082383821869309e-01 1.164804220281813740e-01 8.229705890327560294e-03 4.162665005272809804e-01
4.037469062522121011e-01 8.234717336912931174e-01 1.086276135705529639e-01 9.453956285220402878e-01 7.183455158924930695e-01 2.619341074168829442e-01 9.836339854572624386e-01
7.190358862951572172e-02 1.555783184410410303e-01 6.554406595043954509e-02 4.863807028103597219e-01 9.772698720647206017e-01 8.606336408795066673e-01 8.735920949426492221e-01
4.805602391342838065e-01 8.476627048748803794e-01 1.016922707536583592e-01 9.199545422523498495e-01 3.999171340038809586e-01 3.487980405145390539e-01 1.871354785658107533e-01
8.203015088862404547e-02 4.356542566286168983e-01 1.911575801765071358e-01 1.070081289396082186e-01 3.467461985976086347e-01 7.975147336624487104e-03 8.623557296644982495e-01
3.504571379079588489e-01 8.276544357454147516e-01 1.689974979833766822e-01 7.121557766463159078e-01 3.540302494861205518e-01 4.910906257977899064e-02 6.194452773699539172e-01
9.877480734713031119e-01 9.329732101093304308e-01 5.009949189173659168e-01 1.036580570700772370e-02 4.307758560990177996e-03 4.100477459353040616e-02 3.349694540668377019e-02
1.295803201693005446e-01 9.869064310446712396e-01 7.935931961814185476e-01 1.548687797143073475e-01 1.572808690819259628e-02 2.487780905910272344e-02 3.220391161309305028e-01
2.492623489329157394e-01 9.523846827946660376e-01 4.295519776226011666e-01 3.515890005117183054e-02 5.953388114355944415e-04 1.234046776858398059e-01 3.391327162824765984e-01
4.857564097830139871e-01 4.735335590488249924e-01 1.456161516848169246e-01 4.239902550564638717e-01 6.017908979032576822e-01 1.707861433752156100e-01 7.251779230642879659e-01
8.827978840381809356e-01 4.360103709036259878e-01 1.057438062930043665e-01 9.204266196306001291e-01 6.324048445294598864e-01 2.369557882837269314e-01 7.168844671733721752e-01
9.615338212514216165e-01 9.618899627267167851e-01 6.144935978730992066e-01 1.879124180100238788e-04 4.058034766060153974e-03 3.287897834861956692e-02 3.483383834235594390e-01
1.611195516202432731e-01 3.026428651000858672e-01 8.521063926534369060e-01 5.053270818644922668e-01 1.156059647635736404e-01 1.134475052616901875e-01 7.605646376673615983e-01
4.572850799388943899e-01 1.804554490411494072e-01 9.914453559265162808e-02 9.416522936365298024e-01 9.054543400922411278e-01 3.438153107666211961e-01 5.005324285749009894e-01
5.083831248505940037e-01 4.643847333779854147e-01 1.871628285820926829e-01 6.169819451474145566e-01 5.686358091885842514e-01 8.849548111784927285e-02 3.398770982451031486e-01
2.417097452427454940e-01 7.638852026528520911e-01 3.637997529083068088e-02 9.417647994023979896e-01 2.473330950812266116e-01 4.540699302632580370e-01 2.755726428751811841e-02
5.181740753720823767e-01 4.658511613158114462e-01 2.452699868133138561e-01 9.386326768620257832e-01 7.917672422122663534e-01 4.586737036635266107e-01 5.290437396695668593e-01
1.772143511274775485e-01 3.926047162120577805e-01 4.223133700173007377e-01 3.553677460534064320e-03 8.618938339929062276e-02 4.301038960888714513e-02 1.148504207970635072e-01
3.248698631103239531e-01 8.138476837730115321e-01 1.382678863831382776e-01 9.705267007817588443e-01 3.140970393415086215e-01 4.635758144758585914e-02 7.488273159582763405e-01
2.408727327358505532e-01 3.715065273502992094e-01 6.178847642206285184e-02 5.813619577328537069e-01 7.255511785856683105e-01 1.452176396227146948e-01 2.836023798715773259e-01
5.374234487072153676e-01 4.824185637408576754e-01 2.920229002754682335e-01 6.400461304723885636e-01 1.582964637885488635e-01 1.525796872646069217e-02 3.288844799982124090e-01
1.219240560168618481e-01 2.057607613090381773e-03 6.169376519651158519e-01 7.112071037581634281e-01 7.060922384232232174e-01 2.101188920621390732e-01 5.948159703934490228e-01
4.237224025463982580e-01 5.153572815085284420e-01 1.576912053558363336e-01 9.618094884853701787e-01 7.915269112205669533e-01 5.211847936607072462e-02 5.770168580013081971e-01
8.921144450766387290e-01 3.439250203747293289e-01 7.163583450716631829e-02 2.603026069953767174e-01 2.432498963370481049e-01 7.951879163014098639e-02 5.818362473785581024e-01
1.822951116849471920e-01 7.460623804420770874e-03 7.692594348052768094e-01 9.993260323399524303e-01 3.690679944485505404e-01 1.153827349487714232e-01 5.811540642753553199e-01
2.119685777741030230e-01 7.363234418143299251e-03 5.972727622759402832e-01 5.547992801819573438e-01 9.056087687440638190e-01 2.983000244803827306e-01 4.346290497088275417e-01
2.641542965599719128e-01 5.767795632211674128e-01 1.545159362461794306e-01 4.972902446741291060e-02 1.960317174626806727e-02 1.359138956701066714e-01 3.288070545355090690e-01
2.288987822241644876e-01 9.418527793228445022e-01 3.884865750271007112e-01 9.250780191566057575e-02 8.989088643820104807e-02 1.484808472877262656e-02 8.605259088207550811e-01
5.631638043489646250e-01 3.941446898128393439e-01 9.364836110192772400e-01 2.862431796776510606e-01 1.203833854897130018e-01 1.228526558434247032e-02 6.181008234957623415e-01
7.802729702901314290e-01 1.129125437666162746e-01 2.073648951693159992e-01 9.945413318439264572e-01 5.960071491522056508e-01 3.061200774017660553e-01 2.372714203604726069e-01
7.670332668679112897e-01 6.974856626747345523e-01 5.767025686398740136e-01 7.547401876019164783e-03 3.762298944767458742e-02 2.104522445559039306e-02 4.129950480026438053e-01
4.389895142920042237e-01 1.685476101705338237e-01 4.140198538775083370e-02 9.071395108063073920e-01 9.755113292667479952e-01 2.485896508479892020e-01 6.655289980334653244e-01
9.063914464087464706e-01 2.277138916973865945e-01 6.897116925491694750e-02 9.489488357977196031e-01 7.237937802386947839e-01 1.140762180389490593e-01 4.567035330664470649e-01
5.261280252966913373e-01 8.309044372227755160e-01 2.991384973974963932e-02 7.384403775123693503e-01 6.430799715818132922e-01 3.877483253211616576e-02 3.432399674871233208e-01
4.483299762570530644e-01 8.223164322621817623e-01 8.480066203501293587e-02 8.824236247629989593e-01 4.593238946618704577e-01 1.347995827545574524e-02 2.611325343787296860e-01
2.884215371055000032e-01 3.740216767842331480e-01 1.768864050812781197e-01 9.286026612954827175e-02 1.284736389858751882e-01 2.583628951305479982e-01 1.573834946086522801e-01
4.697220535850002987e-01 2.096533060729070252e-01 1.479379900470924047e-01 9.513134114493241311e-01 6.427255288565881797e-01 5.077393146030322046e-02 8.148283142666497003e-01
2.043102666812317281e-01 1.663491988708819813e-01 1.669079674600393304e-01 8.163015878077435339e-01 7.893326115994721004e-01 3.685323712378374972e-01 7.479777892849642784e-01
1.639267953752835960e-01 1.910791502182631885e-01 2.572220030080273889e-01 9.024302751230711683e-01 6.470596170884640452e-01 2.135205664116105462e-01 2.132874811211794841e-01
9.279476445266531259e-01 1.916505170294586502e-01 1.770892145322451317e-01 9.850798427277676073e-01 9.973213570937697892e-01 4.292720864166315632e-03 6.387783471245590816e-02
5.181258928261810448e-01 4.591655928167444056e-01 1.353755143457702204e-01 8.871340795590501038e-01 5.455916665410351918e-01 2.533489640450262703e-01 9.848460481785555887e-01
7.501349055621039930e-02 3.060861254242306373e-01 2.951522582779501080e-01 1.350566770967430441e-01 2.775687204286758081e-01 3.093655423961279571e-01 3.885997615690966467e-01
5.319318587369190610e-01 2.166210058080138834e-01 2.672331208407453529e-01 2.450933733113001278e-01 1.291535455058228365e-01 4.175529116785894335e-01 5.728215127342091151e-01
5.149407726882363479e-01 2.789815721623297717e-01 9.704178031028386497e-01 7.155948202561743798e-01 8.035441284512354621e-01 1.325788518057407217e-01 7.420055931274875949e-01
7.194124082030932676e-01 8.261341129230240776e-01 8.261207867996722687e-01 7.579814419448613894e-01 4.012202346623730542e-01 4.035620859156129892e-01 7.622581319561873292e-02
2.913871554524110619e-01 8.537808114334073384e-01 5.681493928317596920e-01 7.301961409119497315e-01 2.491863098821382183e-01 2.112209290845378229e-01 9.128082727334324575e-01
5.845562934936535671e-01 8.126493600905686510e-01 2.704759363773319714e-01 8.019762007667170511e-01 9.723547798692494526e-01 3.048777112317043597e-02 1.669734525247347501e-01
4.071602600715173437e-01 2.677296010801655801e-01 6.621675123301286048e-01 9.512128941356404743e-01 1.426279124525718645e-01 1.839387608995535772e-01 9.443822585055245966e-01
4.564468617529700012e-01 8.081689559134637157e-01 9.009586096719200965e-01 9.075976079408228925e-01 4.082019548167624134e-01 5.934090153190283747e-03 4.552458521323345386e-01
2.552489806017562146e-01 2.015394752032823311e-01 2.834026392212635748e-01 9.615562386185809718e-01 9.029183976389324462e-01 5.947177077473223550e-01 3.547791932222058020e-01
6.516003875756591901e-01 8.250654847044953666e-01 7.965710667139832557e-01 5.772196970778791236e-01 4.061018064536689454e-01 2.261258209721380696e-01 1.694987892025920095e-01
5.283818019837294155e-01 6.197793428934742638e-02 5.613731901742476937e-01 5.824638890259868917e-01 5.952043959235676640e-01 2.011762125102172227e-01 7.216398632407621250e-01
4.586065769293544148e-01 3.265361550132138135e-01 8.616867119229042471e-01 7.966539956457826532e-01 5.788800412866931255e-01 3.481610045430294509e-01 6.019502999319463754e-01
5.040822187193929604e-01 4.595295802526442319e-01 9.190261487897155579e-01 9.929367020545198930e-01 5.804957573316060770e-01 5.637189348736163508e-01 8.962971274812591149e-01
1.379036537431802822e-01 7.458184616650427312e-01 8.563686877076622794e-01 4.946366884775358908e-01 4.735383038817311263e-01 2.077996963644646311e-01 4.275469364396885519e-01
5.092815338477194587e-01 2.569241653153468974e-01 6.707913647532576240e-01 9.753015320601583493e-01 8.067667670620631837e-01 2.703863868295488526e-01 9.163691735050425446e-01
4.205883421724176258e-02 3.703848474040958294e-01 9.735996040675557461e-01 3.910186439958644039e-02 4.617457288337192128e-02 1.744064477013800019e-02 1.583606053805167724e-01
9.776484067894292140e-01 4.815053550578012875e-01 9.307750976649814545e-01 7.414065383587200575e-01 3.000329177775136746e-01 3.057299880899475020e-01 2.917563433961684050e-01
5.117137239902281864e-01 1.050842581281893340e-01 3.081975448139027129e-01 2.662267880986280214e-02 1.507552685424241520e-02 5.638621382854339670e-01 2.682644102082618054e-01
8.435466963298661192e-01 2.698585932117743003e-01 6.772092658610548987e-01 3.496594000394123714e-01 8.539755512726842079e-01 5.755962554784881391e-01 1.111086167585043222e-01
1.745033886036465864e-01 2.380817095896190227e-01 8.476839042447217309e-01 1.229127639003581990e-01 4.054990550374679148e-01 1.254290088236366119e-01 5.960275693837945310e-01
3.056670479074496405e-01 1.323147160996233085e-01 7.869793013855025388e-01 9.751615174015705323e-01 5.810122565881766787e-01 3.521119608531612655e-01 5.092029581205653743e-01
4.073018551575165458e-01 3.905556146270333095e-01 7.730856788444264716e-01 1.035285497299707688e-02 1.125695094381029965e-01 8.036552043240208221e-02 6.958382583742570571e-01
4.326845638518112547e-01 4.697967757767251284e-01 9.853691456459547915e-01 8.360407226226691524e-01 5.490290104071682276e-01 7.440174723265070567e-01 6.397832842528484720e-01
9.638636863361214058e-01 4.942467896331202981e-01 5.100476267503152306e-01 8.068205343410422836e-01 5.177968838545862207e-01 1.971237790471425111e-03 2.671231484169962478e-01
3.963995854711098166e-01 2.248113720754108535e-01 3.741143921671601924e-01 1.320733991510357475e-01 4.607549331703079259e-02 1.685496598137590785e-01 1.746151521919726002e-01
1.937459747306619351e-01 7.430297907400524871e-01 8.833875943647239160e-01 5.730321448459075873e-01 4.798522885975303187e-01 1.895608832534362576e-01 2.112089188015978114e-01
4.035652136071688489e-01 2.648386685791906392e-01 7.099918878110476061e-01 5.740887381832673331e-01 9.394176768828509383e-01 3.518865516177811514e-01 5.105030264122601968e-01
5.725427848402828701e-01 4.517840236513819274e-01 6.492945816720295804e-01 7.366496361121354086e-01 9.039850363965896696e-01 3.824096236084117972e-02 5.299904388341970529e-01
2.854927997062037814e-01 8.638261756238082567e-01 8.035515794984854354e-01 7.296910321551980383e-01 7.515529222724929292e-01 1.919605928855440402e-01 5.199865951119219121e-01
4.505454999610842837e-01 5.134750739967987032e-01 5.546538555805227144e-01 9.962331907467220082e-01 6.511183409674803357e-01 5.802648439573833139e-01 8.523764316301152277e-01
4.786917557487926356e-01 5.084251628602297624e-01 9.014548180816015499e-01 8.632427349812192841e-01 9.535789551706574940e-01 5.400708690519976374e-01 9.911486575507389984e-01
4.651703144441443061e-01 5.408307860316945437e-01 1.403752854442708031e-01 5.453364431660545630e-01 1.671862721233868532e-01 4.678172739110816880e-02 1.837651189288858067e-01
3.839256475086729736e-01 4.885614938312614619e-01 7.513721574431910799e-01 9.651759457546313925e-01 4.679390210664023386e-01 4.425123996555440087e-01 6.636649833746747218e-01
3.558576964039984469e-01 1.747197080829687443e-01 3.508949681398906839e-02 5.775094230787530813e-02 2.375361205354681871e-01 1.468089448690995946e-01 4.751639624985091181e-01
2.151980173393176210e-01 7.954315310065371847e-01 8.200886886618302674e-01 1.558968588086276363e-01 1.682825993992033142e-01 1.661856183800619960e-02 5.549599075778757218e-01
7.157632839368531785e-01 2.044599242866476096e-01 6.247898483975458106e-01 1.186676773534880713e-01 1.796572740304207272e-01 2.658948483785842920e-01 3.109077636617219587e-01
2.427002858394191470e-02 2.097787861089462635e-01 6.297175767343785591e-01 3.553320933789523356e-04 3.332524795186525002e-01 8.059421971364380544e-02 3.003784207743181445e-01
8.850529086155665137e-01 2.171934008284249484e-01 8.173716545202630579e-01 8.808058516047115871e-01 7.532272909278788786e-01 3.322794692344996359e-01 8.978609121604762544e-01
2.280736125009841242e-01 8.020356079336951050e-01 5.552340246233939958e-01 3.899642198620762237e-03 7.776887535079170244e-02 8.028833965740458933e-03 2.547065653716262257e-01
6.010095783368015615e-02 6.304853250429770517e-01 9.946609818203028253e-01 6.950136590632265410e-01 1.455861437021183924e-01 3.290627321297383556e-01 4.298722226979928562e-01
1.087199713503793769e-01 6.023278286769516709e-01 6.248426918385965312e-01 7.738852203522081918e-01 1.618409718941410946e-01 2.860614180939007323e-01 7.593332764668336843e-01
4.270429999385266240e-01 1.596177573947125672e-01 8.787032825609980558e-01 9.297324669169404476e-01 4.406757206153608664e-01 3.317557762404583221e-01 3.818455528045026082e-01
2.988124420294960837e-01 7.673228979193598143e-01 6.135962368619022334e-01 5.659449141528685168e-01 8.232535172858183037e-01 1.344509639383534294e-01 6.428290327247360159e-01
3.048118258971031502e-01 8.444653976882430246e-01 7.698534147491646884e-01 8.836708966622455197e-01 2.873696899666318694e-01 1.838313554029870345e-01 4.152863648352698167e-01
7.271574947518014698e-01 5.986763850004757082e-01 1.304694931025470739e-01 6.201527721052885189e-01 1.397033022393020241e-01 7.953531063732492690e-02 1.222059815227709706e-01
4.259658089017459015e-01 4.519275250862633264e-01 8.023239398091285279e-01 9.927300924011297489e-01 5.110348575056627984e-01 1.876272621849284505e-01 9.918816087429942474e-01
8.929971475103920531e-01 2.951171358923500576e-01 6.140275019758699715e-01 6.225982583731968223e-01 6.415193531793661474e-01 2.568308177640686862e-01 4.051995231640477257e-01
5.298369695369160581e-01 4.232186673870129701e-01 5.076676529372048385e-01 9.676112843503035243e-01 5.535598608422193090e-01 4.047610497234405656e-03 9.030081921866455197e-01
5.388679079217773005e-01 4.555957810639526540e-01 5.354825009804323743e-01 9.903248983489653101e-01 7.391935529192191767e-01 3.445112303328337622e-01 9.097099846090264119e-01
5.613442024371122496e-01 5.056025785920453819e-01 5.516142696637302834e-01 9.451528438951358746e-01 8.274540123085125654e-01 5.284590580825379025e-01 4.116964392084249691e-01
1.791600047437569287e-01 2.415085365172109366e-01 7.545594314134296265e-01 2.829631339422876701e-01 1.736069596703672946e-01 8.343498583870746776e-02 9.608016933152055961e-01
1.355876461406505806e-01 4.660326386160769108e-01 2.860434457014137677e-01 8.705991899429386116e-01 8.314050708299077774e-01 5.443189916123010175e-01 3.731745617352468791e-01
4.768452476240542803e-01 4.084649414059164929e-01 7.286293683518689779e-01 7.303824460495076387e-01 6.497603900323223325e-01 2.191444386187998694e-01 4.188156997454447472e-01
3.985189165332120864e-01 2.600812122379220770e-01 7.234920393479763456e-01 9.261802661954049443e-01 9.658228178708890832e-01 5.291967929507558344e-01 4.624737725225150364e-01
3.094527510203248788e-01 7.652693307976244919e-01 5.366790098149745170e-01 8.589969628870421925e-01 7.443014288610212414e-01 3.058178649466121723e-01 9.800937670759299891e-01
4.128434181892718935e-01 3.083485082737917327e-01 5.486234465168651209e-01 9.647100892484938850e-01 6.133917821341403620e-01 2.459425713697149241e-01 9.657668305340432191e-01
4.848107296263238220e-01 1.728393585519693854e-01 5.570453260177965493e-01 9.766933866411638965e-01 8.387642561604661262e-01 3.597490068718524059e-01 6.494117267730029619e-01
2.974361329428444889e-01 8.446023233110446782e-01 6.918388020966184104e-01 8.316477278124995154e-01 8.569920575503835458e-01 8.806375600632485035e-02 2.118919851909809027e-01
3.740776084789438349e-01 5.103371159251053335e-01 6.157801025673487194e-01 9.060379478822310206e-01 5.808027693058308571e-01 3.919386499731264961e-01 5.394320163065053908e-01
3.663614383980474121e-01 7.933587992684443257e-01 8.523539826316381962e-01 9.988706864402592256e-01 5.689552539224931316e-01 3.122512554856051170e-01 6.592579069193074126e-01
6.667048283850832702e-01 1.062614649884054130e-01 9.303622644538337427e-01 5.384842367724339551e-01 8.011623991260397037e-01 2.806658803915991207e-01 6.360217578304059316e-01
5.678982551328968231e-01 5.028574179780886944e-01 8.934988352050746707e-01 9.961279338782209614e-01 6.568133829335940366e-01 4.685871080058322952e-02 2.683801453369279444e-01
3.948842657982227777e-01 4.991177592110256911e-01 8.581121907695534734e-01 8.246136659828731119e-01 7.896482387220529198e-01 2.857380349808456566e-01 8.009000857935276718e-01
3.404276652100038381e-01 2.186276840085885076e-01 7.322840081918227106e-01 8.825935816039685855e-02 5.849647354330116122e-02 3.275805896164316056e-02 4.094302121098252756e-01
4.263758221405484217e-01 4.601897100573880128e-01 8.378436271723154194e-01 8.178120820999278395e-01 9.725787658336274566e-01 3.591341881894419275e-01 3.466448318165769038e-01
4.026292463672508370e-01 4.971610041709890182e-01 8.182520837886363418e-01 9.700441907074748293e-01 7.218740740011001522e-01 3.017776136614385707e-01 8.734123506477898813e-01
1.674881937995716941e-01 4.970755684748662806e-01 6.122962769403397232e-01 5.274282309052755746e-01 6.644428651401754760e-01 7.451188800435804005e-02 4.909633752358696368e-01
4.942075537718684242e-01 3.197480625516338493e-01 8.267560701478071650e-01 7.770627296657375283e-01 3.613302391391757795e-01 4.250963592235843663e-02 5.553415525941849396e-01
5.132222711856423425e-01 2.922692258420366840e-01 8.237043669549070080e-01 9.418764831234701651e-01 4.822594565759651397e-01 1.364313937032576307e-01 3.115552051642966336e-01
2.674610779308045361e-01 3.745184396365043300e-01 3.022720906029176535e-01 8.262043089959781872e-01 6.183701403534120900e-01 2.313990703874015120e-01 5.093133356624347519e-01
5.213250878901446450e-01 5.194030242099072492e-01 8.361741639354717259e-01 9.771126752716775554e-01 9.876188941108059449e-01 1.649769626932359456e-01 6.952575882295941589e-01
2.665351490570243564e-01 8.841291326060711775e-01 7.594740968711115592e-01 8.357938033890274232e-01 1.631539004655416791e-01 3.047845481466118778e-02 2.481690736889209936e-01
7.124760892092434350e-01 4.914294995809974087e-01 7.848664524451021141e-01 7.444022976432231875e-01 5.335308381708335768e-01 7.154283255930905805e-02 1.097158261960600040e-01
6.479183185786731303e-02 5.766339866253346047e-01 5.252757843292963358e-01 8.121190775817680452e-01 4.130093475243679091e-02 1.537272033592340399e-03 6.590389850909839087e-02
4.472047635925109343e-01 3.316765631770942080e-01 1.143765010750956296e-01 8.827316039949354431e-01 5.152152096443892715e-01 1.140470057328892700e-01 7.384945092924143362e-01
8.518097245658499128e-01 1.861788326586392150e-01 7.654923160681591510e-01 7.730583800514789772e-01 7.431102176843012996e-01 3.531610416516516304e-01 4.335576368485437038e-01
3.584084185423510593e-01 8.066283265001187308e-01 7.868032379377077890e-01 7.295339459518066505e-01 4.785908894375803802e-01 1.355871787276555218e-01 7.473947280770417700e-01
3.374063606493696854e-01 7.638203064021156230e-01 5.993844602110869335e-01 9.510460182133058105e-01 7.906839960675368095e-01 1.060968164585281287e-01 8.974865520936069485e-01
8.422343448633397012e-01 1.589600796028493301e-01 9.737111895464203304e-01 9.927455487149230429e-01 9.980278388066770034e-01 2.392424871661275598e-01 2.012688638529296359e-01
4.318175498168078663e-01 2.573833702205414742e-01 8.006203956072656114e-01 9.630842905353020900e-01 5.854457979815627100e-01 3.596107911421457803e-01 4.287334036067006471e-01
4.701500831831753047e-01 4.666455736418759215e-01 8.464717246505299997e-01 9.934264375489152421e-01 8.122578803298627914e-01 1.352458008826652458e-01 8.482257196982434522e-01
2.703703988412519688e-01 2.713564072400956872e-01 8.481971094439140213e-01 9.910558220552466435e-02 1.984699724352428363e-01 1.646537014280186895e-01 8.691734667747983423e-01
7.461032523321698973e-01 2.578629863392085109e-01 5.767753646078899177e-01 4.658376465567060642e-01 3.190502881486237952e-01 2.229468798724059120e-01 8.143093641657510595e-01
4.293043284509386326e-01 1.814762544385696008e-01 7.694578712747323079e-01 9.978777039387424219e-01 8.435889410209904682e-01 3.093302718848881527e-01 8.749241101457063685e-01
4.177567574777520387e-01 7.730011939201301141e-01 1.283992006507441580e-03 9.140181174899587591e-01 4.522919022852643356e-01 1.410601034548430999e-01 9.473346447328533371e-01
