4.004896450451564949e-01 6.131112849136793885e-01 2.798249728079290621e-01 2.997165073258206691e-01 9.328318862580796678e-01 1.574284598093320942e-01 4.487741338208424136e-01
8.764446775474454832e-01 5.572063647014084964e-01 7.194068154331142440e-01 9.681784587630211103e-01 6.805573714780568384e-01 3.925852173143995483e-01 3.372551702199547696e-01
8.600134488647657172e-01 8.516092148033195253e-01 5.677008479985465872e-01 5.488346674350779164e-01 9.807669238234297815e-01 5.190784970570559986e-01 4.706387620503591496e-01
5.269959390608782712e-01 1.400939460954084281e-01 9.625644367578947147e-01 3.385828651096826625e-01 8.892910882573640263e-01 1.767856013196976162e-01 8.799449832223336099e-01
9.102865695109610966e-01 2.453452150554283062e-01 7.530720314363291701e-01 5.554120091409919802e-01 3.558781579810452733e-01 5.675542001532035696e-01 6.670497248654707612e-01
8.165875009601284429e-01 3.314231879619536913e-01 5.218006473073184548e-01 5.692983951350987226e-01 5.632566138097961916e-01 5.720069238256773186e-02 5.928260824900993819e-01
1.119167717480551022e-01 7.209399294289869919e-01 9.657273357599265307e-01 3.790741108869269405e-01 3.005961420337286971e-01 4.663771965291647059e-01 3.942487440611864846e-01
9.038856893869480214e-01 4.856840191407341689e-01 7.014478327720369277e-01 3.548990861975249711e-01 3.918843375977217880e-01 6.141074284381458498e-02 9.394568801282072723e-01
8.501771453825187619e-01 2.940274495209904693e-02 8.990826852332036712e-01 2.839484081527948178e-01 8.705227441399988608e-01 8.541758496635027953e-01 8.187306516651283728e-01
8.004906825485401667e-01 8.785134960908945745e-01 9.013742062111734787e-01 4.697719013336735250e-01 7.754290449214686909e-01 7.378020801090480196e-01 8.223679602464181171e-01
9.592089770070721944e-01 3.250916596441164597e-01 8.141320767495788813e-01 6.491800177586014575e-01 7.122156527765642897e-01 2.744509430572166994e-02 5.962983115499741471e-01
5.322386283490743164e-01 1.053762345656715227e-01 6.927961039932393206e-01 1.488659563382918327e-01 3.365977039964344053e-01 1.757563446223832648e-01 5.751632688683683270e-01
1.624707971688570396e-01 1.934583569051086249e-01 9.890262644543367232e-01 5.275439813288795854e-01 3.196566788492274380e-01 5.985768575989439677e-01 7.727273946713114627e-01
1.171304279980139307e-01 5.007070892051594668e-02 6.296581774110396879e-01 1.173355270605161704e-01 4.906197770756674098e-02 9.875434706316164046e-01 7.490706352852364303e-01
3.072995311377439420e-01 4.615275177655410177e-01 1.914250460163846035e-01 7.421428949940350739e-01 7.404204859544305517e-02 5.665886156456105827e-01 5.104625040799729563e-01
7.943424030456267548e-01 4.523669470895071987e-01 4.654160927402510861e-01 5.454911420823119750e-01 1.947847563726340936e-01 3.646642061762501996e-02 6.248189521115458112e-01
9.285004239067169429e-01 3.628443957011172616e-01 7.785298229932224867e-01 2.298739646147125171e-01 1.493411609281754537e-01 2.564730662941439726e-02 7.864222782884059404e-01
4.533482965728233838e-01 1.894886008830997948e-01 5.412250818124797469e-01 9.974079702936698988e-01 7.445322553309957625e-01 3.033138724405397002e-01 6.773600293445286580e-01
7.109338209505368100e-01 3.669508540130037577e-01 5.110328885984175562e-01 7.514649081562965183e-01 5.695560326826845654e-02 8.344476705058825883e-02 6.231090645983508036e-01
8.964582592155911911e-01 3.025110098036447592e-01 8.927764946839399363e-01 1.929615468355646013e-01 1.193065290248403743e-01 6.479073254269551718e-03 6.000603919559502897e-01
8.931870242151470629e-01 4.311821860122096450e-01 7.637821890177199924e-01 7.600516653952837931e-01 7.045870162612008492e-02 6.623608140328461971e-03 7.582432387639013172e-01
3.850163368852704132e-02 7.908331455134426369e-01 8.575174333052667519e-01 6.261124300519461672e-01 6.545652408699622615e-01 6.265863821950566903e-01 6.626001972300340492e-01
8.507996046755161856e-01 6.835007922794444912e-01 7.637588837396528385e-01 7.223014616659998444e-01 9.719283656876600563e-01 2.360433516224665074e-01 6.584415014286679746e-01
4.403655432724203345e-01 3.106688798042485100e-01 4.923181109070823291e-01 8.847977757508720398e-01 7.255919469056576476e-01 3.047887435716845062e-02 3.912117891569734107e-01
1.154295372527311264e-01 7.907900242177130778e-02 4.686021479442400994e-01 1.960308196066948005e-01 6.503135414838883133e-01 8.968412895193557388e-02 9.389440865547172832e-01
8.681633087362423673e-01 7.838442698443740531e-01 8.856746590688220344e-01 5.180940217410148207e-01 4.074168684736605844e-02 5.382802118738500702e-02 9.965338743987263159e-01
2.867893038818583040e-01 1.960057572072779752e-01 3.423467399178403148e-01 4.514767568404222386e-02 6.320590583938642260e-01 7.893930264006053799e-01 9.129642643200696073e-01
1.759586616709288287e-01 3.933038293378759431e-01 4.954681075713335270e-01 7.177262449019468082e-01 3.083431855014700518e-01 1.590018384267894991e-01 4.658296552805896162e-01
1.368604285661450259e-01 5.390985475215354095e-02 4.302957381357621625e-01 8.223112866443769986e-02 1.990404239802172348e-01 2.339164296273644195e-01 5.405148925992977471e-01
6.400774501922547044e-01 6.583628107559198472e-01 4.508104265517932641e-01 2.489862300577873055e-01 4.593082438665031519e-01 1.833319783581119911e-01 3.320520783071327919e-01
3.347911543984772309e-01 1.069450933033374018e-01 7.966641868718872255e-01 1.484468485640115520e-02 4.107216532574861079e-01 4.754121960643149097e-02 9.541963597497210570e-01
7.250044222031859498e-01 8.839468827266577788e-01 6.929713455430640545e-01 6.208593691000859754e-02 3.307233072868273616e-01 3.085116752907346993e-01 9.962294718718703868e-01
1.267456874854698268e-01 7.660897334981384699e-01 3.244579036201469813e-01 4.825346163835935731e-01 1.581911965428356437e-02 1.200619800288417194e-01 4.184934853757526496e-01
3.953168656792837576e-01 4.561181964148688373e-01 4.430723039108823147e-01 9.287478298209624894e-01 6.663572860718247615e-01 3.970010996176202844e-02 9.604289480353905839e-01
9.888330352154449387e-02 8.004562296004574806e-03 6.750753171391684626e-01 2.578365736081356021e-03 2.118198044013825387e-01 4.891610813365306065e-02 6.426228102404721865e-01
6.280912732787092834e-01 6.986737196612006207e-01 4.778880148118661020e-01 5.331280553026896546e-02 1.698224714954919556e-01 9.092068459176253503e-01 2.455557218906662953e-01
8.052236444981994978e-01 4.149050976662652102e-01 1.266202179728075639e-01 2.425575458693017272e-01 6.961198246762336783e-01 6.497731572705626180e-01 2.936064987559869888e-01
6.576951606663185013e-01 8.296966437464885491e-01 1.921447607554865877e-01 5.273765055576326022e-01 1.699361734047838968e-01 3.489914004489090282e-01 7.739774108669701391e-01
4.690352426721114965e-01 1.739231454134045340e-01 4.701327687585468151e-01 9.847578975128747913e-01 7.612493657913027567e-01 2.879396756662684354e-01 6.369534425101446296e-01
8.646209472812437236e-01 4.314348385301811778e-02 8.827371074872492063e-01 1.963833759630790807e-02 3.382772623670172729e-01 2.034666527492910160e-01 8.745899688164084917e-01
1.064638836941958350e-01 7.219982003292068073e-01 8.633831444804309641e-01 1.806686644999085795e-02 1.440423617119334365e-01 5.591504761226210318e-01 5.403116245169040655e-01
3.824235884567975252e-01 6.419736225154298870e-01 7.086408280285320938e-02 1.941459469068185228e-01 4.063944789392022194e-01 9.472339308904123012e-01 2.169397509839280924e-01
9.039079463780582691e-01 1.556690374511580377e-01 9.390390666719895529e-01 1.581048078750585673e-01 5.705201761862673665e-02 1.413099782078148237e-01 9.901645596729674592e-01
7.828186027634327637e-02 1.145204052839669806e-01 2.512503649133974171e-01 9.577887252770088677e-01 5.483271625016012951e-01 4.771096299591788270e-01 4.084928914236267139e-01
8.631545532392769227e-01 1.104456171019357717e-03 6.702064840376917854e-01 1.251678628745311606e-01 5.846554194170109353e-01 4.316474023832120865e-01 1.680600502769891980e-01
4.832164057686132858e-02 5.644232531317947554e-01 6.351113867282833780e-01 1.170907493974098351e-01 7.816902573559024459e-02 5.326212877826961289e-01 8.445834443031573491e-01
7.027847939059471694e-01 8.488595127221868486e-01 9.299094130438694261e-01 4.684941696892395979e-03 1.746275282064073675e-01 6.778995160133109987e-01 9.980769874253014873e-01
2.103650637359104000e-02 4.822605092758651679e-01 6.571128129647698657e-01 8.830660013268543107e-02 5.605924025014987766e-01 1.057101828361678986e-01 8.942030760301306058e-01
9.429295470923164668e-01 2.222408329806599969e-01 8.467654319140122121e-01 2.461876721679343884e-03 8.342749679521452300e-02 2.153761961651597390e-01 6.787095223955188494e-01
4.000615091166578319e-01 4.525744908867652683e-01 4.538929453503858236e-01 9.795140041493259897e-01 6.212794966516126394e-01 1.782533094434698637e-02 7.871041465739359033e-01
2.856106911173182938e-01 3.845861439181373909e-01 3.700329404306767489e-01 2.812896465167308291e-01 2.861910744926712269e-01 6.895009201057232529e-02 1.707100180127133215e-01
2.879747730668859584e-01 1.661756345894834785e-01 3.770254830637010945e-01 5.614005416007602500e-01 8.638306076408799328e-01 4.062930928300088063e-01 8.848743411622325139e-01
3.168528716085317054e-01 8.305083828835846393e-01 9.983231738476414652e-01 4.726200544052332891e-02 5.692102198993614220e-02 3.129268764118988688e-01 8.974712442243609756e-01
1.629138933597095440e-01 7.587362301071388648e-01 8.868520968580715369e-01 4.056682680871336322e-01 2.135906759006287858e-03 3.079847354386911276e-02 7.005768743060927228e-01
1.451660695376804644e-01 5.141907228449011935e-01 3.984211224170132182e-01 3.355542330085629910e-02 1.578916569145084048e-01 3.338064541333395363e-01 9.915927992049713424e-01
3.352316617714833861e-03 5.145179245313302729e-01 7.135469269254937075e-01 2.577888193544963791e-01 4.256155738449970277e-02 2.167517443820362461e-02 6.529631609768333789e-01
1.043230818929321777e-02 2.696585904976976367e-01 9.876409998438601123e-01 7.131673079946350413e-02 3.782258022215038151e-01 7.249241168703550453e-02 4.486707395402469434e-01
8.734711852507702767e-01 3.169993238131193491e-01 5.313742468447466560e-01 1.685446010514630305e-02 2.466194216640821835e-01 3.505166068795730755e-02 4.164856799952987854e-01
1.754634800126249339e-01 3.534670807552122151e-01 5.074567043159241564e-01 4.631951273704462690e-02 1.237879491791018666e-01 5.340609009507454319e-01 2.695266307409314166e-01
5.359734952790758955e-01 7.344411093549025882e-01 5.842956540160911816e-01 1.850317293686458142e-01 2.700176129857640994e-01 5.150188997421335513e-01 3.662040730431773139e-01
5.213883521629870954e-02 8.051694033456441302e-01 9.096342711339450160e-01 3.539744122508269638e-03 4.143719363928382443e-02 4.306066607911205879e-01 8.647560643774493405e-01
4.768105181448344942e-01 3.841099441930639347e-01 1.540390351296823668e-01 7.598695453503596653e-01 3.277987466915540105e-01 5.361405465487124183e-02 9.505597704119465030e-01
7.116119059843154515e-01 2.525794119667580939e-01 2.662152224548182677e-01 1.347378067000982726e-01 1.156894149654497626e-02 3.591226425098643094e-01 9.218679247520693565e-01
3.094735076209489955e-01 6.625174622759294474e-01 4.711848680261727651e-01 2.512393796359828346e-02 1.286545875024146246e-01 1.695590139993679302e-01 6.685213175987868295e-02
7.398585711760425898e-01 5.254967252672249067e-01 1.794240386490067174e-01 9.190594459672711825e-01 7.890621044379364513e-01 2.262137315753001698e-01 4.505832928782573799e-01
8.610067810808351707e-01 1.861177298982358841e-01 8.195031488584767487e-01 1.946821511808164984e-01 1.258403356115205263e-01 8.441017767296808867e-04 9.340321602975418802e-01
4.446815716071672031e-01 9.218466860143722519e-01 6.414393123150403941e-02 2.008898395919573865e-01 9.057181008388758281e-01 9.855316416112435141e-01 3.425606487678519718e-01
8.282914105307156438e-01 3.316978122469170787e-01 2.386758353637216945e-01 2.943545671836844679e-01 3.328295633140929688e-01 9.862205608109856358e-01 3.736031155411815852e-01
9.314722472128261765e-01 7.303547790620521507e-01 7.117163215678634636e-01 6.694519523930907434e-01 6.195399183831372392e-02 4.224455413657918212e-02 7.750025030998090037e-01
9.028155206407412203e-01 2.564300049593887243e-01 7.926195915137552728e-01 5.717351647627536525e-03 5.830328475739474797e-02 2.122502526412542098e-03 9.878111611022493133e-01
6.513045103473648345e-02 5.461316323278181395e-01 5.791629167218382834e-01 1.791740842695742353e-01 4.307728350842562892e-02 1.621150579371636192e-03 6.677814872628559106e-01
2.329173327915438629e-01 3.184649728047845296e-01 5.206719511942282663e-01 6.126449392351905610e-02 3.101293397866002055e-02 3.081233770678976081e-01 8.037394637483360471e-01
8.533249366634546584e-01 4.539130031125143683e-01 2.425601830031101080e-01 8.553818429671509183e-01 3.491216426516112747e-01 2.626787494485431987e-03 8.276243231969397929e-01
5.657811841273833187e-01 3.002781120210513272e-02 1.991923404895303007e-01 1.251769544386085453e-01 9.374196139080011037e-01 1.212004471655974414e-01 9.205887807923927024e-01
1.213948543606158254e-01 1.946517071324546377e-01 2.562769375778438663e-01 8.864383907000459306e-01 5.240510199465815422e-01 3.475647461768230362e-01 6.741907058936816854e-01
2.885049834442744987e-01 3.519444128471960753e-01 3.531672685348193341e-01 2.483384075104100863e-01 7.212953881129591238e-02 4.298471484158325473e-02 2.469185045056056516e-01
1.338084516681027070e-01 5.016601846467323433e-01 2.287714284351106964e-01 9.678524370465781956e-01 1.979484645158736400e-01 1.626970126309773557e-01 4.921430740097935685e-01
1.610748110105049979e-01 2.171411656728911010e-01 3.278936435086919343e-01 8.830731080931448762e-01 4.786088179238170426e-01 9.782516981598700090e-01 4.773969151388861021e-01
1.635241131517495283e-01 1.219157001287145409e-01 3.450390348288608355e-01 8.706378892367701017e-01 4.525514424800382018e-01 3.696494067947826978e-01 4.871284949607905534e-02
9.684662269691705072e-01 8.300674442821335264e-01 9.393233892120034234e-01 4.127778526649796831e-01 8.788085239184981884e-03 7.502400510904657337e-03 8.459669108863950848e-01
5.173053812258060491e-01 4.177126152490653888e-02 1.253202512499280996e-01 7.157384610354451393e-01 7.224154076944536707e-01 5.414867564344616468e-01 4.466388483704353818e-01
5.562566853439167014e-01 2.612287694722424669e-02 4.662244195139187974e-01 8.774590384415694722e-01 4.200014485616066634e-02 5.309893309046677390e-02 8.879417865262789755e-01
7.325560980790668530e-01 4.121762568033180418e-01 2.688527667429361778e-01 2.562286580902948252e-01 1.512438981768369217e-01 8.911002475885915208e-02 4.063324927239740925e-01
3.614422045298781600e-03 3.233145412244789463e-01 4.560907559086569418e-01 2.038240760341466229e-01 1.949770625702955118e-01 5.387770460801106359e-02 7.723937084721432811e-01
9.296549492789855096e-01 3.437869493487701739e-04 5.701853885690577606e-01 1.425164712701663117e-01 1.090456632785747060e-01 1.286755688183996438e-01 5.637018299694768197e-01
2.687974976570657315e-01 6.705456280290993110e-02 2.030068784409545801e-01 3.582316335168216348e-01 1.133560368952489239e-01 7.311752063105637911e-02 8.773942914607238963e-01
1.251997554822559811e-01 4.635233147051706637e-02 4.882487817639651895e-01 4.300361272527284950e-01 1.080680749153678510e-01 7.053705077908167809e-02 5.662543674922951853e-01
2.336908922027550461e-01 8.275076146995157256e-01 8.607298830015012170e-01 7.163742879106415988e-03 1.982793128233555080e-01 2.031835109983136378e-03 6.706173265998379707e-01
5.006546812936232271e-01 1.522129681692805103e-01 6.201319700329755574e-02 7.606005119171090900e-01 7.384524951937950776e-01 7.386652620154805782e-02 8.035739770494705336e-01
8.589537444965325008e-01 5.200819206255479221e-01 3.213715482082802333e-01 8.997404708002133544e-01 8.589966169002359875e-01 1.218408866025454812e-01 8.206002283992346324e-01
1.024289049495551857e-01 3.584422879471851897e-01 6.327984985823837949e-01 2.153841427844599074e-02 2.988080701462919042e-01 3.080769790921188481e-02 8.201742331455333934e-01
4.991755523904552461e-01 3.705848394980016947e-01 2.722967343332356391e-02 7.362705387687227265e-01 8.810727437217391600e-01 1.522657642873425921e-01 4.336214929189046580e-02
7.148752816828661538e-02 3.954490096265105836e-01 6.899883249755113246e-01 1.707003322044148286e-01 6.063312324434473599e-03 6.623002626929093417e-02 5.630566132750816077e-01
8.321729243049370561e-01 6.070187334959504799e-01 4.235492406907717111e-01 6.110804599075428944e-01 5.849213731740936922e-02 2.456927353592291419e-01 4.092439546576283615e-01
7.936648755421918944e-01 5.423259000175698619e-01 1.486723990558939668e-01 5.713219865342640258e-01 3.768198914207396277e-02 3.838984622028153715e-01 9.137879096411289925e-01
3.248183482964726032e-01 7.417288344458288218e-01 7.057186386158654789e-01 5.999614493216962746e-02 9.284614570299572212e-02 3.741758093677733515e-02 6.016204133847136148e-01
9.645789048562772861e-01 9.165339126338689635e-01 6.049841096303552046e-01 2.709493679262862942e-02 6.439904816583252867e-02 7.129210863693965713e-03 9.994510611829435787e-01
3.022869938362346964e-01 7.763693861731488788e-01 4.843184005645735368e-01 7.674849946312362059e-01 5.354296197906576182e-01 1.888271515552236157e-01 5.685197626749209920e-01
4.959597748835387065e-01 3.134390992007755061e-01 2.076401468846578446e-01 6.535747876831800030e-01 8.826492407620252501e-02 9.152524506110967795e-02 7.648573142996826224e-01
1.102946989669165677e-02 7.134927410717911700e-01 9.909395276454279200e-01 1.021357203533538802e-02 1.560181054639623796e-02 9.715106692978188463e-02 9.921988681894218232e-01
3.364222440614479948e-01 3.452094208147855198e-02 3.288537594315558144e-01 1.695075913281989255e-01 7.353447731395106324e-01 9.997069459379501200e-02 3.977213764174046817e-01
5.225241916300815692e-01 8.116965207106912050e-01 9.101095639092185996e-01 2.485654544835671498e-01 5.630601679445228908e-02 8.070845278155003300e-02 2.447103022007183770e-01
2.498287417866391635e-01 7.387951135324748453e-01 6.540231719959120893e-01 3.931454579211406952e-01 1.120102592328214852e-01 1.005912799649074374e-01 9.132126496098396107e-01
4.876917725175990426e-01 2.389722267077904194e-01 4.908299479670343857e-01 2.177355479819381712e-02 3.408623984208434821e-01 2.202701318728341601e-02 5.929312632607095512e-01
1.312716950513702630e-01 2.217210629299974922e-01 3.087304091858179000e-01 8.953186139907118868e-01 6.983875820331330031e-01 6.633959887653884113e-02 9.182575803394471547e-01
2.220374384982678473e-01 7.408994484707644990e-01 2.740375094733611960e-01 9.520003836767430005e-01 1.233600712159000495e-01 4.686816782431841300e-01 8.897299560502754945e-01
5.960440094782629705e-01 1.787106193099141094e-01 2.619086660836550395e-01 2.675748618282874913e-02 1.092216216208941222e-02 2.151217696393380174e-01 9.185324452451150146e-01
2.856699206139552416e-01 8.653937883482216709e-01 7.813135208366652762e-01 6.247340060963181563e-02 9.761122842700459268e-02 3.212001609090176513e-01 3.623285981225666808e-01
8.539121242316961569e-01 8.061748692525712023e-01 5.899225371946041907e-01 3.761166132452861133e-01 3.147185371181146496e-02 2.148010507479101994e-01 3.434748977856820207e-01
6.223385006791806173e-01 1.487318798992782500e-02 3.179856901094985089e-01 4.439663349104410739e-01 1.408685502611776164e-01 3.855633734683586722e-01 3.652171449091229372e-02
1.068188909536416237e-01 5.785134176092066038e-01 1.638493786691011533e-01 4.803842173854528386e-01 9.123937094551567428e-01 4.566902851233342053e-01 9.444897984550852943e-01
6.290527105441785505e-01 8.443860338298579682e-02 9.155271702774592235e-02 4.134009473219353303e-01 6.235506628996076994e-01 2.652724551391488772e-01 6.784683267155920960e-01
6.770331575284281866e-01 5.686995784209311067e-01 4.767813076096509561e-02 6.185755164068434953e-01 3.449501609760275977e-01 9.341538520092989017e-01 3.388042933593114481e-01
5.961848597045639186e-01 8.251328642966987426e-01 9.622083566919646946e-01 2.120007138758436827e-01 1.895905377361517263e-01 3.559755527612321058e-02 4.801939011623571063e-01
1.143632722087121051e-01 9.244631047457053663e-01 5.056701563800055643e-01 1.058076524036092869e-01 5.361813289166118129e-02 9.262611422799699179e-02 6.363889238272820714e-01
4.690666871328063453e-02 3.738577919819573991e-01 5.883754463978416727e-01 1.802609301183584201e-01 2.290162202416105297e-01 4.258757423618662885e-02 3.932220088575674732e-01
4.041637032618823899e-01 2.930610686285730626e-01 4.352738485006773517e-01 3.129988163571472692e-01 1.197182263704032884e-01 2.957603100536383006e-02 9.590449343421347805e-01
2.592612144142036334e-01 3.600495663148788328e-01 4.363626953777900996e-01 1.451217179687374625e-01 4.267791300762269896e-02 5.010018468878720682e-02 4.591072265101802663e-01
8.938127245670117738e-01 2.715726777337104103e-01 1.779066878258784012e-01 2.397650888356363807e-01 5.534339322496704128e-01 2.092720388100620110e-01 6.960113099134570547e-01
2.783913347714048192e-01 9.585470238737727744e-01 6.420789122782012415e-01 1.488347745334879235e-01 1.918422420429388708e-02 5.158602437615583680e-02 4.698218547979257087e-01
8.471948718332177330e-01 6.154982697594249541e-03 5.119390662491535293e-01 2.203417631318571254e-03 1.332255000068156836e-01 2.863664061940891098e-02 9.154459245983892490e-01
5.914687478501903239e-01 8.412114708214026848e-01 9.329065017838994445e-01 3.627990321493321756e-03 2.807253267469578262e-02 3.545925343397078600e-02 8.653980959343280377e-01
2.265893729674383905e-01 3.027272773415958240e-01 3.311928930646924618e-01 4.324129417135683662e-01 1.608290589941948345e-01 9.726178475394796630e-01 7.381686814609262903e-01
1.646493143705007045e-01 7.369251317403503476e-01 1.538091725313462388e-01 5.695697915825758129e-01 7.288770015093366528e-01 3.702597273964802066e-02 8.915073390423049471e-01
4.417691249065626713e-01 3.365087882909403305e-01 8.123523257539047582e-02 8.171382987325845892e-01 6.105941524630105199e-01 1.560781875275374653e-01 4.018395057706278806e-01
1.671259854038991410e-01 3.423826158561811828e-01 5.751444458120035241e-01 2.722257004129049595e-03 5.570838857023526630e-03 1.300240304040252079e-02 4.289129970125817870e-01
8.262185101833229295e-01 5.882144831193774070e-01 4.713371126363289920e-01 9.927910872028378186e-01 5.301438253192082284e-01 8.251989394417560963e-02 8.080980726150698290e-01
3.934373304535268012e-01 1.635973369031646640e-01 1.891174757463892908e-01 6.357724950974189548e-01 2.199153463407438891e-01 3.610846420565719250e-01 9.277658473490866253e-01
8.100743892553644021e-02 4.253608935414189829e-01 1.254863380595700739e-01 1.479802207801698688e-01 9.210300665358832628e-01 6.355749489896811433e-01 8.980245133337044772e-01
8.184700578704451335e-01 1.967441425473028527e-01 3.290816009065556380e-01 6.669219563125950989e-01 3.659732837832793684e-01 2.787280225491740593e-01 6.840460175689899724e-01
5.481537539442630363e-02 6.827257099442928245e-01 8.440937354196712539e-01 1.070866951619494911e-01 5.678920543395681725e-02 9.338803134815271481e-03 4.475100501406720221e-01
1.865466303020505978e-01 2.975096322539014237e-01 3.802127749507193677e-01 9.363794841397984348e-01 5.312238444120734870e-01 1.190986309133000923e-02 7.448628762206657150e-01
7.731280400018190058e-01 2.687468249868728010e-01 7.084519255251295888e-01 1.650973689869573713e-01 2.679408556959650585e-03 9.733437057207432186e-02 6.291147168306046034e-01
8.154928429885723862e-01 2.772565091281954941e-01 2.623671984507448540e-01 3.633359460401113794e-01 7.792618156067108171e-01 5.119018235701257996e-02 2.496890364886105995e-01
9.436021356471782084e-01 2.160873466984471469e-01 6.140125329367780438e-01 2.759158696125715848e-01 2.005639478908992079e-01 5.159339457112500221e-02 8.422530733256522462e-01
5.196883972019179510e-01 2.407178244144258517e-01 5.102578928969883076e-01 1.701650161520901761e-01 1.097093061593380908e-01 3.065389815726774284e-03 9.408001187781844799e-01
7.078262986463451645e-01 6.917533812010834282e-01 6.008088500163123458e-01 4.262889079633778999e-02 9.858255348826472364e-02 5.121273702895701163e-02 7.635063213503991975e-01
4.734080787923992673e-01 2.108707176141213502e-01 2.731120009244288327e-01 8.905354330145730524e-01 3.461889257708408718e-01 3.051976197185850559e-01 1.705079093999937456e-01
8.684393940942509715e-01 4.632354202309111324e-01 1.658561789456607094e-01 2.278362347873283400e-01 8.211711639212251335e-01 9.542456186033357324e-02 7.773093469944845069e-01
4.877783539394650036e-01 5.418679333249210028e-01 4.170768193863041429e-01 9.788980427568605425e-01 7.253294347993810565e-01 4.862888382588632236e-02 5.044868661510846231e-01
3.957542412804509468e-01 2.313208915830635981e-01 2.708793712399615861e-01 6.052906592034661415e-01 9.067567751721734570e-01 8.677675164755828119e-01 7.233525555165482013e-01
4.410408118708653569e-01 2.180418829312821827e-01 2.737107206707733442e-01 7.392279400603124495e-01 9.702519411448411457e-01 4.153396270548643798e-01 3.834554220233459265e-01
7.625586559894683703e-01 3.693708608834382900e-01 1.077486679515779894e-01 4.732856942706827885e-01 8.080698935929697679e-01 8.673216857474551345e-02 3.207859704714099980e-01
8.343525390691221011e-01 6.117442512608105565e-01 4.491267313074067125e-01 1.182608429073218198e-01 1.919943795426787003e-01 2.663316445480889277e-02 2.931519763059020622e-01
7.643204482440925096e-01 1.319782694972611303e-01 2.234204600682199171e-01 6.958396203044791006e-01 4.042024640278969738e-02 1.773266895017831801e-01 8.260299493128030468e-01
4.295391977046322807e-01 2.393397225332666023e-01 3.145087070861741219e-01 9.069899397599981983e-01 2.524281982173774974e-01 1.773030811753704417e-01 5.844174458397349836e-01
7.496468213544552617e-01 1.123956837992463320e-01 2.163046311917387332e-01 5.272033020638149381e-01 6.272222814554627712e-01 5.942686539433437165e-01 6.327916851745896132e-01
7.680408108500969000e-02 6.280466377998059624e-01 1.375401923450738917e-01 7.669550040347378195e-01 9.256993297409144006e-01 6.639740028528714477e-01 1.345676765172557909e-01
7.272961268390278899e-01 1.508844279647339748e-01 1.354082856943094881e-01 4.868061855901534285e-01 8.701277052651288368e-01 1.405586778080176735e-01 5.934639499619700498e-01
9.680927489336169645e-01 8.888925373078476744e-01 5.500300105001443285e-01 2.223537590324204272e-03 3.191673435189705532e-02 9.770648641736484966e-03 7.987866144653928968e-01
6.687982998844066440e-01 6.866022007599548171e-01 5.793894076937519122e-01 2.546253725560974623e-01 1.326916835962876073e-01 1.866470581762229384e-03 2.020193090769226429e-01
7.807445253829354836e-01 6.652654237307282364e-03 4.373686956314336571e-01 6.140480304268166462e-02 2.035395019521258342e-01 2.111047966873687842e-01 8.715061792394297457e-01
6.182658162270636693e-01 7.157428571682350471e-01 5.984467328878764203e-01 1.355568129806880018e-01 6.186823302494690036e-02 1.125877868090801592e-01 4.084080330060685937e-01
8.992203667802485256e-01 2.343848911394177115e-01 1.271372826961171820e-01 6.244018700772704378e-01 9.533570111400563318e-01 3.168426401248334856e-01 6.415529717756401906e-01
7.495478339244353583e-01 2.588835973102182608e-01 7.121803786437781725e-02 5.974790516510259941e-01 8.891144263045085427e-01 6.641108788580453171e-01 2.077834412541459952e-01
6.309000615908700871e-01 2.568197328306423555e-01 4.062298137124676911e-01 9.458306912246816633e-02 9.666133503587187722e-04 8.474841975709199171e-02 4.182127041873343609e-01
8.090508935087011855e-01 2.007703109088211091e-01 2.577744742348645479e-01 6.914060126153447339e-01 5.770497553248477018e-01 1.315607730045404433e-01 2.740110684837845922e-01
7.056647047390227634e-01 6.057102990082952054e-01 2.114256197008355098e-01 8.733886793756822087e-01 9.334717005680563950e-01 4.508195304097305511e-01 8.775946942152799135e-01
7.531370210042002133e-01 1.032078410620024395e-01 2.576932140677213878e-01 7.766165509390730026e-01 6.633801859816900182e-01 4.602266741853029697e-02 7.857317535353759430e-01
4.858499223158143088e-01 2.995186990806223415e-01 1.387234030881000224e-01 9.176828048761199730e-01 4.673897774149071149e-01 3.475086917920097163e-01 3.914854886077132057e-01
7.297056987334392675e-01 8.648928982445831526e-01 8.771010193831459967e-01 1.046523950874869192e-02 6.718553900265462897e-02 7.440972913710271197e-02 5.174727457336423253e-01
3.164527118900638536e-01 5.931669233805110242e-01 1.699137056876924845e-01 1.710350618988361882e-01 3.096029836628050314e-01 1.874595247677463272e-01 2.911335092426456939e-01
6.009326132450150126e-01 1.654070899416555662e-02 2.550981614139933296e-01 7.165786351862993842e-01 7.651378389206575648e-01 2.316883551329592117e-01 4.322984094986394576e-01
6.354375000422260444e-02 6.393119204087069907e-01 1.196796825969085459e-01 5.754901704041832655e-01 6.170855599855954443e-01 6.451839191964204856e-01 1.813587235513334783e-01
8.554832652198532950e-01 9.842001844219386841e-01 8.377074062857489123e-01 1.697747003870288957e-02 1.181470410420247009e-02 1.114044661482632703e-02 4.893217898509528707e-01
8.736662786792060986e-01 5.121264508713453401e-01 2.833938042887916287e-01 5.315147050789913452e-01 6.801492240540968348e-02 5.847909379993112416e-02 8.623355209696703660e-01
6.238202479043392090e-01 3.061053364304853197e-01 2.165766396164293395e-01 7.495895623667719714e-03 2.077143525724478579e-02 4.231262953439465097e-02 1.663654458948111425e-01
4.551604640706696792e-01 1.731143169927792935e-01 1.455944551874963633e-01 9.661192169205548019e-01 4.799177119238378086e-01 3.542425272615266629e-01 7.302474592476466686e-01
9.231004471118210430e-01 2.114434423820013009e-01 1.997538657349560987e-01 8.068617499947736693e-01 4.184108734457896439e-01 2.024546211389334771e-01 9.871921571400958939e-01
9.398282157943105286e-02 5.967648001481602460e-01 1.555447499225662833e-01 8.509509330416439310e-01 2.986370745764971857e-01 1.842983475480857447e-01 5.607616309490696116e-01
4.873157080106300110e-01 7.689528488078565260e-01 7.659203548131779948e-01 4.991341557119811090e-01 1.014153115238077968e-01 3.158652793690497340e-02 6.181700402332477307e-01
7.787908621477428461e-01 3.300745760641246931e-03 3.089664744535788321e-01 2.983330477724357999e-02 1.566524164928140839e-01 2.491843077180717902e-02 8.501058480928184169e-01
8.159255279749492162e-01 5.081780097910597593e-01 1.617009133123440134e-01 2.140462707856786440e-01 6.295109504226931163e-02 1.023753332624216666e-01 9.052269802478101202e-01
2.586627415891368242e-01 9.065449353942275357e-01 1.495042691008862668e-01 7.452402048980236726e-01 3.717324012859057336e-01 4.159844012177509320e-01 4.878744354738736022e-01
3.428121877568134357e-01 7.968624963663564209e-01 7.229217224170656486e-01 1.233540665040445128e-01 9.757545925101847317e-02 5.280385406599365575e-03 9.330288152493658727e-01
3.091510818705704433e-01 2.447904295431533594e-01 4.853378002103934663e-01 8.246726812902505088e-01 7.406414906830489642e-01 6.345938061497102822e-02 5.338605342145661403e-01
6.446510209115680068e-01 7.518740648846835573e-01 7.239417944131715243e-01 2.774650559355386070e-01 1.448972553255218898e-01 2.787401528454803296e-02 1.310054259447988034e-01
7.115237924491092381e-01 8.986530577237858974e-01 8.040945694736669758e-01 2.911156566701856782e-02 9.652288922491912906e-03 3.538828651068540165e-02 7.356279043531988027e-01
3.723504164389322413e-01 8.053299631666143155e-01 2.670706965157426116e-01 9.999650693655365297e-01 8.524862152976468987e-01 1.368149429799445094e-01 8.891913578183526790e-01
2.398408888206520484e-01 2.704556430971977177e-01 4.612018419379827483e-01 9.999985499793216936e-01 8.969125426195336814e-01 1.409005972213594471e-01 7.382447289420831504e-01
1.242788458629358744e-01 4.245396410674410204e-01 1.832987378683919866e-01 6.379910103022634615e-01 9.217561637433482336e-01 5.151394188181837031e-01 6.868620671311521653e-01
8.814170751279177818e-01 1.700818066224812353e-01 2.453174293920150906e-01 6.704366473577840768e-01 7.756158629516196612e-01 1.106169474404112424e-01 4.532558169901169665e-01
8.944065438620241171e-01 1.566532363596763733e-01 2.141241745930299867e-01 7.462116657587760660e-01 7.569547062167401030e-01 1.892887203890774583e-01 8.799478890206116066e-01
3.157769884887042799e-01 8.383134894266448534e-01 7.980378937832950381e-01 6.542092527148073156e-02 4.399131110898684034e-03 9.112568421840600008e-02 6.169258844697347310e-01
8.090603248860638308e-01 7.662393483843190634e-01 8.915706209401346172e-01 1.133132559736357708e-01 3.859299778169123819e-03 2.107501236228074420e-02 3.595734183574970100e-01
6.887895129941392636e-01 8.356388849282119224e-01 1.551976346259067441e-01 8.873743316308396745e-01 8.113241703056823795e-01 6.493000063015448298e-01 9.112844536234206982e-01
2.179075160182948334e-01 2.864855267431753449e-01 5.485873551100174383e-01 2.437188347554461731e-01 3.020315962803665766e-03 2.693748996584540145e-01 7.708919013212669480e-01
2.644429594070296652e-01 8.760523357880867223e-01 1.104591807015825183e-01 7.047380121402009312e-01 1.427369408414840279e-01 5.053052253396761451e-01 3.152556795618991492e-01
7.711546144070345887e-01 7.582784968868627740e-01 7.809597538023964614e-01 1.484817063331374531e-01 3.165460806625316342e-02 2.012326525984660386e-02 8.842380765714912272e-01
9.193135023581805454e-02 1.517145833172613423e-01 1.144392286535978048e-01 6.918147522498655499e-01 8.389727532155255574e-01 4.956966861715916828e-01 5.462841234325795936e-01
9.660686201624787972e-02 1.098060874358948724e-01 2.969158425802803092e-01 7.442225729385483213e-01 9.286440913790593443e-01 5.214044259140966364e-01 3.691743130482742496e-01
1.752384769381789553e-01 7.603178466738129693e-01 1.417815234472435681e-01 8.084606971358917482e-01 5.082172421395558803e-01 3.322234892264280814e-01 4.457753014050632734e-01
9.023749165335354094e-01 1.477138482020803611e-01 2.749438782258841751e-01 8.992043531283386848e-01 5.554565707235509242e-01 1.047576819423627070e-01 4.081313003680449580e-01
1.675291944323890891e-01 7.651430740759225246e-01 7.921797115659419131e-01 8.641552294561662129e-02 3.458761657695469394e-02 5.127369275108131265e-04 6.714720191456399201e-01
7.010590306756302459e-01 8.335903860592731585e-01 8.347462303034025588e-01 2.492087972416901637e-02 1.695647203692853683e-02 6.008027329687741502e-03 5.103868988222783898e-01
2.947150966264107108e-01 9.790642166728851237e-01 6.346190799781318281e-01 5.920985899539447234e-02 1.975643480730091342e-02 2.632026554428416876e-02 6.640050907705411509e-01
3.773063213004682059e-01 7.870310412572046888e-01 9.724324280272372834e-02 5.427538863386875967e-01 6.464269927776040703e-01 5.588624337672049025e-01 5.252937184836558027e-01
7.973760755202984329e-01 1.002081630551084623e-01 2.960176173394751253e-01 8.193208568201750808e-01 1.480839601407426265e-01 5.013374165026828200e-01 3.348167724207873341e-01
7.580428041631930292e-01 5.363398878559602068e-01 3.127564773508056395e-01 5.646877305718979445e-02 3.451472154408376930e-02 1.688175645090579102e-01 2.141857436496940881e-01
9.312658124044878027e-01 4.060881526419510279e-01 2.743213365665576609e-01 7.476673406308899095e-01 5.968715636009046532e-01 9.518501551636704416e-02 5.700939691822871636e-01
6.373303831220349380e-01 8.330918149451774779e-01 1.290664762515555675e-01 8.631766919824028772e-01 7.042706054416179029e-01 8.090145761404783642e-02 8.474925227571331598e-01
4.620767339266594886e-01 3.641830446936974823e-03 2.592508570718885519e-01 3.544081773455465822e-01 8.625317368420973851e-01 3.594917786534545523e-01 1.200481116485279526e-01
6.629865168104155659e-02 4.750445858923519893e-01 2.873940295064594808e-01 7.507610011584655574e-01 2.378585855989155326e-02 1.009684437775684451e-01 7.800145715985147277e-01
2.330512235985605918e-01 1.729098791396596335e-01 2.292114151540746714e-01 7.990229040607992328e-01 6.460933145939129485e-01 6.316162104939508914e-01 3.402359329737466020e-01
7.889831267888715027e-01 1.371054802502416903e-01 2.547566070593909604e-01 7.572391227868879859e-01 8.994532903480221275e-01 5.816891125770103921e-01 3.654910395503303544e-01
7.766289533615534646e-01 3.856557851874668069e-02 4.346037735211193409e-01 7.416026397153087091e-01 5.963383275139525486e-01 2.010751281860248540e-01 6.269844761322749260e-01
1.426693843693789265e-01 1.267854062900753975e-01 2.894063587087700729e-01 9.459687259997048292e-01 9.946876199885416048e-01 3.718216894516367943e-01 7.033349712502439122e-01
4.136190107165970686e-01 2.409096084624065826e-01 3.552278339638478832e-01 7.652906181193211976e-01 6.458475103084205804e-01 3.817599949549624339e-03 3.031703374807950824e-01
3.439547233157249084e-01 2.200475982308734979e-01 2.393980235291428560e-01 8.510881948141737485e-01 6.535472807659997718e-01 9.739327215093364354e-02 6.100795340469898909e-01
8.355845113334597896e-01 9.936271259336015849e-01 6.307792332441289895e-01 3.810928759023499146e-02 7.134734265902891934e-03 3.120486060451396759e-02 8.349454365512579690e-01
3.660463160267770633e-01 8.403875664025542980e-01 2.820362078193456301e-01 7.274157217094622263e-01 1.964385676894285226e-01 6.250116425696800038e-02 4.043343310506412602e-01
1.464392669838749383e-01 4.717736568167758548e-01 1.753444711938583755e-01 5.111748625159038273e-01 9.669477013353499073e-01 1.191938641179921404e-01 2.002338150570194819e-01
3.490429596399191037e-01 1.574992871208488743e-01 7.987117851946862190e-02 5.603377628238139785e-01 2.970537239615928526e-01 4.240703957162197391e-01 1.499091360201094403e-01
3.481496826125566879e-01 2.224557449956763855e-01 8.433882609323536950e-02 2.733884111069242451e-01 2.067024409731025025e-01 2.601403721080471909e-01 5.831436677786936418e-01
1.881147131206250267e-01 3.660336090478170101e-01 4.955508978570936640e-01 2.773252835789997706e-01 1.136802014997360250e-02 6.948436194635997099e-02 4.938219258776690435e-01
1.234693035835434244e-01 5.036301060477121894e-01 1.947640466406262150e-01 9.299321790053547421e-01 8.887995993191025734e-01 3.171001673893896755e-01 3.511439136732780186e-01
3.051961617803982674e-01 7.618278654171594111e-01 9.208160067497413170e-02 7.463177452082986330e-01 8.457832768648951838e-01 7.982468312752274420e-01 8.172208373963580907e-01
8.697378195532468048e-01 7.389484982700058602e-01 8.285894552658271683e-01 4.081036218401731808e-02 2.641889072414610896e-03 3.226702419414773006e-03 5.041380754635857997e-01
3.366964636559683921e-01 8.212779452590603935e-01 2.518853564452478988e-01 7.672436812884766422e-01 6.568428746551447928e-01 1.668615377840679537e-01 3.018381580181803137e-01
5.196561909119784550e-01 4.170944571261266942e-01 1.107127187510453664e-01 8.319135520856537624e-01 5.846361501616834655e-01 3.713809567204868212e-01 2.832378830352530463e-01
4.828328598149746534e-03 2.661310194050688360e-01 8.432511545332680436e-01 4.487397506042721355e-03 1.827235455898131578e-01 1.928161414565358542e-02 7.424154028191902732e-01
3.032485787170625113e-01 2.861631306476955516e-01 1.620253190531899534e-01 1.776900769081186660e-01 1.453455122189765449e-02 1.719916285293681957e-01 7.021435389070664890e-01
2.184165171509751258e-01 5.655592284671574488e-01 1.546975251333359558e-01 1.591477514214067468e-01 4.910398357636198280e-02 4.166009139389202642e-02 6.823029854228084279e-01
8.802814003442067659e-01 2.403733907470790784e-02 6.310525103687877335e-01 8.450192558500244644e-01 5.923512830665116358e-01 2.733093205286222238e-01 5.733679623375737000e-01
7.073213918317188265e-01 5.943353919223951509e-01 1.298804858054738720e-01 6.612402734186664244e-01 3.362306553681361221e-01 1.240792328064302258e-01 9.820260839590693180e-01
3.871542990545921992e-01 3.792050540886477972e-01 1.484472775173695802e-01 6.629095764526821144e-02 1.846285280506729243e-02 1.744176793089134356e-02 7.434593290740321159e-01
2.136887644015477983e-01 1.732223384802693278e-01 2.234323463941767784e-01 8.315584354143163992e-01 7.480483968738780298e-01 1.775701895541800801e-01 6.297803018623501226e-01
1.799070397550337486e-01 4.279028364420928154e-01 2.398499925805447353e-01 5.992474517729425854e-01 3.393548129139262182e-01 1.453371977881886545e-01 4.167272026083446157e-01
4.525980005346272872e-01 2.840841117863168175e-01 2.023982618110171661e-01 6.778968485143224143e-01 5.021262506646010371e-01 2.501731790827483315e-01 5.512319237557893326e-01
3.361230311490556177e-01 7.854206298049960511e-01 1.732147684955783473e-01 6.147256210914665564e-01 4.278266168227350952e-01 3.471483116985549233e-02 5.788868481022816370e-01
1.701136360914385082e-01 1.897297669950118171e-01 3.444792474592374698e-01 8.059276822602176038e-01 3.586467691247814393e-01 3.094765471311453631e-01 2.266850569683871996e-01
3.871075766283941233e-01 6.511187081606009119e-01 3.283062694283173655e-01 6.587072328432504176e-02 7.020824750225745925e-02 7.305059877663568069e-02 7.975432153336775576e-01
2.712211956227618126e-01 8.623449842061247095e-01 1.321073227012577733e-01 9.450600175381218548e-01 9.665756396209801427e-01 2.038026872271773982e-01 2.110438944883196999e-01
1.285486149257195898e-01 4.899707218425815580e-01 1.841351862731652467e-01 9.474525933972409719e-01 3.158290679845524029e-01 1.599865604828774601e-01 2.513002206767769309e-01
4.944992905378964299e-01 6.211326561732393586e-02 5.553203623783807552e-02 6.609722489059209893e-01 7.785165289714459647e-01 2.724418936187502083e-01 1.291988903496363306e-01
9.336538985739697427e-01 1.050265567916633530e-01 5.850314589038024815e-01 5.310945249447516225e-01 5.498830565015100369e-01 1.695538056228301504e-01 5.317092779041501238e-01
1.727399661151108046e-01 1.581404264954431316e-01 3.323499934618407980e-01 5.704148873992030966e-01 9.546760631615872628e-01 2.790369360035676038e-01 1.958620561383241088e-01
1.741680355304735806e-01 5.553336423814694833e-02 5.008395002807276564e-01 9.954055804583543665e-01 6.117546492859583518e-01 2.163429229877275872e-01 3.920136512229681069e-01
8.773698540347554253e-01 2.193837769475960320e-01 9.491023775875717661e-02 8.241492854448534411e-01 9.780856520063847537e-01 6.289702646328241276e-01 2.829569628793218161e-01
8.372598509163199365e-01 7.441396518257612502e-01 8.419579212738347307e-01 9.579139351431074922e-02 1.542992576088928619e-02 4.924227392468913389e-02 5.052414286939762578e-01
4.773248009615793097e-01 8.281848916200438282e-01 1.549674900007037281e-01 6.123245306679898636e-01 4.022853580664899065e-01 2.133035250207771238e-01 6.246679705784816683e-01
4.783340825137274988e-01 8.429456658093075205e-01 1.996708810796360978e-01 4.838908472507310043e-01 3.022688304121085578e-01 2.429951603173165914e-02 8.158370765056518481e-01
9.627742782518822207e-01 1.353255345876267501e-01 4.216957714758602926e-01 8.216233131245666010e-01 6.666078917575301022e-01 1.382805170945662077e-01 2.739140324463716913e-01
3.697268128106294682e-01 8.121652467226855299e-01 2.097883914859751953e-01 9.756425004766137166e-01 5.104488376157593210e-01 5.034142002323164222e-01 4.796697734504974941e-01
9.580685028795187241e-01 5.841591289600084336e-01 8.811114263362737065e-01 1.011601817871763016e-02 2.642958596534396298e-02 2.390966868097906678e-02 5.972493328632034748e-01
1.483259438663584451e-01 1.059508589370535964e-01 4.783491348192107639e-01 9.696307027136974455e-01 6.703107595453573486e-01 3.432463987980208797e-01 4.116866391304099815e-01
4.279117260810551548e-01 8.020251604488165542e-01 1.220574495909895890e-01 9.474414424721948613e-01 9.053827942796015549e-01 4.369578185001336545e-01 1.194918470195827781e-01
3.310982527363471456e-02 5.425416243122118676e-01 3.271128839483842810e-01 5.222364785783618624e-01 1.831047058192618593e-01 2.617252399051069739e-02 1.978864299076098510e-01
4.586398197778024377e-01 2.209901185371219712e-01 2.946465993035164432e-01 9.653545837363044502e-01 4.969314840370645525e-01 9.333805565700814544e-02 3.482402368910616497e-01
1.389629492933412425e-01 3.777239735964155187e-01 5.563397361551936093e-01 1.966909090443121066e-02 9.304542083101373373e-02 1.973579104176580862e-02 3.068108815285511826e-01
