6.454439673086544982e-01 6.296624109450886797e-01 2.204332741392427408e-01 1.332412397591658526e-01 4.231589396132492409e-01 4.057670572847888457e-01 5.041264931428510732e-01
8.519989324364154459e-01 5.518879068497168916e-01 8.343552286260788042e-01 5.769558476473964914e-01 3.567586225325509730e-01 1.792259551526123040e-01 9.786843983042405881e-01
8.343587563960832565e-01 9.521489584250311111e-01 6.906351871312912394e-01 2.737553224076979541e-01 5.873386841796901514e-01 8.675118970330211732e-02 4.388289107047336768e-01
4.166802475692627517e-01 5.847196452472267492e-01 8.310983819731339040e-01 7.023047669745012822e-01 1.132964981406248128e-04 1.451667198543201975e-01 5.428332954862227222e-01
1.372514149823518270e-01 8.567996041085725878e-01 9.221728136323896763e-01 2.121674189187770093e-02 8.325981259550402358e-01 8.894257396534031024e-01 8.891658590005973029e-01
8.314360991160258951e-01 6.721894670438151032e-01 7.635673936521647498e-01 4.367581801383607076e-01 4.120297964486500653e-01 2.724940175281029275e-01 4.822221739650643935e-01
9.527905024000389300e-01 5.580906532683105326e-01 4.331337083379644959e-01 1.737389802719158105e-01 3.231055102365928411e-01 8.166242288836422780e-02 3.395141919220581173e-01
3.649307590699749082e-01 7.347523728035777468e-01 7.530615603399060110e-01 3.437817068474645077e-01 9.692286848708930869e-02 1.008410490488739486e-01 5.684278616768083658e-01
4.493097823605940455e-02 9.506292393573763100e-01 3.592562109503901757e-01 2.986162020124992766e-01 5.468942732360525527e-01 3.026241371521964929e-03 4.917611512117877615e-01
8.668539071792166206e-01 7.574723061236473542e-01 9.380546701772892737e-01 7.966791995110293900e-01 1.044327710335721804e-01 9.505480644084263186e-02 4.454724619202058422e-01
8.588511983607267641e-01 3.130319374825238921e-01 8.880064709503641129e-01 5.828376572970144220e-01 1.782080992167750233e-01 6.966766777449604486e-01 2.186154895912468810e-01
3.635407644367294466e-02 6.177883586040202601e-01 6.504336108747841294e-01 1.533784750918758544e-01 1.723059089106664110e-01 9.716480894870367369e-01 9.042216966759535346e-01
9.597139193432352444e-02 6.412717041956437214e-01 7.627746052213906225e-01 8.873616175909494475e-01 4.327204950996115240e-01 3.837840197852693258e-02 8.271495205221754965e-01
9.517746512799966085e-01 9.681843013565616385e-01 1.568458189743041631e-01 2.635503400520594619e-01 9.844011430418687647e-01 1.011361832129566984e-01 5.118258466128733364e-01
6.214081486339582128e-01 4.076217813069295537e-01 7.639569569366367885e-01 1.072569515947321417e-01 9.208043775897899186e-02 1.403964281585725893e-01 9.746940807249651617e-02
9.493140111593807440e-01 9.981969021167926837e-01 7.480102126791600137e-01 1.945973333050684262e-01 2.247285688688714089e-01 4.268094157435672886e-01 3.958716062183203488e-01
7.238605882806895542e-01 6.460758469360663447e-01 7.847243430978139145e-01 3.309401095470811960e-01 1.656456008110455125e-01 3.707633258778381125e-01 9.329599439834226349e-01
8.115998329983280524e-01 8.061816503046670412e-01 8.820328445589848965e-01 1.793230510528289745e-01 1.219995788303847584e-01 8.329820686790463391e-01 9.081329487112069776e-01
5.512621525020273694e-01 9.284253904234049948e-01 7.879194505320236130e-01 3.700956246199617050e-01 7.084421628432491236e-01 1.782640005514096737e-02 9.315428479344443069e-01
6.365554700222744167e-01 9.013486957396875665e-01 9.039373801555616872e-01 4.234386926932827144e-01 5.599910814341746423e-01 1.128790244749435512e-01 1.035758072207113856e-01
9.182890980977143069e-01 8.885445898096393513e-01 5.725492597984873644e-01 6.246691728372777419e-03 4.356878638476806564e-01 4.721171406780717561e-01 7.348701213823849443e-01
3.125227418273945901e-01 6.126415194470935521e-01 5.999866246911167433e-01 1.270802855762030448e-01 8.157421247803675612e-01 5.400694569624231445e-02 2.867636364423377660e-01
7.132681550588368946e-01 3.516483541241876010e-01 9.893736245450883704e-01 1.307631086964786971e-01 1.608807512890199631e-01 1.662685302482869165e-02 1.314965023968711622e-01
4.063553405229254345e-01 5.544698781197381354e-01 3.850935246739377593e-01 9.354753352036702108e-01 3.583644902502525209e-01 1.036125053984165434e-01 8.737582334260618477e-01
1.039607154985849047e-01 5.915863294772309988e-01 6.925573929721124955e-01 2.527837378772667676e-01 2.577116184398406951e-01 1.944495141657591741e-01 7.413262557534900932e-01
8.804404321099419395e-01 4.182063590645162532e-01 5.336144748446036701e-01 4.301244896616892577e-01 2.551157217219658380e-01 1.383745373204199325e-01 4.037021792134452558e-01
5.677430304370110203e-01 9.464872904230374751e-01 9.700345495285254138e-01 2.314184452360634747e-02 4.553317626214647973e-01 1.060006851496527736e-01 7.025091257026879754e-01
6.970479780638862977e-01 2.748516322013363489e-01 5.928662664538474347e-01 9.615965257844489855e-01 4.515344588796258440e-01 3.166694893288239665e-02 3.391757589083264079e-01
1.499529847037102681e-01 9.876460127125734623e-01 1.908252576477678097e-01 5.544980849281649915e-03 6.031668076808303081e-01 1.015462223224607996e-01 8.079194013653985262e-01
2.712218871773399709e-01 6.520393574416000204e-01 8.980227731819656611e-01 2.628917996565119930e-01 2.293517164346481618e-01 5.228317407887433932e-02 5.084745375438891601e-01
2.364215823115778381e-01 5.290845221185840330e-01 4.469072537775471976e-01 6.279845929361406176e-01 5.241945591258847514e-01 2.060118525660544625e-02 5.082909246933076108e-01
7.953870668161592272e-01 2.243668847818424128e-01 8.304511570471211357e-01 4.718279913238850320e-01 8.773376653974962469e-02 6.161415787654114240e-01 6.851438307071526790e-01
6.740287949469808693e-02 9.790193352449736430e-01 7.791768401593248683e-01 1.080497576387386971e-01 7.554285137011653717e-01 2.150621464474874456e-01 4.638644169853056165e-01
6.959987122738209298e-03 8.876992652768318504e-01 3.282473868573136944e-01 2.176794907334149709e-01 1.031996032506027339e-01 7.456452477034456461e-01 8.188670292447732812e-01
3.611600278159114996e-01 8.830599897031596868e-01 9.137544398806602963e-01 5.806494284907777192e-01 5.649356404099165063e-03 8.655469082301892048e-02 5.787021497253193036e-01
6.040251355086651008e-01 1.893870374736206508e-01 9.592167361224835931e-01 8.482480866864265945e-01 5.818576333502556430e-02 2.435087390455383805e-01 6.162108773686467700e-01
4.865200752355420266e-01 9.439724171390804219e-01 7.694716854196834710e-01 1.623397362939789090e-01 1.093302296900733328e-02 1.130571379805299093e-01 4.061356771979342528e-01
8.349574133204792359e-01 6.135571288827592618e-01 4.054480955937578290e-01 1.076558357280745226e-01 3.437841078686612040e-01 7.518516959669072075e-02 8.221864610886697733e-03
1.446903863233379439e-01 5.089154224355016964e-01 9.316533779150308892e-01 6.008397042090312112e-01 2.744936700537117247e-01 8.231622727544765650e-02 9.240125139362644902e-01
4.276990041044954616e-01 4.939136446196646935e-01 2.885186317489129015e-01 8.062450653429533709e-01 6.077385250107671111e-02 3.595090026548930506e-02 1.904576785483231838e-01
7.049576486547626253e-02 5.630157150835836122e-01 4.637262212507016479e-02 6.503564006229666239e-01 7.921346400603361815e-01 1.900400959009106439e-01 5.690730823871262833e-01
7.461122416437198090e-01 7.094867506336779428e-01 3.830468043750655527e-01 1.364390164872062994e-01 5.965328829684424239e-02 7.999974117249237793e-01 4.984418661340337398e-01
6.062870354014047169e-01 2.715800828992883109e-01 8.039744232528538426e-01 9.318297394709454951e-01 7.994700423595570982e-01 2.883165655762885971e-01 8.143055990049885562e-01
2.457597620914848124e-01 8.989647446933290986e-01 9.725270485346080296e-01 1.031331435911297806e-01 6.297804749253523848e-01 3.681590492687258909e-02 2.129136148584076516e-01
8.758202915885211493e-01 4.192651116543955059e-01 8.977345053164037525e-01 4.899371626661480628e-01 2.300702794507717419e-01 8.360064827052815506e-03 8.069016975480276521e-01
1.934599798595610654e-01 1.566462121692717979e-01 6.247528082989010079e-01 3.961807108511627429e-01 3.906279659562905682e-01 5.325978931716920384e-01 7.968677787244700106e-01
6.063437116823388040e-01 3.933216476846917997e-01 8.629527743330958622e-02 8.409528913636177272e-01 4.584413639654532080e-01 4.321132643204483870e-02 5.940001239197300054e-01
7.124524510787964005e-01 6.421686810650084620e-01 1.471739417693437302e-01 9.449063562237522973e-01 3.373009167719418500e-01 8.809885496173310848e-01 9.448277384323771066e-01
1.916967411775783448e-01 8.967680890382243586e-01 4.594872880292260042e-01 1.639693450674591935e-01 3.275908780613843163e-01 2.609554796237046892e-01 3.968323390354347446e-01
1.552329302886656937e-01 8.352970306726987815e-01 7.074792094008416354e-01 1.720334812044956863e-01 8.508616590838613547e-02 5.892239635646623341e-01 6.856533546137126844e-01
4.748016590793112668e-01 4.517330963042135439e-01 2.981119991883125486e-01 7.439929061207650740e-01 4.159394258406169942e-01 5.507219888028739296e-01 2.050797032525334684e-01
1.291203125428088683e-01 7.924262925455264339e-01 9.820993161243664060e-01 3.474695581006376210e-01 1.992432664402898901e-02 3.285795875593282567e-01 5.526474465874502418e-01
1.430990792003651313e-01 3.071283888154261454e-01 5.438899768803533430e-01 5.970453602527210357e-01 4.448841049782686907e-02 8.657883466196836242e-02 9.912274280174471208e-01
1.477289334073881300e-01 6.244005100772405115e-01 7.349717126365339359e-01 1.452115324638788008e-01 3.728885594038117701e-01 1.807704649779700579e-01 8.132358925123226445e-01
2.418095692846877753e-01 5.854909778672675591e-01 7.269597564500671627e-01 9.442469519226583952e-01 5.243422050496323594e-01 1.532289265380236964e-01 3.274027506992620573e-01
9.569382090156319798e-01 7.626320290627622844e-01 4.500581843737155308e-01 1.551142560481586496e-01 4.356153942732881590e-01 3.867610407984234389e-02 4.303642338891884300e-01
4.134390695418441730e-01 6.361362426033745354e-01 1.424626519459349649e-01 5.247642400979614097e-01 4.968511994898171524e-01 5.320424425766867582e-02 7.920348708210818156e-01
5.799386532110225589e-01 5.171038455455968519e-01 1.774505319586632268e-01 9.349027291176610355e-01 3.176962759931134528e-01 8.759841756918991251e-01 8.539283823434118403e-01
1.669977914768292493e-01 4.952741255897712414e-01 7.297871292055601034e-01 3.665362315829683859e-01 3.009174951760287264e-01 2.351507292432941654e-02 6.563704037180899675e-01
1.046446017695978614e-01 1.466152878166690487e-01 9.616948082605203396e-01 2.098389084823099049e-03 2.582721014607205490e-01 4.910347555041143508e-01 4.554384492937997297e-01
8.823898487696120174e-01 9.980530311932955811e-01 5.869071263250831283e-01 1.790479972103353745e-03 8.377016436242497033e-01 9.906470038355552621e-02 4.545954971322636595e-01
1.378737040934430447e-01 5.166764655391059557e-02 1.320663543696746212e-01 4.090493800040931882e-01 6.449321108383554435e-02 2.395748996061990155e-01 6.297151871647823640e-01
3.986890557753047792e-01 8.930918620180183787e-01 9.164809734661374385e-01 4.214969071026293257e-01 2.241512675649111053e-01 3.917417512973564442e-02 5.019684476721937294e-01
1.312495867632155200e-01 9.069868522174873160e-01 5.529602986701912526e-01 2.141366587135146160e-02 4.331239298819457018e-01 9.011449904322137161e-02 6.183000978097268341e-01
3.085685307665579913e-01 2.159088839444044394e-01 2.101109422466735516e-02 8.360602090974127432e-01 9.535676693509629320e-01 9.484485939793652065e-01 7.140627082859996033e-01
6.309596894620084218e-02 7.246718218919141474e-01 8.191113597351361575e-01 1.632430841050862003e-01 1.202992285376142112e-02 4.569079946791398950e-01 9.236880508351879016e-01
1.319008396650577231e-01 7.763323766914941304e-01 1.042938497099465123e-01 7.216325752830911044e-01 4.336112359492569901e-01 4.978130773768452144e-01 1.754742887351135039e-02
2.061777155693015895e-01 1.849390434125281757e-01 8.112940773057988331e-01 2.879450184488530073e-01 2.999856834051131127e-01 8.708886834858026171e-02 4.743856730903428520e-01
6.282730748608145177e-02 6.169064324739519378e-01 8.256497912401730144e-01 1.399759728366625211e-01 2.269868570825548382e-01 8.489500378176861872e-02 5.798320066402657957e-01
7.582470336397260091e-01 5.370594126477570285e-01 4.156972762670092802e-02 4.874372582016713862e-01 8.500048984233758986e-01 9.142304289210867463e-02 3.357889392204121970e-01
1.045115536546461499e-01 3.563092517637445056e-02 4.018683317707114622e-01 3.242590024002289795e-01 7.246668936600192401e-01 5.329680847184216086e-01 1.132223588911079881e-01
8.119285862268067477e-01 9.514210592745581119e-01 6.174070525324415470e-01 8.216743647922708504e-02 2.939060281540306629e-01 3.343873104034283394e-01 3.985562926254861971e-01
2.179140047624666954e-02 8.268225461993815584e-01 7.178526679990497872e-01 1.310593422908030714e-01 1.211556508367147011e-01 4.761113094378954802e-01 4.241938949621957833e-01
1.530392081233677981e-02 4.337188756877027873e-01 4.216821449460158577e-01 1.046011650190776243e-01 3.156987629658339345e-03 2.322167814313725875e-01 5.409892754565793771e-01
5.664440639352746887e-01 3.148041372713247243e-01 6.772691199417486541e-01 8.669928922272831517e-01 8.613106468018987272e-01 9.415675473126935424e-01 7.156379419388747554e-01
7.019320108900592992e-01 8.536903948615222060e-01 7.062602040082381905e-01 1.703848375576986207e-01 1.938089487247134923e-01 2.697434118419321791e-01 7.804875597291993650e-01
9.734336291584900769e-01 8.566819131031698786e-01 6.976053528842900420e-01 3.944180883966003082e-02 1.244735710342898538e-01 3.881505224664427711e-01 6.696004777966093613e-01
6.860436008655543816e-01 2.316045702767577374e-01 1.398519347426970816e-01 6.760225000062702883e-01 3.376355852193932972e-01 2.752330273402773392e-03 3.905318111051366836e-01
1.696852410322879923e-01 3.101400198130637720e-01 7.241823484259636290e-01 4.092455628142792623e-01 1.918427269912750255e-01 2.118768477094323810e-02 7.358370130914020368e-01
4.314012573981659271e-01 4.437166389419159307e-01 5.694882198459286227e-02 8.605911270846887673e-01 2.694751075831155473e-01 9.245800046970764630e-01 4.204435473041501226e-03
5.914140526220040828e-01 1.374285758409738434e-01 7.623996624848503600e-01 2.580175708153957803e-01 3.762060186874903733e-01 1.787201084333656098e-01 8.933554706334798645e-01
3.917776231868678738e-01 2.340209970956561025e-01 4.276398146496280805e-01 4.947668669939033759e-01 1.389897251398388989e-01 3.954228211861267051e-01 5.210236395620616578e-01
7.732484364561134083e-01 2.907560191760099055e-01 8.217067183361164151e-01 8.619230247409915835e-01 7.541080794642223140e-01 6.930842138437443012e-02 8.075999104080844315e-01
4.735417916556229345e-01 1.897278376536208344e-01 8.282712823293720827e-01 8.889262524391203790e-01 3.559260372168226993e-01 1.030997723210274192e-01 2.312942026459878508e-02
6.889130622665078363e-01 8.765920448634094697e-01 8.473850476011557387e-02 1.988166162816547011e-01 8.547829262611323919e-01 8.770172653273100583e-02 4.558454948931240369e-01
7.602460655190266259e-01 2.732281289061688767e-01 9.366282786633152169e-01 8.810891849277514565e-01 3.144743453834998315e-01 2.146318055525320290e-02 3.775247104986654278e-01
4.819549216436400108e-01 8.933714932893170868e-01 4.299892643227520850e-02 2.756001237930084669e-01 8.923394247528396717e-01 9.255047507554150510e-01 3.785077150262172729e-01
5.581336461448965780e-01 1.858074100546772134e-01 8.674155034839228229e-01 9.706368397886863120e-01 7.707555623586466176e-01 1.520408992172658791e-01 4.003437388006336750e-01
5.380661326210385287e-01 9.465130496787854675e-02 3.588771719579486597e-01 7.186614383206060275e-01 9.729716505040864050e-02 1.153999358473323800e-01 5.028705453083957000e-01
6.521601804324587137e-01 1.791986932722797188e-02 1.034353612824895907e-01 2.329965799691471606e-01 7.634889645415847692e-01 1.469675948490478667e-02 6.631364529659844465e-01
4.817119508233130842e-01 5.097077046618117002e-01 9.516571142148446683e-01 8.892860873359643703e-01 1.911191594299800900e-01 1.064869013288705091e-02 6.930759822450649477e-02
2.088652808262601857e-01 1.284930792695815338e-03 2.178347986897803956e-01 3.385167734505376003e-01 3.831306202574826236e-01 3.610220425836649372e-01 2.150389728644851450e-01
1.473981559792982288e-01 3.287309261902021662e-01 2.545830367411905382e-02 8.391083753360250030e-01 4.039669736785254095e-01 5.060880137540126888e-01 2.592185028896693000e-01
4.945701524595180198e-01 3.121627643996616186e-02 1.988502033171773986e-01 2.363455371946021621e-01 3.856794586611129172e-01 4.513240455630997960e-01 3.748894083522968379e-01
6.831305193848256074e-01 9.692982931836495730e-01 4.055591866429333336e-01 1.794741548041955959e-02 4.826173645147593394e-01 1.542794425255133994e-02 4.615732390313997402e-01
8.755819046603710021e-01 4.033022526664404861e-01 4.764252921211542535e-01 4.055225668384729865e-01 4.894095074106711296e-01 5.473654548092454775e-03 1.732388494055876471e-01
2.536533560726131342e-02 3.662388126275701317e-01 8.702668766501373554e-01 8.014740487180040951e-01 6.585922468234733929e-02 9.418501229677855857e-02 4.401597733097619702e-01
3.364127848243747554e-02 9.350468733364595275e-01 7.955616743296780591e-01 3.102950038394912680e-01 1.608053722108221950e-01 7.579365440168461809e-04 4.891526151995989058e-01
9.681899520224976907e-01 9.390826312031047562e-02 3.831008260639479079e-02 1.188755302050836793e-02 1.008734754418755264e-01 3.797130668393113306e-01 8.225909034923916119e-01
9.846237673318585237e-01 2.785911777836203029e-02 3.881084622816836638e-01 5.582045808966960010e-01 7.647930533516027474e-01 1.309089432854632085e-01 7.510297406677590715e-01
4.983688111248674169e-02 1.476301600728279206e-01 7.932404697143241590e-02 8.021352168114486147e-01 1.715144448650480213e-01 5.411399910419371073e-01 8.268720644829499200e-01
7.637934062572124816e-01 7.988037478504632638e-01 5.416252207963860865e-01 1.187114880561513375e-01 1.788172828285001792e-01 8.752150191082330721e-02 9.249759651857490939e-01
7.244994711432619638e-01 1.703498680203964222e-01 8.362644448473021130e-01 5.577398740845734837e-01 3.140668894337350636e-01 1.135271709355479830e-01 4.642233496183767461e-01
6.486162424147317029e-01 1.084944868663630935e-01 2.920728489125357097e-01 3.635799728700114808e-02 6.650646638459813964e-01 6.243626994180895284e-01 3.540151969091325235e-01
3.234438671475441396e-01 8.176653235295824329e-01 6.312192849880431389e-01 1.231836853810590326e-01 3.263894583486410816e-01 5.918938473926427246e-02 7.772921914365831242e-01
1.408373461660417381e-01 7.355606996513717188e-01 7.324026631168573109e-03 9.007969269826585634e-01 8.397755147013729049e-01 8.930470319150094483e-01 1.876498030461558608e-01
9.261293540651455158e-01 5.822586228181531043e-02 1.980263794216036155e-01 5.669727245193303400e-01 1.773615100458897365e-03 2.352403414116465141e-01 8.154107978679987490e-01
9.293910375596720064e-01 9.008982785353464307e-01 6.956000591193498561e-01 3.938100663758492548e-01 2.468067836759929579e-02 1.782781641264019612e-02 1.686700144982817839e-01
2.335940569562479086e-01 2.924016878536135344e-01 5.340459663033141763e-02 4.935805402598235636e-01 2.249119608094859446e-01 5.126111491288223299e-01 4.054020651952839893e-01
2.235217012944226700e-01 8.994385957139119370e-01 8.563340602060305340e-01 1.794257711119036092e-01 1.231908505305945312e-02 3.229404487064729823e-01 8.295766085245057653e-01
5.533116720979520675e-01 5.641528775886475167e-01 2.338325823051126406e-01 9.650371622992381937e-01 4.167800394606968606e-01 6.598162504570681541e-02 5.060114255950516338e-01
1.004337593164844056e-01 3.644816151357069267e-02 2.011091711597816079e-01 5.294297972443930966e-01 6.016285735546222924e-02 8.622411191250025642e-01 2.850900949824596298e-01
5.213444365946581227e-01 1.847179386095401665e-01 4.123615903197764831e-01 4.388731376081533853e-01 2.322978873911636377e-01 8.445510663947231045e-02 7.139869766058628553e-01
7.619620023451212365e-01 3.464777971296324477e-01 3.510156279646702293e-01 1.290501403436572214e-01 4.917590318733960908e-01 3.036905829303667148e-01 4.421973093938578181e-01
9.842842330102112847e-01 6.268085520798718502e-01 4.478817814460797631e-02 5.421015150652106485e-01 3.019233444237462427e-03 6.060391785189160885e-01 4.384417981517656493e-01
2.495147534691367630e-01 1.623939916707972664e-01 6.640323915856576331e-01 2.682947720251402379e-01 1.242419622822974468e-01 2.822871626927647148e-01 1.906028947688446773e-01
2.461141604308962616e-01 1.201355112830782557e-01 2.585359706245026201e-01 9.748790729889154072e-01 7.795078942797077914e-01 7.580620476942816488e-01 1.533600036480624040e-01
9.994565547701572683e-01 2.889292604950934318e-01 2.007566098286679146e-01 3.062826238574977156e-01 1.386320547084379240e-01 6.817491102957013993e-01 7.430066276854078167e-01
4.272279715864845118e-01 2.061224232000620493e-02 1.606072875570563330e-01 7.413139546646396738e-02 1.247380988746580321e-01 8.105136217103653395e-01 4.509226570645132881e-01
9.031162595779589353e-01 5.958972172576841864e-01 6.268162479433722067e-01 2.808636732964798211e-01 2.287489830199096186e-01 1.492645478686083216e-02 8.398181818673036148e-01
5.005052769080944319e-01 2.765201814278861470e-01 8.168172335966543685e-01 9.728124572986260876e-01 8.698994018437479214e-01 1.473515265264002672e-01 4.297240783760584160e-01
7.732883232211067159e-02 1.934475455598868021e-01 2.572159498226869734e-02 3.279719783982992243e-01 9.140862207100675096e-01 6.456249856470455128e-01 3.372274257635836658e-01
4.051562356276164345e-01 4.016113187430100928e-02 4.816411125356750977e-02 2.264137105323759946e-01 6.135869035115898429e-01 6.372639540222584387e-01 5.482879959072006759e-01
1.696181809290192577e-01 7.362728697759804430e-02 5.774032563886657976e-03 8.893487388410821204e-01 2.606211536001656892e-03 4.282679053217555709e-01 9.726675096961165945e-01
3.966971419069451610e-01 7.508318123526636079e-02 5.330493970154015493e-02 7.787230732625916030e-01 7.564816060175338919e-01 1.062248255610149794e-01 4.887923651682292148e-01
8.636988710805713065e-01 3.204163981468192146e-01 1.056038136171831010e-01 7.919652804000327784e-01 9.476675355942698609e-01 9.350245846532216909e-01 1.406825659159643971e-01
5.504248449993324188e-01 4.613184842086650583e-01 4.220812844871213443e-02 9.875131403257157992e-01 3.008448168479691542e-01 2.986273816021398630e-01 3.870852267280964210e-01
5.875534851522699054e-01 1.666184398600785710e-01 6.300438392977817381e-01 9.937492914118424281e-01 1.196719491137836489e-01 1.376614808805420864e-01 3.156991010137819575e-01
3.613706241859993007e-02 3.955831831861530978e-01 2.916372398195055116e-02 7.683080218015702068e-01 3.754743827604558049e-01 4.322593846489282132e-01 2.543941106302297639e-01
9.371560984131006578e-01 4.901263786253894361e-01 6.798354297982580619e-01 5.241585408260653889e-01 2.150606159944964402e-01 1.287071558176577923e-02 8.052618705320240267e-01
4.084924316584330195e-01 3.459194901725732851e-01 6.683215118202250338e-01 9.491797328978881509e-01 6.180215882573436570e-01 4.153712518528589470e-01 2.772696443140899580e-01
1.413556206754793543e-01 9.178586331766611095e-02 5.609532687153888642e-01 2.203727540777712379e-01 3.568094001698761675e-01 2.360081621617603487e-01 4.777525514072424873e-01
9.043461795867469011e-01 6.210212835083205318e-01 6.173212351140107135e-01 5.455828323369988908e-01 5.500310333181968048e-02 6.512596688973915082e-03 5.359938165384797726e-02
8.475016417428071769e-01 9.975975463466246751e-01 6.499758209709438628e-02 3.507355450506616928e-02 1.897489168755843725e-01 9.856882890727397539e-01 4.831566142170093947e-01
6.026033089544322596e-01 1.814976890168751855e-01 3.275662168949338149e-01 9.329049221465371966e-01 4.822498893385740448e-02 9.296619549139741867e-01 6.474751106017595514e-01
5.060746363283763483e-01 1.169463835807219160e-01 1.023469055708277620e-01 7.838294603613791267e-01 6.268648552814276576e-01 1.327516413781663074e-01 5.770528761368467485e-01
1.032851685540595449e-01 7.182156275672408885e-01 9.924589765492226601e-01 2.477582328430899539e-01 8.770224493928502341e-02 9.238997650678290596e-02 6.660518201151294226e-01
9.636834897935400157e-01 8.374678709035283664e-01 3.423280452760782411e-01 2.279408248250841540e-02 4.380966121477070652e-01 1.336011121377245203e-01 6.433108149267297016e-02
3.820017437972395014e-02 7.649247076745831209e-02 4.692846804974767361e-01 6.286167953373422712e-02 5.338047168414308263e-01 9.819150720654574727e-01 2.595230513633384195e-01
8.217759875434405004e-01 5.282294493648314049e-01 5.143192754790182342e-01 6.931405933104852757e-01 2.080174014407578653e-01 2.670296049641132652e-02 6.940763652901908998e-01
5.135611520585485756e-01 2.592055378125263099e-01 9.735141281476491493e-01 9.939436273706390157e-01 8.537890310943652139e-02 1.211502356443595607e-01 5.844586732526224626e-01
3.371731735715136624e-01 2.541640078469236119e-01 5.536651076314573761e-01 1.441365678022183960e-01 8.880465109779909216e-01 3.801836519569699036e-01 7.682062820664889990e-01
1.185153831834051541e-01 7.821935868946267023e-01 9.361802979206435005e-01 2.906074946800051018e-02 3.233623585945531731e-02 2.409264866242983028e-01 5.740706245103354144e-01
3.319364282103052788e-01 4.427119479793876211e-01 5.991250231981228025e-02 6.573286444415826768e-02 2.632328363086491874e-02 7.382089676902916509e-01 9.355953071510383356e-01
9.290995291636490183e-01 8.496133106598805496e-01 8.297934552233545702e-01 1.220490670356129126e-01 2.791650108206303882e-01 7.717349974870757467e-02 8.555066057187383777e-01
7.285093008203769038e-01 2.980710792137825083e-02 8.560951391158783119e-02 9.840531209351577324e-01 5.195960514569759603e-01 5.796824118353038902e-01 5.893885390552980885e-01
5.196802363085983867e-01 1.386685654142238988e-02 1.860715595256983157e-01 1.312801400328857948e-01 8.563197629514016640e-01 3.603248181982319220e-01 3.714207763555977815e-01
8.418231664871653752e-01 9.899104638714090187e-01 1.103135526937730759e-01 1.558002752519966894e-01 2.939770653648141052e-01 2.747924253521993876e-02 7.016847799666667829e-01
7.717002844325315802e-01 6.784552754618372594e-02 7.426624000425470218e-01 2.387493248230461440e-01 3.400191196904656654e-01 6.263066509969306139e-01 9.398565384275098245e-01
9.969629877486674285e-01 9.139968706416463640e-01 2.356650042127231559e-01 2.034903163598622555e-01 7.314813913040360549e-02 9.595675211172501051e-02 2.512713714924479369e-01
4.755120618719906878e-01 1.306944986875761272e-01 8.470009140560997851e-01 1.808334599230323469e-01 9.025656584767607349e-01 1.980274666914284554e-01 8.749673952233630869e-01
6.564949352167956942e-01 9.077907472204163608e-02 6.410970514671480158e-01 1.446194164834880280e-01 1.171539625483598995e-01 1.885194127710275169e-01 5.446439807452907456e-01
1.380402510631878465e-01 1.337294435468016907e-01 2.332754541438566975e-01 2.228146002026468453e-01 2.060429308841998097e-01 6.036528467276780496e-02 4.542217468872840613e-01
3.391470728941782808e-01 6.160686157701484866e-01 3.675699034102942186e-01 7.432846856087485521e-02 2.809766029697437217e-03 8.064889871709218783e-02 5.390008323163479886e-01
3.944497771023510180e-01 2.037432944912697663e-01 5.935517290860785611e-01 5.499947531211907270e-01 6.830794497397139065e-01 3.256061191752500084e-01 4.094260361007783233e-01
1.844479114027869904e-01 8.889769630420147895e-01 3.180896006618209038e-01 4.410663908016632107e-02 4.401254571712232694e-02 2.780368596129410563e-01 6.595921434557088237e-01
1.773982542915592542e-01 1.888507383767258907e-01 7.653442439835056454e-01 2.086905927165257357e-01 1.830492723700702928e-01 2.985198977353298311e-01 2.452858954762394961e-01
9.600679762598380851e-01 6.555482821477214284e-01 5.241543800825470001e-01 2.261080857989692383e-01 8.721177230753462961e-02 4.984708796364627215e-02 7.641577647028424680e-01
9.602279028923876858e-01 1.304507624682031963e-01 5.099840209617704234e-01 2.470320550644014013e-01 2.990625126195274319e-01 3.882036528288103638e-01 4.929860865646351620e-01
6.948068363146424620e-01 6.353300895553393168e-01 7.380801133622980070e-02 9.024952357994958652e-01 5.117609921618485602e-01 3.919095428182968743e-01 3.955547956933297971e-01
6.315587826713700004e-01 1.821782836977943187e-01 5.491163207297161675e-01 1.091959937469549891e-01 6.416487709149431007e-01 5.684418081880845408e-01 2.259787465319015309e-01
7.942029944123736307e-01 6.907134934397891612e-01 5.198452781117770538e-01 1.510485602881803668e-01 1.758125456554404664e-02 3.940372885171332662e-01 4.410015067937919087e-01
8.472589586194501088e-01 9.813446205051126192e-01 5.520515869417921273e-01 1.015125490813564291e-01 7.651609453987839871e-02 1.304590323965469922e-01 1.785815836767453146e-01
2.619752797339133243e-01 1.246126875692743496e-02 7.322410704150669747e-02 1.238421014088737504e-01 5.211795216462956626e-01 5.682321459788542972e-01 6.679047122213099819e-02
9.793498971849606827e-01 1.032305119651177883e-02 9.255511739428157192e-02 3.333836104322174254e-01 2.311927490206427960e-02 9.617148095077625580e-01 8.755956276549502482e-01
8.661660057821756187e-01 4.289959484503302889e-02 7.769514791479334992e-01 2.939921111166901024e-01 4.738275328749805837e-01 2.547295227573113108e-01 9.553622199267637338e-01
8.467575848130544092e-01 4.845167204032537756e-01 2.684909086101598397e-01 5.173037797458296394e-01 5.269343577232721287e-02 8.557083347319881239e-02 6.772493577115756835e-01
2.451164432472652255e-01 9.407526306268190197e-01 5.058853721360817568e-02 4.498458463464971024e-01 4.350405261475087659e-01 4.876724733848331050e-02 1.068765576679762686e-01
9.827196586421912960e-02 5.944753343522090061e-01 7.212117896168521169e-02 6.805665514914549519e-01 7.917583754317840672e-01 9.828823625453371182e-01 4.597683667434236954e-01
8.224384229806915858e-01 3.411627648294963677e-01 4.426459324691466302e-01 6.656323336187779383e-01 5.572092613141477885e-02 6.207224258399673955e-02 4.061911811799872596e-01
5.282906546063310671e-01 2.919196144688732120e-01 3.187331250758179690e-01 3.381171490305539540e-01 3.949339596950413589e-01 2.914352649216429558e-01 7.823864526353044857e-01
3.745432560634009977e-01 1.610331772325693245e-01 2.359235129292660549e-01 2.804632184347768953e-01 8.742362228925883993e-01 7.185350085950175103e-01 1.751189150605780565e-01
8.961649680556310615e-01 9.005858046271049133e-01 8.571274799526726884e-01 2.705358970282984443e-01 5.297424020098909225e-02 8.428109298624986145e-02 7.982574766392404042e-01
5.680299036152378633e-01 2.172077589880663240e-01 2.735609494652214702e-01 3.791778961961667083e-02 6.710345689051320228e-01 2.314603983045736557e-01 1.315159897308872949e-01
7.514041649535050382e-01 7.936854127322998664e-01 6.717951733535684200e-01 1.833962419900077023e-01 5.879499133499566099e-02 1.818868874560017890e-01 2.196040958100842211e-01
4.761788275338989518e-01 1.269432467551854238e-01 8.009232176223085586e-01 9.598026464175373872e-04 3.485706962313813162e-01 7.369048920298384431e-01 9.940944137145129034e-01
2.933450233801637164e-01 1.631047564348976076e-01 5.254969909885463808e-03 8.661774355330176256e-01 2.721389892658252485e-01 3.583147317063847814e-01 9.746879404091519650e-01
7.134029569244800806e-01 1.243506776799843672e-02 4.821988485115146217e-01 3.831053583120669903e-01 3.251152846919456718e-01 4.830557767020714488e-01 5.067426923987761178e-03
9.832890957113085140e-01 9.445732326714251226e-03 3.787183395578677669e-02 4.469910779948727542e-01 9.028650225412546693e-01 1.227057086671912156e-01 1.274224567753401427e-02
2.883659792437362479e-01 9.536197267989113824e-01 5.609744892386177018e-01 1.843149609981825643e-02 2.324680816637576253e-01 2.998228910435617456e-01 2.142151825015614630e-01
9.812294106325564202e-02 1.992512397465167062e-01 3.888229795126783017e-01 6.601500720052417837e-01 1.474307236498546003e-01 1.429152007938428448e-01 2.033905697356918063e-01
2.004548845141475022e-01 2.327860898523503863e-01 6.770702843990397124e-01 5.804557948704547332e-01 1.575807377798543740e-02 1.184734032043874841e-01 7.276114389872776478e-01
6.866665819105248758e-01 8.821175789550776969e-01 9.894407855483930980e-01 2.465359871739432052e-01 4.932797813723555080e-02 1.120263590830274242e-01 7.177263384098833132e-01
4.639262026901511682e-01 4.211382851284107276e-01 3.948458075271991108e-01 9.529145172822294230e-01 3.454157071791421618e-01 8.866919255984401227e-02 8.753464623446665094e-01
3.515547326284540475e-01 2.967374014399453142e-01 4.704568352873845782e-01 1.875349738304851188e-01 7.507468607045719722e-02 5.609613828726516260e-01 7.699627949099796531e-01
5.336876172234662485e-01 2.884740356545290596e-01 4.372149307649947914e-01 7.027411956087910028e-01 2.179973492855288852e-01 2.064498268038288953e-01 3.789180800450532571e-02
9.093507650940297893e-01 2.930612762543292060e-01 3.433606114736049708e-01 5.654500031307216901e-01 3.112123289769441747e-02 8.255914157564703260e-02 7.533982503596146074e-01
5.027201014540481072e-01 1.714852869739955654e-01 7.978037417598691228e-01 1.748500455367169026e-01 4.490058666652876340e-01 1.733795177954207123e-01 3.847516721581640819e-01
3.706852047677580697e-02 1.019538933433492001e-01 1.647270575107618040e-01 8.912926804200577147e-01 1.322400759842107948e-02 6.786639578387623217e-01 1.187983078741565168e-01
4.830014607546520566e-01 3.166300904615206302e-01 2.080296010799451700e-01 1.134853016338301934e-01 2.914359036431277139e-02 3.874813583883827128e-01 9.771764866505270319e-01
1.090916208985914793e-01 8.455158063759485310e-02 3.634114743079119858e-01 1.338329257629631286e-01 2.836793102859132554e-01 7.938564110517152272e-01 3.515489943062692912e-01
9.761701588141662445e-01 5.633632121511539248e-01 4.315045753521315475e-02 1.853456184711926302e-01 1.431810538760443230e-01 2.253057007212183604e-01 6.374172088763250255e-01
4.978662238736755175e-01 3.255483960348706240e-01 7.250898329878827653e-01 8.038245974039208708e-01 8.966459708497387382e-01 2.071752049236557647e-01 5.940363252601470467e-01
4.941066412369721772e-01 2.099705983795019382e-02 2.246477788113429575e-01 1.802886683347373342e-01 2.373866038087029118e-01 1.567186094317221945e-01 7.155278836338454518e-01
9.367072632451771685e-01 7.374109207066541494e-01 9.333844418339760640e-01 1.960115485807355229e-01 4.173384751733655307e-02 1.382883263156269305e-01 4.868105374313840272e-01
6.942227493493681179e-01 8.185493885562662442e-01 1.104286451917362299e-01 8.196388157117273643e-01 1.225733796876778692e-01 1.572162534101123055e-01 7.203044766201089910e-01
3.438316617125917740e-01 5.870955385309870600e-01 9.427673536788849784e-02 7.215649667200199069e-01 3.462893007669929357e-01 4.243027099329770291e-01 4.676863517657130487e-01
3.348211379220966677e-01 8.412025398904925400e-01 9.496987628772477485e-01 1.241450960224876887e-04 2.993868261636021266e-01 1.055498484354055466e-01 8.984847025183146929e-01
4.382309488461498259e-01 2.486840474519335098e-01 8.267039263359506895e-01 9.778049680103086949e-01 7.585798547711197770e-01 9.432080449005786349e-03 1.233108363008112301e-01
3.029005550860965346e-01 4.424419267702028868e-02 5.599663352898753832e-02 9.083214594588138180e-01 7.993690638446850905e-01 6.423754077503558424e-01 9.051824057832502657e-01
9.883984248264900963e-01 2.676100363416453742e-01 1.562314999549090366e-01 1.316580088602127274e-01 4.228496532376649908e-01 1.633679725753216516e-01 7.919133515108945920e-01
2.112111832930018140e-01 1.370602621527321485e-01 1.607036055563750843e-01 2.115569881019107035e-01 2.726100695686991537e-01 1.545043947352771063e-01 7.171873795812903074e-01
9.171079329645176470e-02 1.644522553626366346e-01 1.563429452362313232e-01 3.806669524752296363e-01 3.929160509772072207e-01 8.954730108317112691e-01 8.674825822528191566e-01
5.298946665547352719e-01 4.525224515503839529e-01 1.358816093312142925e-01 9.883502277933826630e-01 8.263706221565638721e-01 7.206703748169728252e-01 3.674009479245887722e-01
1.458182156355090076e-01 7.045545106699947491e-01 2.228439418660954630e-01 3.197721892125314214e-01 3.793568803112519205e-01 6.780020383969365128e-02 9.914783679386953708e-01
9.784635497707102614e-01 3.284909749731027701e-02 3.417809807639939912e-01 1.647284491136851714e-01 6.807962879644805509e-01 3.457526845278258154e-01 2.605487465949385406e-02
6.668524692654766994e-01 7.722740188913048698e-01 5.304264634343267559e-01 6.040794285772532746e-02 3.398202427317378871e-02 2.707488073730269784e-01 7.488017346993975920e-01
1.907264177594063526e-01 9.838744526132814361e-01 8.351672379331387397e-02 4.930142584622925206e-01 9.427570039743693453e-02 3.071986630145470132e-01 2.380194431199032512e-01
3.789552006219737423e-02 6.409488417098919699e-01 3.987800970815395529e-01 3.663683796532588022e-01 1.525981084281392841e-01 1.097119683551545655e-01 3.200953432375566732e-01
1.114979564757316299e-01 5.485102587016217335e-01 4.305740559134557666e-02 8.787907239993488773e-01 8.371014127125477877e-01 7.463759810870493894e-01 4.243513513009279370e-01
1.661083189277873240e-01 9.871101194129150436e-03 2.174605169587994213e-01 3.713537748352825907e-01 4.261497004784844389e-01 6.644490836759426866e-01 1.608167538973712674e-01
5.669825847348335390e-01 8.138953665112282909e-01 9.102303554163215793e-02 4.963781878356474664e-01 7.713142887444043860e-02 3.460611503196481809e-01 6.842138648802156276e-01
5.880570170346677283e-01 7.665742853811305935e-01 7.047845784102932942e-01 2.469740943364784613e-01 3.276657863089349476e-02 1.090409638753050137e-01 9.900385332066845567e-01
4.734003598605724394e-01 8.045220320288601901e-01 1.713889173056371007e-03 2.129607726801315826e-01 3.822363135664056388e-01 7.039325259319602068e-01 9.066971625294526493e-01
4.682229312159555401e-01 3.308943352700414176e-01 1.899183109670145309e-01 1.533988820703975353e-01 4.514452936018872875e-01 3.569959687627912714e-01 4.664152869721966965e-01
3.568848662878700839e-01 2.830026651038722862e-01 6.746160134133719621e-01 9.623103295215109654e-01 4.924666478309779327e-01 7.127498417562350141e-02 5.459340331935184087e-01
4.693540913063272701e-01 1.691131176857319784e-01 6.842106830775260828e-01 2.050053502245197667e-01 7.967569449468323017e-02 7.265255352135676636e-01 8.966609557097589001e-01
1.054546081501506194e-01 1.833026705158924408e-01 8.398747558427260840e-01 6.062299377531727984e-01 1.078014286039610248e-01 9.793945184879504495e-02 8.508208522146865072e-01
3.848960453302723295e-01 3.291141619129499540e-01 2.284999208472597299e-01 3.937603906194890868e-01 2.563545826918063597e-02 3.310868433627233709e-01 3.597221018234457723e-01
9.781343763142900938e-02 2.537411459238360090e-01 8.186253927501954131e-01 8.686326865865319213e-01 1.218186770951535380e-01 3.579395405202940861e-01 3.663369432766063749e-01
4.529084685221029805e-02 1.024970045982382949e-01 1.601409540726052849e-01 5.403889178981190478e-01 1.853835243997854487e-01 3.617281947619720439e-01 6.132478292636175388e-01
8.245394531277729921e-01 5.022741894782479788e-01 2.925296695133408065e-01 1.013782054489266171e-01 2.855580487075948248e-02 1.846620240624341491e-02 9.247483082402824239e-01
5.792498531904824999e-01 2.707094117004664735e-01 9.969755631071098440e-03 1.879165489974444769e-01 1.988268083004413045e-01 3.433342831131014350e-01 7.457533638443476498e-01
6.551642550626354256e-01 1.670686819743049667e-01 5.785063613635441637e-01 4.412933654796886707e-01 1.687488550765546269e-01 2.300305387112437927e-01 1.710836023049857602e-01
7.947096805974946943e-01 2.747240275839755719e-01 6.163118755984489106e-01 4.343552988010776494e-02 4.531550807643753842e-01 7.170627053078831858e-02 7.603424493403414530e-01
2.865499175072457883e-01 1.823213973127762455e-01 8.935948293544900833e-01 4.892008738463405337e-01 4.035757414580747326e-01 2.436024074915144055e-02 5.951684429358516937e-01
9.877950161427508924e-01 3.539221392385885623e-01 1.325652324916709035e-01 2.092150058114472522e-01 3.052289855667442708e-01 1.372542532362697187e-01 5.040037565606013681e-01
2.217047244367968961e-01 1.967013777336161784e-01 1.929017264432809353e-01 7.462403544355856733e-01 5.346866717036942163e-01 4.825873719231826842e-02 4.746965230062578645e-01
7.615895416954510111e-01 3.369218899928791422e-02 8.963908796903369280e-02 9.682135764318338111e-01 2.404287078464451000e-01 4.762249148370220064e-01 7.918807453187937107e-02
1.579048523477919463e-01 6.253680210359359448e-02 4.685248004285612056e-01 2.513996995057403705e-01 4.289975436023217292e-01 2.658658196507291960e-01 9.210565605672655920e-01
7.159524516212156797e-01 4.122734578354526058e-01 2.673123181589732167e-01 1.123308464863780887e-01 1.287502688763221270e-01 1.755208919773017240e-01 5.125188913133724711e-01
4.364100002597126604e-02 1.495983308093078515e-02 8.654386488387158516e-02 2.226278773826966262e-01 2.218860524958002345e-02 9.749608637355058338e-01 7.578352461050292810e-01
2.675838737943678769e-01 5.829834971135205990e-03 8.836001719407564625e-01 1.915001613041420470e-01 1.439382129490696105e-02 7.886683924054125328e-01 8.709317823179034690e-01
2.684151439865803956e-01 2.350247093274621113e-01 4.939888226739550525e-01 9.569390946679388055e-01 4.560192749603640405e-01 4.311729491251086177e-01 5.215986870476307935e-02
8.214735471060785610e-01 1.667887759943809112e-01 8.888589469428365142e-01 1.541931780808131758e-01 8.642161779125095977e-01 6.153573846889176524e-02 8.466185648380735174e-01
8.084645681327358169e-01 3.452363184833265319e-02 2.590662929107477863e-01 2.150492807205429679e-01 4.253533745842631997e-01 2.658605047408413302e-01 2.438450330733435978e-01
6.298785773135793242e-01 2.500866350158058582e-01 3.152871096502831705e-01 2.021098285243856374e-01 6.418137375532763089e-01 2.084298157394270934e-02 6.239802018648090698e-01
2.413378111154960148e-01 7.307210792248536313e-02 2.394486478103288185e-01 3.336537325692697786e-01 6.529411942048404249e-01 1.671967944538113038e-01 7.959312452953195560e-01
7.508235699854427514e-01 4.834786908263010163e-01 8.930022270050422262e-02 8.029120202926021133e-01 7.764005492039843803e-01 4.410967473509705972e-01 7.159002666311164997e-02
4.861358776219429911e-01 1.457726479477545745e-01 6.410823713944915347e-01 3.993110999294260388e-01 3.239157479613749002e-01 3.456234235043164071e-01 7.131039031422050645e-01
5.546892125237606885e-01 9.269095985229151013e-01 8.578490862682427442e-01 9.349112633392514526e-02 5.137514818702837438e-02 1.915109982427842250e-01 5.619166060627922565e-01
9.058472332932758775e-01 4.304601193229773415e-01 2.319089466074212846e-01 8.645731166382226718e-01 3.686610747322180970e-01 3.960798142698762625e-02 6.364328705823188992e-01
2.313569030016227046e-01 5.371548721903917079e-01 1.331467385611676546e-01 1.680161245105238343e-02 2.494389486974339931e-01 3.858635758108469593e-01 5.298591201407911733e-01
5.611051403490519007e-01 6.835427917973769807e-01 1.241908256337754812e-01 1.243062377311485722e-01 7.402473121863006877e-02 1.355254233841702016e-01 8.193926506643474106e-01
2.510157668804213760e-01 3.028430570283327516e-01 4.420132760528945326e-01 4.783182602672912953e-01 3.436639003545843840e-02 7.537493437572798105e-02 9.495911958363965066e-01
9.462754325605255978e-01 6.179799749616312621e-01 1.338290580094774265e-02 8.417246372637755547e-01 6.736874994717529930e-01 1.136750285501764157e-01 6.799751787709514828e-01
2.366328892226987612e-02 8.376083893618557763e-01 2.144093231940658317e-01 8.479670030097363753e-02 7.932648617897797294e-02 5.697967609325773619e-01 4.730477167845710262e-01
4.098455616606582197e-01 8.471658465655735881e-01 4.218338209393881488e-01 1.248980313490506144e-01 5.875841008961701917e-02 3.165024549170958323e-02 9.285606330308209255e-01
6.091667251642673975e-02 9.082457781590121959e-01 1.236740672568403809e-01 1.953254130289724250e-02 2.193549314297810193e-01 7.175727588306354821e-02 6.000645211547492863e-01
6.895239083978537131e-01 7.769417008656349655e-01 5.039621667264260196e-02 8.858568812276446103e-01 7.997294336759053213e-02 2.085663142817102411e-01 2.977894638626281676e-01
1.867022918704391854e-01 8.218467227772197070e-03 2.691497734854138013e-01 1.391869075472556283e-01 1.793562057601035820e-01 6.770337119716479668e-01 3.024268909166002994e-01
9.827257178370453206e-01 3.595866861381648016e-01 2.183465774970986262e-01 1.511798155860396564e-01 1.070279668582448940e-01 1.859322585220680168e-01 1.801632814623498335e-01
4.516157444556335165e-01 1.023978762338936255e-01 9.677107315889259542e-01 1.946277433437300086e-01 3.531510530070264275e-02 3.408253649643940841e-01 9.789018246290919212e-01
1.051198250062124195e-01 8.874924042261769230e-01 8.334182629090298722e-01 5.129124488744030153e-02 2.230483972813603888e-01 1.923396503318725026e-02 4.439230473334141447e-01
1.275963347380022761e-01 8.446075534890358227e-01 5.718520023917283979e-02 3.874895009576995175e-03 1.541662577381116006e-01 3.271882325680974118e-02 5.679770825592780348e-01
2.559090363544934688e-01 2.023735894425648663e-01 8.973306207319593497e-01 3.721184276354293496e-01 2.184608790022142255e-01 7.469556029629376148e-02 3.642846517492013270e-01
7.425990191497466864e-01 7.667550748650464598e-01 1.533517553849144122e-01 1.043677817783573158e-01 2.843068569109918897e-02 2.730672800018112412e-01 2.490982459382362346e-01
2.372390152827749121e-01 1.034306652109451274e-01 7.196397146632409481e-01 3.363443910659789093e-01 4.873819325820488713e-02 1.406308077979906423e-01 7.990054701665996184e-01
6.163505688252175485e-01 8.176163749990583707e-01 2.734194461459423797e-01 9.692679669684356458e-01 9.610221578743377568e-01 4.783826140718513975e-01 8.097627723118470122e-01
9.615407803104539242e-02 5.962647320315124233e-01 5.394635444452511308e-02 9.745866393844491160e-01 9.120409987949996689e-01 6.722085577589134164e-01 4.570631381407928018e-01
4.697625974154935324e-01 8.937152953972606895e-01 1.187163996955629686e-01 1.137613112398964121e-01 2.018861405361560557e-02 8.986939561373953334e-01 1.951504654283708340e-01
5.137680307151269998e-01 1.053913467238787316e-01 1.773241380884997831e-01 2.716878188436472330e-02 4.742990882398618324e-01 5.512921498958703870e-01 8.065757489550067216e-01
5.216707883693689762e-01 1.035719828404896292e-01 4.478648739512514076e-01 1.130469651974305711e-02 5.014181944759239506e-01 9.593470936591999565e-02 6.534208111925131623e-01
8.097538286311992128e-02 5.079960864137366139e-01 3.694316641296328529e-01 2.476556645892972752e-01 1.075141440853665808e-01 1.350475550583518647e-02 5.477434397919418441e-01
9.884348520288102069e-01 1.192187671174103625e-01 9.117378790636372354e-01 1.328111172169461063e-01 2.321074383938126484e-02 5.533952588365934622e-01 1.197549919260573748e-01
9.480803588200319432e-01 4.538141778136801641e-01 1.655110887878381010e-01 8.981298596155178338e-01 7.909237133105789797e-02 1.016073382705341421e-01 9.156088807268728536e-01
3.216894720818877507e-01 8.717003503496771888e-01 2.183759935627659909e-01 8.638986493558240554e-01 1.398261516064891463e-01 2.527207128567842132e-01 4.193579061135905839e-01
1.564511302791155578e-01 3.049842233002427738e-01 4.851718640271664995e-01 1.885206434862857910e-02 4.098110570261037644e-01 1.891914353141288530e-03 6.997979015671824676e-01
9.389793114191702372e-01 7.745134301120046860e-01 3.107040150771138709e-01 2.157306578502963257e-01 4.970641844855183678e-03 1.495289200890584369e-01 4.148978714198388040e-01
9.739371311559406053e-01 2.476912509871312951e-01 3.148146368645754478e-01 9.300738045539934384e-02 5.069565763227662503e-02 1.539772784732937883e-01 6.242154703025969420e-01
7.406804505008979245e-02 5.715096378480676031e-02 2.334629595814735614e-01 4.933771064799708506e-01 2.882099213770284440e-01 8.030766566005548279e-01 6.427462157315044777e-02
6.240614434622222539e-01 1.143533842565874759e-01 8.648961007353779262e-01 9.841633032928900904e-02 6.430504235141574210e-01 7.561713872053406338e-03 6.514057842194977965e-01
3.664627111777859492e-01 1.886500309067794534e-01 1.765449616424680235e-01 2.335695234040902069e-02 4.430851581957577778e-01 7.757321681658698731e-01 9.343212929958761848e-01
5.862370210333611720e-02 1.215884662678822226e-01 1.902214808701713222e-01 3.393597249836933227e-01 5.707834572377796789e-01 9.116279390887978007e-01 1.427835508954353183e-01
5.145850402851354088e-01 1.638834834815744990e-01 7.911899041850183334e-01 1.663518871506836083e-01 2.868223257429627360e-01 3.067296606246950885e-01 9.551475435800866887e-01
1.089546789395750004e-01 1.049505833755280254e-01 5.041450150405002439e-02 2.237194823236142438e-01 4.653279646049124918e-01 3.275292820065319743e-01 1.096342391542454164e-02
8.691869869028421292e-01 8.052410364239286356e-01 8.041080318577393804e-01 2.495175722944160679e-01 4.920037071167460141e-02 2.560268696529788279e-02 5.518294360370927798e-01
8.421825105167424219e-02 2.559579911916588513e-01 8.143268539856636234e-01 8.398305979996998349e-01 7.859729418315727911e-02 9.435741939938691036e-02 7.253623902642563070e-01
3.752512488754516928e-01 2.652753120189109137e-01 2.031951112409368099e-01 5.024430762864133815e-01 2.046762919950981807e-01 2.897265890099387509e-01 7.582961840810619192e-01
4.194091027903626978e-01 1.478004355134796555e-01 7.603565924820654409e-02 7.927380587445951310e-01 3.345085467077393293e-01 3.505222707592889897e-01 7.784949249437644880e-01
1.257458982110594148e-01 1.373002635998452903e-01 1.331664924788057702e-01 9.777180479337647112e-01 8.385361058123157463e-01 4.666252334782228228e-01 6.712234984917062608e-01
5.987678402677316658e-01 6.136274489778645314e-02 1.418042046853187355e-01 7.432455964032409490e-01 4.934259853400017048e-01 2.971061252613310666e-02 3.752652746981732790e-02
7.182313588774584812e-01 8.480908941948106516e-01 1.189017414113513749e-01 9.213789156256211310e-01 7.318253549580705508e-01 4.875220523027969932e-01 7.689786428648601735e-01
3.792836065819349400e-02 5.396063544437297299e-01 7.987030655461246909e-03 6.788379032576159489e-01 9.351683988777526046e-01 5.140990912536379520e-01 4.853462856860306651e-01
3.478611876407463610e-01 5.092606122070401087e-01 1.292434258662022994e-02 7.498721631435565360e-01 5.774546705847474204e-01 4.846136865242811620e-01 9.021163711427302445e-01
3.223048223203587304e-01 1.674193585462099565e-01 1.297589260906290010e-01 3.774881938761855960e-01 4.766417123197179417e-02 1.628324177905794423e-01 1.199164958418019872e-01
2.508611614033515735e-01 1.016361476776836414e-02 3.049300525575658893e-01 1.157611265706611769e-01 3.281870045389442825e-01 8.943689336774800491e-01 3.410475248758876865e-01
9.941565799506136836e-01 5.742557874446177490e-02 4.499296893795656782e-01 2.389555133290025002e-02 6.717446931224251294e-01 1.867618325910489485e-01 9.797050515516932956e-01
8.447576496284120440e-02 3.247932052077184828e-02 3.141085904737948575e-01 6.119501957867884423e-02 5.095733329201324047e-03 1.635887372090952807e-01 6.802179814066220409e-01
4.883481458510283701e-01 5.688615495535384592e-03 4.554677843889741451e-02 1.574010344488782631e-01 7.609238079704834234e-01 9.236797444650397537e-01 2.634672423030803845e-01
6.599945444528989569e-01 1.875087247657060696e-01 6.703190103966930602e-01 8.289489946291572764e-02 2.694342161900726840e-01 2.071811283453996178e-01 5.020444586674969178e-01
1.411833318863628395e-01 5.980918765685919181e-02 1.021842564897226802e-01 8.121630271432573878e-01 8.256896430509432783e-01 7.427614667166300144e-01 2.869522794910039920e-03
1.884272466371985644e-01 8.559189933846607090e-01 8.391268078217870574e-01 1.225851844612803887e-01 6.411380515753095644e-02 4.486127466468051161e-02 4.399459581260489194e-01
7.763851438863915710e-01 7.067420111408034833e-02 2.910683808420793661e-01 1.398265286443902133e-01 8.730778967752890196e-01 1.342446167657068701e-01 5.575327783546013549e-01
8.247524606109700451e-02 2.579688201038954354e-01 2.535556280730244527e-01 2.048157408371740762e-01 6.723658948663198409e-02 3.415089957299116685e-02 2.226407358611966203e-01
4.407928633045260502e-01 2.399844303328079187e-01 6.203981027475578836e-02 1.073809107416368036e-02 8.227068094040418389e-01 9.619013153630424640e-01 2.123608954225366663e-01
1.850007951813577578e-01 3.304039411389152470e-01 5.683748849141684323e-01 3.153592201943801743e-01 6.253722860232714675e-02 1.727833346925026770e-01 4.735271204780748255e-01
7.990858040425985465e-03 1.772208235202576976e-02 1.630249084373676105e-01 7.090816785972776648e-01 7.664246727324885988e-01 9.579162701185706119e-02 3.861974622268848911e-02
5.875589793590578758e-01 1.779836826920080661e-01 5.619542834223178324e-02 6.748585370142721196e-01 6.201655195847539659e-01 8.479113452931654749e-01 5.698802082949264713e-01
5.672363313029740173e-01 1.888341894727268988e-02 2.719197217201249073e-01 2.348385956862276691e-01 7.564926301074226256e-01 2.307475580246082791e-01 5.453144848220614627e-01
8.413755110005536331e-01 4.196042700077586840e-01 1.516296485193630028e-01 8.746999730913316284e-01 5.920338099380817454e-01 2.662966162116805480e-01 7.125971194959137556e-01
4.941402906710460341e-01 1.872527817584234144e-01 2.128995393277242909e-01 4.183519664899733037e-01 9.886581018155616851e-01 4.271212182723971296e-03 1.225778499894150109e-01
1.490850376094772223e-01 2.481003344647528253e-01 6.631849099667275205e-01 4.500354518994054143e-01 1.530954418670260608e-01 5.684014252575142478e-03 3.360026978364945016e-01
9.118078588656142180e-01 8.287600176913665351e-01 2.126804755250762957e-01 1.291101246298131944e-02 2.573817575214795150e-01 6.943955393446099578e-02 1.441591289635753004e-01
8.080432343805858952e-01 2.857536890333967072e-02 3.286671638765313874e-01 6.422813609935734691e-02 2.149722568030350001e-01 5.029591747385750988e-01 1.044200480158583022e-01
4.628186217560719129e-01 8.303534229317232063e-01 9.699007320739463922e-02 9.015936153515788920e-01 6.518577725034264692e-01 3.335424539581464676e-01 9.279635947367173010e-01
5.403267518602711261e-01 1.587767975344851479e-01 3.372993238432159258e-01 2.122586500562211320e-01 7.066390222063438920e-01 5.869422919259442706e-01 1.134403268433935574e-01
8.306221349741127469e-02 5.049012764100188067e-01 1.197687641062038372e-01 8.668189853127640232e-01 7.052469100302344307e-01 6.827912044937578528e-02 3.587368762419398394e-01
7.047644535157328027e-01 1.801619502574075549e-01 1.086393529870017804e-01 2.117122964614459590e-01 4.569664092426730662e-01 9.845982526834387016e-01 8.938581797313674970e-01
5.623864207283137961e-01 1.963349988103509358e-01 9.585706890522482926e-02 9.296041807470825091e-01 5.664890748746134186e-01 5.833355769452999162e-01 9.720621064975638603e-01
1.331024439242267099e-01 2.619510191852516545e-01 8.206129648791674613e-01 1.971266441530905578e-02 2.749456069657554846e-01 5.483804573413536554e-02 6.225499534572754845e-01
8.662358193615293800e-02 2.109609506759745345e-01 4.063152436390017330e-01 7.091597008052314965e-01 1.905400168932354088e-01 4.043661156362421405e-02 3.881936244293703320e-01
6.246782972612648921e-01 5.284527094120142765e-01 1.060408672372004091e-01 9.734187709474100281e-01 5.209967890677261737e-01 3.685712263780094311e-02 5.428661014978966026e-01
8.752581833214069240e-01 3.759464484621409808e-01 2.846191319911338113e-01 2.602587242140755874e-01 1.135162541670145520e-01 2.597649943641216486e-01 3.596178470050470088e-01
4.367672264673270188e-01 1.692948918362408017e-01 3.651357449109747244e-01 8.477498857121799070e-01 3.984764870375399060e-01 4.547319012830152163e-01 3.670458774453695394e-01
3.704545687313038904e-01 3.179543276605384383e-02 2.824516247220008047e-01 6.516203345607440856e-02 9.319348332283967640e-01 6.098496662334054186e-01 2.255784797695721267e-01
5.981884396211611943e-02 4.710498962028248915e-01 6.128867734687217794e-01 9.032423687267943091e-01 9.425389320585653152e-02 9.490960776967283241e-02 2.521936226124867342e-01
4.950744451521473244e-01 3.185694030776581309e-01 3.597793805517625065e-01 2.362279375569563689e-01 1.430136323448834013e-01 2.592548991722509744e-03 7.759525928047823484e-01
7.180862722339894644e-01 6.619808191686288312e-02 2.764885748010469380e-01 5.971473298262974794e-03 9.002548106323787769e-02 2.516331210548885533e-01 5.964432915025047466e-02
8.048228125541296851e-01 6.044028357961647030e-02 8.462595398999086527e-01 3.671999014425991748e-01 9.959068032467888187e-01 1.066868255404601618e-01 6.945949574470935972e-02
5.495009944632444077e-01 1.726859010529404603e-01 1.063104371529671743e-01 8.620952679166229426e-01 7.903970583255769400e-01 3.305847310741752976e-01 3.965340110657955552e-02
4.989075267691425175e-01 2.585294793207203456e-01 1.058443317654949034e-01 3.987551649985859870e-01 7.896414704491574454e-01 5.720616979666279800e-01 8.070845029156147321e-01
9.263090184078122125e-01 5.563593299479414611e-01 2.334330633050797354e-01 2.360226941895815500e-02 2.467408160791517702e-02 1.426352067595032524e-02 5.529749956298126712e-01
9.982854259466624747e-01 9.701170133760569914e-02 4.935613179458001598e-01 1.966119007155367471e-02 2.604174289983085533e-01 8.271309211070008161e-01 6.242109977568353063e-01
1.955478244363966223e-01 3.135347046644791635e-02 1.920257858491339342e-01 1.954823941579108548e-01 1.737113493735802372e-01 5.173714405062550536e-01 3.858948783643901259e-01
3.790502710933251196e-01 8.130007666298271207e-01 3.709778030095069179e-02 8.000616790789292221e-01 9.971292984461345432e-02 1.152474710415850589e-01 5.480634626323014347e-01
2.342127403072713498e-01 1.098536915191927754e-01 3.230472825282647009e-01 6.370610761466113381e-01 1.323010487095525878e-01 7.224216497956051919e-01 9.761833311134209268e-01
8.943627463499983499e-01 1.797166723377586484e-01 1.283786931089765382e-01 2.989024402478072107e-01 9.850296941107292703e-01 1.372749762333906887e-01 4.553415571304553211e-01
1.469880649224776514e-01 2.449458936700623091e-01 8.794036369685200027e-02 8.822126731531096389e-02 1.550786791777609697e-01 3.368869681841027419e-02 2.105495163784438795e-01
4.708768761829240646e-02 5.379409560253447520e-01 2.659908436766578177e-01 1.579464258027705181e-01 5.415249917032499694e-02 7.354761178423818713e-03 6.258656663949304644e-01
9.581452426416072754e-01 3.691037626913443725e-01 8.203979721072438003e-03 5.365169867873498255e-01 7.851090645584775096e-01 3.141389219904976438e-01 1.870847020841874264e-01
3.335142276263811656e-01 8.610128172242400568e-01 2.648123240302324710e-02 4.066880105168206860e-01 2.307601726615243765e-01 6.075974432681896520e-01 1.132166379613497309e-02
9.117065025118997745e-01 5.281729459800139220e-02 1.941514905393155743e-01 9.390510395875650840e-02 4.450370075021619076e-01 6.298986066567768827e-01 1.990592791787911819e-01
6.848849712998517081e-01 1.202105946691034988e-01 2.515035765604650142e-01 4.322646839408539332e-01 4.495337671273644808e-01 1.086399572804520597e-01 1.429236542995904469e-01
2.548809306367977312e-01 3.063799190798351946e-01 5.672679394951239962e-01 1.558848975176632679e-01 4.633235455250594992e-02 1.154387866210888625e-01 5.596865051829733595e-01
7.663866828544843024e-01 3.873208375194087116e-03 3.386528853238323644e-01 9.643572019063226808e-01 3.046301208220031365e-01 7.691554622986020995e-01 7.388352849171546666e-01
4.616102338994419463e-01 1.673225799158517546e-01 4.028282624391124611e-02 3.904030627863314118e-01 5.080726415467685664e-01 9.780446084341321011e-01 7.512930640963610962e-01
1.100623309214608936e-01 6.159450602263585317e-01 7.156352700235357744e-02 9.971713069400660601e-01 7.046972212362092591e-01 9.158040762403292234e-01 8.338079270086429240e-01
5.384085068871631297e-01 7.974173313813954778e-01 7.708436980648365466e-01 1.527820280389158292e-02 4.648374026838819617e-05 1.109049675596474327e-01 3.890497349461414789e-01
6.226133832679819902e-01 1.278349960279963060e-01 4.715221153789896369e-01 5.209843064588001171e-01 7.546882296098664789e-01 4.130225803956427688e-02 3.639246947967619272e-01
6.831287038341959938e-01 1.822769100737342551e-02 6.304256376812425455e-02 3.591744325918024838e-01 9.113168444136579005e-01 1.053791826312175939e-01 1.671921495236335375e-01
3.974683348483497580e-01 2.352934001152873211e-01 8.732747374071347934e-02 5.137222819474425162e-01 6.432531284889133616e-01 3.229729423524768661e-01 3.833785187848606224e-01
9.774099469879568014e-01 4.243808231873819614e-01 1.516727035771581189e-02 3.111053470548328925e-01 6.601903645951451294e-02 3.671387326476564517e-01 8.779178849647970573e-01
9.875195778847759565e-01 2.065506828348476764e-01 3.561059838250066889e-01 6.046183507189391015e-01 3.861372561972183370e-01 8.044456354362263806e-01 4.822713103519234157e-02
7.437827277361579448e-01 2.171519031118195886e-01 3.722733486367608702e-01 4.303087553367717644e-01 2.389774246616728770e-01 1.191731033679723495e-01 9.667120197343425092e-01
8.076680815259973389e-01 8.747594123434974112e-01 9.510933684211625438e-01 8.741106182472890840e-02 2.480691309105564901e-02 2.690434008286468615e-02 8.733999157952755388e-01
9.821855248289916851e-01 7.116499838674072986e-02 6.845851680896366531e-01 3.912280239391033865e-01 4.039447340375380557e-01 7.348380011417753321e-01 4.205411185100776938e-01
3.975735544018946799e-01 3.060680183981299152e-01 7.656956634172109588e-01 8.831059634700437755e-01 3.972368324284314411e-02 1.742625221093874188e-02 7.666696209134822304e-01
9.812690051962473792e-01 1.960740736288331676e-01 8.831749627692238036e-01 1.053754243597629925e-01 7.487717600576421217e-01 5.905872030774104997e-02 3.083755901945699485e-01
6.953969357544258489e-01 1.264299121664302084e-01 7.369331521210609193e-01 8.009226929082964297e-01 7.839281875116863585e-01 1.173488333580363918e-01 8.840527650069136545e-01
8.001842384556430154e-01 7.618747525944702392e-02 2.858236768684233597e-01 9.588315094238542002e-01 3.088997498569520106e-01 7.575683911997639353e-01 4.257891697807024700e-01
6.941873223731679365e-01 6.939307113101111923e-02 3.877032544200504915e-01 1.676301404230837178e-01 1.219710282525343914e-01 5.258557835026431704e-01 2.648508132562208406e-01
7.683615934458820629e-01 3.933995093004909460e-01 4.859508771474373989e-01 2.306137400261101256e-01 2.621539541952060404e-01 4.154629104693718933e-02 7.127827453171304839e-01
4.022605376094287033e-01 1.638123572887475454e-01 1.524581715845574337e-01 8.822053199365880172e-01 4.666449080646662972e-01 2.211304870003821810e-01 1.752099347271885987e-01
4.341129320083352283e-01 2.719022613656605358e-01 1.652997492875077912e-01 4.017873015918043134e-01 7.614924422007844917e-01 2.317401811125103794e-01 8.492758563817469630e-01
8.545460509338453914e-01 4.268700801055730354e-01 6.095672006420560507e-02 1.339230876165460327e-01 9.359159185162468919e-01 5.944470865299212869e-01 1.570298592670463789e-01
2.082522413380464288e-01 7.514298189035126807e-01 9.707636029355715124e-02 7.279060310564745562e-01 2.277958694386841287e-01 7.429737365947710614e-01 6.167039208727862487e-01
6.258235976604153983e-01 4.865224405162196231e-01 2.626277290422666111e-01 8.559651593171826445e-01 8.110515836345655316e-01 3.084313337993039306e-01 1.205220371575244087e-01
2.590699385460839554e-01 1.077166643769601473e-01 4.356655468487004024e-01 9.525189804960836337e-01 8.825959515717799464e-01 1.996102939997014269e-01 4.363892986169741750e-01
4.830642939645408696e-01 1.531700075708123387e-01 1.135441356649375955e-01 7.950750905653771738e-01 8.519068998732313158e-01 9.082436467408681047e-01 8.795321553605534026e-01
8.640836487700831459e-01 7.538642242420445783e-02 7.306703839278287926e-01 3.122516887168060862e-01 3.680011995139098602e-02 6.738722429761256905e-02 3.776712300541920087e-01
9.432537308867425807e-01 8.509993367755562810e-01 9.984813604747257987e-01 9.567737830871658744e-02 4.044076957111331083e-02 1.429470824451195554e-02 5.565366345717309704e-01
3.900032368997445875e-01 1.291530727437606441e-02 9.835981192559070663e-02 2.492622158579571590e-01 6.302870165713028161e-01 6.687985738810311442e-01 7.664037955676047398e-01
3.875271955711994121e-01 1.302142856635490897e-03 1.321031227294421906e-01 2.176865652757029590e-01 6.072180787338995467e-01 9.776237536871472678e-01 6.665372812783371126e-01
5.851268180091523385e-01 3.748776857938500989e-02 1.377143760316607013e-01 3.688359403626716437e-01 2.585257506556110085e-01 2.526997276358969868e-01 2.310514239550714999e-01
7.034188931513607468e-01 5.733898652279627584e-01 1.603640395915247874e-01 5.818328242487353918e-01 5.081227057061799002e-02 1.124890714506173728e-01 5.165384251347887590e-01
8.620061157868903479e-01 2.062424833549326153e-01 2.539030023349380105e-01 7.906034435981039721e-01 7.115418467398941793e-01 1.698127897655556384e-01 5.109058414990126362e-01
4.560540324106936994e-01 8.369794668263921267e-01 3.545768722714222332e-02 7.843268583048814691e-01 5.545249026955793026e-01 6.688261962101423874e-01 2.365449229519738239e-01
1.004201618946806707e-02 5.899232731983328204e-01 2.894952544207463063e-01 9.611792576287925272e-01 6.996543191192738931e-01 1.910838639950087625e-01 2.062835635348498897e-01
7.067259951383594307e-01 5.398382768772946871e-02 1.351389880184566961e-02 5.975938220292997816e-01 8.271490637616225605e-01 1.739330889858057283e-01 3.680253792668682356e-01
2.665816835859244893e-01 2.936804908440302508e-01 1.765615732032493335e-01 1.810900024481947868e-01 4.985727549078945720e-02 2.711585577524467383e-01 1.835144826926123351e-01
3.058070160795451908e-01 7.860295897643002627e-01 2.688373119670828260e-02 8.963370416982713307e-01 5.061661180476706434e-02 5.033653326302481856e-01 6.674163665772867571e-01
4.413219770756220961e-01 8.246794088318208926e-01 9.261940292127662788e-02 9.909102808474758994e-01 1.983200906717236811e-01 1.595732226887385252e-01 3.332360457793273056e-01
1.775074716619359227e-01 1.679328178454253528e-01 7.327445519080467984e-02 8.341454815045321602e-01 6.103232150067875450e-01 5.139568326761104755e-01 5.279653840803755216e-01
9.382489663669404401e-01 1.346971678042802045e-01 5.869154918791267272e-01 7.115716605775335157e-01 2.936119939836094872e-01 6.384662204739661728e-01 4.988381658722054190e-01
9.251408512863283917e-01 6.363554195022091964e-02 1.794340854851738110e-01 4.622528485974747303e-01 1.286991056735817818e-01 8.688873468541857825e-01 6.099984625890034762e-01
9.513335177000232790e-01 4.154124764495834010e-01 3.547803286935073963e-01 5.417809820808314747e-01 5.816366053904759026e-01 1.305323690453433494e-01 2.677721166993987101e-01
7.088118204563702562e-01 5.976015680344173298e-01 1.342811631005581818e-01 6.357188764545746995e-01 3.793007567509253941e-01 2.459610130828346342e-02 5.311394414738713765e-01
9.586293743106093501e-01 1.885465513264033000e-01 2.707837924008531516e-01 6.444589698916058929e-01 6.165623870666621098e-01 6.768561946954352315e-01 4.789349719582500775e-01
2.552063090550831248e-01 4.772972293804850219e-01 4.524855981168567354e-01 1.910067844388273484e-01 1.063467911269739830e-01 6.942683817069991714e-02 2.155769527203634794e-01
8.727105106359360764e-01 4.136349242891836919e-01 7.673995721168624939e-02 9.756097681822439860e-01 3.902056278877824580e-02 6.060998995827543423e-01 6.300777827130193964e-01
7.605204386386984483e-01 3.105189512028230792e-01 4.557006189902986226e-01 1.831027512109336397e-01 7.242302643341227975e-02 2.684420556635402355e-01 4.234972164083979917e-01
5.044808998403852440e-01 6.537626341425877285e-01 2.268580444164186583e-02 1.545365522117078672e-02 6.811157606240436646e-01 1.406734726168205052e-01 7.470081228721087152e-02
8.274594334874427748e-01 4.198296423128710653e-01 1.752267251987800201e-01 4.124710031043298253e-01 2.072576441760931587e-02 2.748481244458128581e-02 5.230989138954607043e-01
8.093093669747859487e-01 1.070203034383535173e-01 5.224060526381187897e-01 4.200060284069750960e-02 1.467844090007853208e-01 7.443125938511330197e-01 7.107490886067908686e-01
8.872521074648429540e-01 2.547710385625427953e-01 1.118500025442518697e-01 3.857952931067609725e-01 8.481992485972835727e-01 5.970687552260478537e-01 6.910531111691580186e-01
8.033008571752590088e-01 1.422508083811635515e-01 6.546595933739297601e-01 2.229461958227356710e-01 5.224414059337365579e-01 1.184813148583689218e-01 7.967555544558380110e-01
2.408474574895409226e-01 7.795323043098185446e-03 1.761961610107028453e-01 1.163367996998865006e-01 5.828430537587035998e-01 2.261046711803469111e-01 6.272742878490179530e-01
9.168190915001162011e-02 6.034696321442472033e-01 1.665340150102601058e-02 9.344126731680268971e-02 7.911854455470838099e-01 1.959979876187811776e-02 3.659533886284707105e-01
9.245471514956900005e-01 5.196902537963454805e-01 1.548662425598112957e-02 2.013219785429729569e-01 6.980075299740304828e-01 2.464602744501016574e-01 8.184817940841777606e-01
9.735461000916147967e-01 7.663953791617456046e-02 6.910401144182312660e-02 3.883420776838463762e-01 2.185331429259667890e-01 1.410229091895564280e-01 4.529071055373373178e-01
4.315673309387159096e-01 5.013564722942052132e-01 2.230904068836200294e-01 9.764271476139723127e-01 6.319328937633953425e-01 8.025632618613505187e-01 7.064566821567195287e-01
6.525471859051630297e-01 1.364655620390948509e-01 6.647406804692508608e-02 4.364634506806849279e-01 3.822011651789451459e-01 1.083730872533320566e-01 4.065375033273193606e-01
9.647639858772280030e-01 8.521027782040485610e-02 5.069113478202043055e-01 8.920503967795919698e-01 6.066247493641091504e-01 3.607339124154309573e-01 4.538318697709109450e-01
6.301515330385456526e-01 8.653734794013578924e-01 2.862653118448245104e-01 2.626052420160484013e-01 4.810346627346898662e-01 2.787905869483076060e-02 2.265957574452895917e-01
8.020335581396575986e-01 9.035157269033700089e-02 5.982663990921022190e-02 9.051080718936029834e-01 7.087491791415446718e-01 4.504024633201735850e-01 1.552594816072585260e-01
6.871809533985806517e-03 3.134721979964133487e-01 8.559712313662906080e-01 3.477895864905211631e-03 4.565800733831382185e-01 8.662338525275159462e-02 9.200072911106543794e-01
2.152726081195054930e-01 4.594848600167377173e-01 5.579011710265364687e-01 1.313105301372115008e-01 1.951979977116043985e-01 6.405847360563053650e-02 7.609374775909694133e-02
6.537583806150976118e-02 4.819936507134934267e-01 3.271478981710653766e-01 9.498468717082325652e-01 6.008107609886437217e-02 2.865541772053465941e-01 2.182468627326747956e-01
7.816649286660202200e-01 3.650852866499994520e-01 3.269408950058117491e-01 2.242328030495164271e-01 6.498034026772447902e-02 1.597015442486247050e-01 6.735202845234271596e-01
1.055719323402843912e-01 1.437499134016561320e-01 8.571890186381711518e-02 4.543761054581841319e-01 1.129680495978552940e-02 6.954592420444196676e-01 1.849040206046708157e-01
1.334189333214322870e-01 5.363373760145222491e-01 1.750353666574177569e-01 9.234745716098693435e-01 4.497903886913068305e-01 3.742351622370215791e-01 7.189730933825909664e-01
5.445373306606818842e-01 8.272933347211323118e-01 1.182544284173503435e-01 7.107046640510136237e-01 2.372678158031545914e-01 9.590687664793314804e-01 3.607546884991368330e-01
2.771748193050527220e-01 3.549840033153687235e-01 3.170731300950127007e-01 2.195681359408942490e-01 4.382026234487794436e-02 1.036531434385778438e-01 2.999533618080096886e-01
3.280829750693764479e-01 7.472259218591106311e-01 9.435193665936192353e-01 1.274033791529411985e-01 2.786397081307168122e-02 3.470407475497516714e-02 9.305083983584612195e-01
8.063999398388066453e-01 4.169365595264524771e-01 1.960157836608447113e-01 1.213210282055756650e-01 8.507049742078762744e-01 1.366607816611727921e-01 3.037918280573272956e-01
5.062815157761765272e-01 8.619239166957284315e-01 1.427751472565171875e-01 9.714851095382402990e-01 1.333594021435314803e-01 6.687204640168920022e-04 7.420056245628801062e-01
4.232771104425882558e-01 3.156895958820289394e-01 3.297197192395660004e-01 1.533924435734053682e-01 1.107483561270629080e-01 9.378753075629825409e-02 2.875866673924336592e-01
2.406460322357517612e-02 5.951343250637947113e-01 1.719890843861274776e-01 6.720198812665117982e-01 6.937247350409481150e-01 5.242074059228944982e-01 2.428061771412615144e-02
6.522985036058277508e-01 1.348896941274779770e-02 5.867992813397130414e-01 5.785214917198189255e-02 3.157015680255673695e-01 3.629665452802095515e-01 7.743104322727918376e-01
7.701761416314736319e-01 1.794457874030450650e-01 4.699042378282265453e-01 7.533019785332818463e-01 1.609205395967923113e-01 1.757328314518634693e-01 8.360632986424360036e-01
4.013550057838566332e-01 8.173584426721081098e-01 2.360985801671615647e-01 8.928419675810996825e-01 8.514644464149561109e-01 2.900034826657003073e-01 3.888863056678177887e-01
1.138920782277137445e-01 4.627241641787597226e-01 5.214329358825839922e-01 1.455610070256859179e-01 1.983329235947939584e-01 2.510879169647939335e-02 6.994674757746571769e-01
7.540618086514139229e-01 5.727700434076967717e-01 4.547716492041109504e-02 3.232531572159214051e-01 1.841935720144461941e-01 4.630545655851296960e-01 5.960805389133438936e-02
6.991265831545495635e-01 5.907670313568662568e-01 1.347672801018839558e-02 2.909750050782350383e-01 3.389204447626414929e-01 4.507392396594147033e-01 2.555894391688504075e-03
2.674549672247987786e-01 1.044165860990940720e-01 9.966003885801733020e-02 6.833578767164520951e-01 9.902728939326526092e-01 9.661627674522121900e-01 3.993515950896834310e-01
9.728671552795793431e-01 4.295257595829932162e-01 4.155553233605260854e-02 2.416765176280613048e-01 1.189888755749651250e-01 1.499073045500334822e-02 8.998011094723548098e-01
3.748005649351977553e-01 5.001409547300050829e-01 1.302541007847126675e-01 7.707100912928059877e-01 7.612947637992361072e-01 4.616981130127451038e-01 3.451202071866515397e-01
5.014382625149523820e-01 1.597346853634113439e-01 4.939224948216843769e-01 7.707322763442532310e-01 2.248324252677197099e-01 2.436457268226195905e-01 3.733200614791649663e-01
8.573997690542809469e-01 5.073875443209743263e-01 6.625000193744762234e-03 7.679655727373988494e-01 4.220613289885150055e-02 3.164850439590483622e-01 6.407810112018628157e-01
7.361748157062486531e-02 1.428641356221720393e-01 2.432972669720558923e-01 6.239208102272109091e-01 7.407558265370759454e-01 8.088069866165912281e-01 3.541777222214126386e-01
2.063329798203790977e-01 1.554236145804734626e-01 2.086584784754828836e-01 4.097026724693698108e-01 7.839376397932413809e-01 2.282623604566152431e-01 4.516106967736327471e-01
5.936011859354103359e-01 5.119784314954535231e-01 1.563762066890016234e-02 3.364095136418039922e-01 4.444678865127129619e-01 2.663040211990282957e-01 3.162824840749814403e-02
4.614078222430231246e-01 5.010820930806287876e-01 1.463510747656338040e-01 8.988597612489210853e-01 7.271476770872298268e-01 5.040591252053503446e-01 1.923151732488388443e-01
8.084534282033979391e-01 1.820932443691150593e-01 5.947761082654678955e-01 4.514689144723768033e-01 9.904509509388459421e-02 1.579538550198070490e-01 5.443359581161930638e-01
2.963812979348143806e-01 9.200014179934734582e-02 3.425135796080333583e-01 4.494767417685046063e-01 5.113251172076666018e-01 4.394310948188507315e-01 3.788017216402085330e-01
5.703291442337757866e-01 1.840847395509580542e-01 8.034323411022328831e-02 9.811634133722608730e-01 4.870182848932557151e-01 4.147171334722483671e-01 9.457511151086337442e-01
2.834514054019621199e-01 7.903914468015966754e-01 5.051667389382075157e-02 5.951645650217172179e-01 2.689416792868946082e-01 2.484432991018113990e-01 3.593634116300784553e-01
2.739264151848541662e-01 7.629573999674226226e-01 1.760064674625030565e-02 3.830629568324753764e-01 6.514630105186391962e-02 3.132820905667806910e-01 9.105913117888990715e-01
2.358746834042441121e-01 1.505678028810193969e-01 3.163177598608095664e-01 8.376815994927935272e-01 6.410010970603168268e-01 9.266982276612676372e-01 2.288407803529521889e-01
1.482025324266262878e-01 7.550860269608066222e-01 2.107784303221835881e-02 4.607889870974912760e-02 8.247209511794376668e-01 2.744923998961089628e-01 4.240486254165094504e-01
7.029828125756636403e-01 1.283103802347334010e-01 3.922883746519884030e-01 1.042057323054179641e-02 2.556252066405497736e-01 1.331912611081720321e-01 7.598198879855908583e-01
2.989334415546361923e-01 8.757991621638981927e-01 4.033855774160260976e-02 4.274599881216457065e-01 6.764506481739817056e-01 3.788833424595994259e-02 2.730136094784771927e-01
9.135698015220192758e-01 3.376524123157060853e-01 7.490386474179374643e-01 1.171875802781507936e-01 4.094303732473369983e-02 3.017055104226191720e-01 9.574608022696093901e-01
4.526469700438140453e-01 5.233836666622284639e-01 1.981077774454815255e-01 9.766870511401745114e-01 6.326854928547360757e-01 3.210776737216223808e-01 2.708544720213543755e-01
7.874073632423721492e-01 7.672118685170559171e-02 3.125631588275307737e-01 2.289695174365423691e-01 3.672820574857925680e-01 9.330175176930115555e-01 1.298294856676501241e-01
3.554849609880753603e-01 8.227071024408683098e-01 3.014815907422072616e-01 9.557701322907063979e-01 5.600842494546494077e-01 2.720452230361267709e-01 5.219715782114284774e-01
5.608457072893286988e-01 4.186656426904130646e-01 1.285618450883178054e-01 7.157109154039837939e-01 8.512023920336584393e-01 9.054271474582920032e-02 9.370019357296766049e-02
6.423798363815387269e-01 8.650195371877626993e-01 1.357700031723320655e-01 1.593508921389445443e-01 3.652868192083006393e-01 9.879642065527627359e-02 3.513002535242880087e-01
7.595267646481672630e-01 2.100021202579466228e-01 4.004195899789033675e-01 1.842454933876327972e-02 5.011512229902631566e-02 3.258089721133466399e-01 9.885035045094028305e-01
1.993758379505361500e-01 1.052030391684111166e-02 7.246098567309329219e-01 8.904952958912129013e-01 7.475721265879651245e-01 7.804676248233785030e-01 4.317470809196255477e-01
9.968942481725067140e-01 4.610074657100788897e-01 2.752144344376284413e-01 8.062235025467634486e-01 9.740142348739806444e-01 2.530721472601045186e-01 1.849350141929194669e-01
4.600517651925390972e-01 2.241146550361865497e-01 2.045878112402621518e-02 2.371573733595573330e-01 3.657501327629963939e-01 5.681328523103392758e-01 8.591002379987360271e-01
2.244084891354013456e-01 1.660854484404417075e-02 8.507076604458880809e-01 9.552822072505187112e-01 7.962619075697210391e-01 6.167325767624110000e-02 9.779942542807291694e-01
1.120021505011402629e-01 5.347701662946907630e-01 9.684341650936523216e-02 6.754433356453127812e-01 4.449598925030359142e-01 2.974471323590228700e-01 3.180633642689257856e-01
7.233032064768891711e-01 2.392648468058107269e-01 8.420882309533073151e-01 7.862485435010735380e-01 1.588987901609237308e-02 3.409090803635539402e-02 1.997777263189079999e-01
8.897332138175547689e-01 2.203057920081148979e-01 2.170785087199318397e-01 8.592973702075354936e-01 8.001046650670984306e-01 5.192398685558017313e-01 3.152810377049036772e-01
3.009166793036169296e-01 9.262008384319182497e-01 3.082423176060664072e-02 1.930959280063004879e-01 7.303370339403364442e-01 7.991735020630197361e-01 1.426700345436616169e-01
8.557727253157754177e-01 2.077577667166423669e-01 2.494265105788049386e-01 7.236415022242941308e-01 1.909165476882031531e-01 2.108035483186813386e-01 6.501668065555207265e-01
5.804828016630959597e-01 2.072068933879511743e-02 4.496764504653415484e-01 3.657624695477279531e-01 1.784418984626376936e-01 4.598503629735908316e-01 4.598223302838951865e-01
9.336397571011172403e-01 4.160475783307781561e-01 6.203826158258931578e-01 2.572389263812456806e-01 3.233771404522622905e-01 7.612370291297052005e-02 4.520779836114735550e-01
8.904442392520219851e-01 3.727609614779087699e-01 2.350255491629488769e-01 8.521135984349055281e-01 5.236329593934384574e-01 3.756868768234966627e-02 3.468086925165875245e-01
9.321165500565178341e-01 1.810683607921494409e-01 8.368947925974303814e-01 1.951540329669221308e-02 1.703220792453731258e-01 3.985739762504059147e-02 5.903301636457971568e-01
5.221370647897403128e-01 1.217651460092645938e-01 5.388006479928829362e-02 1.760428109933986907e-03 4.691773843311173309e-01 4.088747056113348766e-01 9.691772722812785901e-01
6.964740657375330102e-01 5.684451251922895132e-02 3.598683735891694546e-01 4.901616090796076519e-01 1.629612081101123877e-01 1.963201622255461576e-02 1.162587549225767569e-01
4.804165303078558602e-01 5.490155345936706399e-02 1.836141724979130085e-01 5.654789570751566075e-01 3.263810863570507093e-01 1.896857905237390729e-01 2.421447466950414906e-01
6.182150610352015185e-01 8.100286319804319568e-01 1.638740617773101413e-03 7.848538307399823832e-01 2.018458309992103850e-01 6.514904350304108194e-01 5.267483324689190560e-01
9.144868891115200960e-01 8.485779499070697507e-02 5.886600225996881930e-01 6.517177519770320782e-01 8.134471141269928873e-01 9.379311398873602101e-03 9.006156728158538627e-01
3.624772991422808288e-01 3.788552640277786931e-02 3.253164881427794697e-01 5.036461113138521739e-01 2.256322798766100535e-01 9.516860972778821287e-03 5.184001013215551179e-01
9.787916984271440857e-01 1.744891946002682381e-01 2.833172058653564140e-01 8.709721624056052658e-01 5.768171718758547950e-01 2.581283773272867732e-01 8.127939803191566170e-01
5.344784626448209064e-01 9.138165707586923814e-01 1.341909422578156930e-01 1.478627828374416975e-01 2.770949843853290351e-01 2.885193995383233956e-02 7.218104365830035896e-03
9.521396362982699202e-01 9.919068990477413195e-01 9.327708063918760395e-01 5.694880739687456506e-03 1.738910640949509201e-02 9.890704635289349067e-02 8.765380025270226305e-01
2.402080541743333297e-01 3.631173142459062086e-01 1.057886531400556163e-01 4.969111208121349543e-01 3.825886091969162850e-01 1.647659434735786466e-01 7.353484797379363780e-01
7.324638827849954126e-01 6.500791029491850281e-01 5.432851729297413224e-01 1.102412951349496240e-03 1.998442963288566965e-01 1.091206588852702275e-01 7.883723405052751598e-01
4.559168165073931855e-01 3.773961406855800282e-01 1.386052566543257147e-01 3.760083018842630409e-02 1.978037392160608698e-01 1.740198353322478519e-01 6.094150811703518134e-01
8.246608394808863096e-02 6.587574597811490795e-02 3.364267257417931367e-02 2.286681209640796797e-01 8.258510708723889593e-01 8.581443184736898822e-01 2.834727838328433003e-01
9.448957484416254937e-01 2.392658494542477532e-01 8.194207664585215767e-01 1.050600756484780796e-01 1.125369986134099332e-01 1.460423062406221995e-01 4.286420669883300727e-01
8.309521670888209144e-02 9.888800941227546271e-02 9.850613495406823628e-02 9.717260499069069191e-01 7.078151735468088956e-01 6.808960934014228750e-01 3.529886836206880818e-01
1.832124782426429455e-01 9.951426868078538934e-03 3.917115715441898960e-01 4.008854799204113473e-01 1.498253186138485127e-01 1.412675690221429636e-01 5.072870218411855703e-01
7.526951969539741327e-01 1.341401077205977010e-01 5.057705468067361654e-01 4.529871675539709486e-02 2.339797245369000800e-01 2.812922504022585812e-02 5.753198145847218115e-01
9.398830492219172328e-01 2.660557454231327057e-02 9.401413778591440895e-01 9.824781399606827836e-01 7.988277993007386613e-01 4.201690823688686294e-02 2.260178985091643167e-01
7.357070635883535825e-01 3.662449460484576425e-02 3.589749843264420370e-01 6.206760771704173951e-01 7.694695338628589898e-01 7.900457032682170477e-02 2.207923955616173939e-01
3.847678897633018957e-01 8.304885278948193061e-01 5.489068419718006603e-02 5.692414159856327149e-01 3.370480549812293614e-01 4.248275878277696371e-02 9.105416116210163224e-01
4.176807581708121830e-01 5.075904122602782342e-01 9.439172135012663389e-02 5.750803202372878342e-01 6.448037498224253872e-01 1.815045192888752323e-01 4.399240232713601539e-01
9.044663148670419872e-01 5.876304048560343496e-01 8.797314718095852193e-01 1.067465001341698638e-01 4.059409068492320083e-02 1.951864250865953387e-02 3.631195457438924912e-01
3.111652681417521604e-01 8.209985117263115528e-01 2.718626734383738919e-01 8.719503901062577444e-01 8.012136321353113821e-01 6.006559680686184288e-01 7.139378444998083495e-01
8.969465588137837120e-01 5.714456492535968657e-02 4.017699060723535220e-01 3.901421667698181661e-01 3.881728330616859290e-01 2.272967490904395094e-01 2.876763516501272822e-01
3.043910643538897398e-01 9.411653171606914059e-01 9.154659543696285207e-01 1.926151336938181080e-01 2.913927349532585698e-02 1.221809643580062943e-02 5.368809265962332100e-01
1.862149695701929009e-01 4.920418546051293918e-01 3.518209360683144382e-02 7.780113118557315799e-01 8.267216343721877081e-01 6.624137127743223719e-02 5.909608288595079584e-01
2.806026145799222493e-01 2.470442830756283126e-01 1.662413651373070289e-01 3.999022912193230250e-01 3.286561802663732212e-01 4.281759354703065235e-01 4.920848108629257700e-01
8.448842078714974280e-01 1.173750630785441729e-01 3.931355006723683543e-01 8.835714566012593529e-01 6.859293710422598167e-01 2.172617664391609249e-01 4.019344685655477090e-01
3.331868077076050039e-01 1.220776072518688637e-01 8.772103830722117745e-01 3.523960451229362079e-01 2.318483805257460229e-01 1.432539755414312665e-01 2.435577805261812667e-02
3.874667877172782160e-01 8.287313028558063177e-01 1.233409368096538561e-01 8.000633211379282184e-01 7.950859192322627944e-01 3.047968487103118740e-01 5.358627840540788334e-01
2.455063682378577639e-02 3.532094441917907890e-01 5.883548734624561849e-01 9.401143620855562100e-03 3.352262266062400187e-02 5.181088280121661782e-01 3.377845641593673065e-01
8.562178177592727479e-01 2.260290017760846482e-03 7.321519367933615463e-01 8.094439829594692881e-01 7.701924145139128486e-01 5.934988618764052148e-01 4.333508639142586993e-01
5.530552901491894158e-01 3.913655362918309066e-01 4.652348891550017740e-02 2.088522931701032592e-01 6.797910911012399193e-01 5.948688776565220770e-01 1.118680499717843446e-01
3.503525584995006437e-01 7.810538567411620114e-01 1.447538110159514446e-01 8.741174987289122011e-01 4.908180039884901813e-01 7.140430574832024035e-01 2.637138502627545122e-01
6.508194222129346507e-01 4.627931182182742909e-02 7.687388024669783437e-01 4.266110535795039072e-01 1.037049457371130856e-02 4.497127579133208819e-02 1.951194348527784950e-02
8.341091017483142078e-01 1.981127674211866641e-01 8.945392620288061813e-02 6.793710073188801157e-01 8.337954841943140405e-01 1.392841779748733022e-01 2.572978439261532912e-01
9.798467414045529678e-01 1.202691738659490833e-01 2.832043955692815640e-01 8.926174221420057897e-01 4.523257923588475116e-01 8.398983740410859156e-02 5.121991629547552050e-01
3.601687371931353576e-01 8.159498923080731325e-01 1.540262151594091744e-01 5.769027053515537462e-01 4.326482916335936402e-01 1.063277727403955097e-01 8.859186511604413283e-01
4.795746071908242314e-01 4.500742279552621961e-01 2.209075812151513607e-01 7.531977457564626999e-01 8.209116506184336304e-01 4.493480938845113570e-01 7.240948140493528307e-01
4.043342575851761045e-01 9.447357135724149257e-01 1.459930298872353649e-01 3.155404667096137761e-01 1.871745111055423960e-01 2.519412076099025732e-01 4.535949820623413897e-02
4.752956565798668320e-01 4.585528780428829165e-01 2.691585693489146891e-01 8.311490356497470700e-01 8.712119211256559304e-01 1.174906586144561782e-01 6.016715516310120471e-01
4.755037947294226131e-01 4.046314844976337533e-01 1.954711560883730381e-02 6.132975285258718268e-02 2.316288828723106763e-01 3.219470086247518403e-01 1.939022518495203684e-01
2.056332653117450282e-01 1.443182563123804676e-02 5.882274332927590610e-01 7.257105188889552139e-01 7.411783372239291179e-01 2.378177418634484508e-01 5.231452096776395555e-01
4.463341059127155508e-01 4.060727328554075144e-01 5.259629636656446006e-02 5.551860490843056883e-01 2.286119020050688122e-01 2.477160356473773195e-01 2.969049170830450612e-01
3.020718362846699923e-01 2.068494567211800472e-01 9.915426796062862813e-01 4.176957273260552550e-01 2.254614271812784843e-01 1.144453982650986967e-01 8.755638184985636840e-02
4.787586718798303442e-01 2.912134605846742330e-01 1.746309456447245889e-01 9.753822871058801525e-01 9.343538534832438458e-01 4.980315234883958553e-03 4.024916234844410079e-01
9.169608408544196454e-01 5.931393515033350772e-01 9.978485473412752882e-02 4.377976713081650484e-01 4.193349413670993675e-02 2.252563183930744728e-02 3.548131463092925042e-01
