2.450924754433519981e-01 2.342474039726334112e-01 2.797739471549292034e-01 8.543693603850968099e-01 4.897478451617307549e-01 1.548599216361472297e-01 9.463570325336045919e-01
2.676102696035441153e-01 6.026546904042446862e-01 4.741277260686720951e-01 9.977385284020837686e-01 5.121202154038280163e-01 4.821200324332045595e-01 9.644103847116333172e-01
4.162887925254422639e-01 2.321731922927980085e-01 6.860723315067747130e-01 5.010376156627157629e-01 1.830424794385371312e-01 2.977480672768756942e-01 8.274121230846519515e-01
5.425871960041418474e-01 7.909691845192271531e-01 5.964828715646925961e-01 4.605034436218886085e-01 1.091503155184558732e-01 3.570516925841553668e-01 7.100660338117278370e-01
3.534434108587253820e-01 6.522533069473426259e-01 3.980661473460430644e-01 5.956100028806220470e-01 1.170602967863956234e-01 8.250728754596250436e-01 5.739813096324627439e-01
7.546667889801578211e-01 6.182295580671964830e-01 5.073933003726409652e-01 4.592541620795278501e-01 6.772328124624878987e-01 3.567247824916101595e-01 6.658941641174934700e-01
7.835901980248484167e-01 8.724492228904707769e-01 1.171637590687737429e-01 4.125392169619891414e-01 2.617993433056595709e-01 5.828452637288136229e-01 3.038432892547711095e-01
3.071347756737881629e-01 1.005060680664336820e-01 9.791363458644991580e-01 5.880118741336169963e-01 1.711945002042611005e-02 4.187194812900819629e-01 6.026306264758707343e-02
3.152586678903491757e-01 4.247571986980607783e-01 2.736839825765259304e-01 6.743797223784443462e-01 3.126373068651175924e-01 5.358066215312365932e-01 8.287556915444600492e-01
7.215618972690345245e-01 7.409376088225791968e-01 7.815115430159542687e-01 7.165382875682957398e-01 2.017195078380334405e-01 4.391584378211096373e-01 9.613849512783229079e-01
1.521417991440333073e-01 9.996369412528259835e-01 1.461074133568154021e-01 6.065077286769688936e-01 1.794709733960816733e-01 2.907404118590897757e-01 6.207420446491148658e-01
6.098429150604640220e-02 4.159107672405935596e-01 6.732375332892736042e-01 5.683020241350180690e-01 3.842815880360324066e-01 8.525139563020761591e-02 7.056817422691802344e-01
9.895160927579896848e-01 4.242732080090692165e-02 8.908052263769011825e-01 4.206891372286078457e-01 4.715939141801702567e-02 3.218621249968129372e-01 2.891499416586020277e-01
4.178798401937282581e-01 3.261020690664343524e-01 4.039838783223572150e-01 9.422594948007910753e-01 2.857740257904303194e-01 2.035366758974773427e-01 6.202033644848653493e-01
5.570179808162956103e-01 7.690927423150263342e-01 7.916760047410003054e-01 9.503299976708775576e-01 7.319351024646013615e-01 4.342734265421436812e-01 3.545653291968632881e-01
8.028673444757035149e-01 5.377710520770121461e-01 6.037512777474349779e-01 9.977790576563390079e-01 3.047790762644693729e-01 2.106637806369341115e-01 7.277604719511076015e-01
9.230560502509239651e-01 5.759233427930909865e-01 7.480512840086946946e-01 7.767596860404623049e-01 6.952556625075640984e-01 2.311459516151943561e-01 5.341158213010852585e-01
1.166346559511771408e-01 2.178835141913070539e-01 6.124533674811214468e-01 2.062622560016553197e-01 6.040400658947291390e-01 5.896665190612243590e-01 5.678425233497443880e-01
8.634724368782026316e-01 9.641390928320560383e-02 2.536720276166242738e-01 1.485049443631414889e-01 6.224231798628824253e-01 4.772029144702623626e-01 7.549920920800480273e-01
2.043007863921148803e-01 4.150586284219558442e-01 3.956447648895446978e-01 4.936043055150811654e-01 1.899978967753150616e-01 4.578254545464887637e-01 7.659677239606254018e-01
2.039060340542874373e-03 4.600205333720232548e-01 6.640598763485906497e-01 1.056406904738630276e-01 8.412919118790261885e-01 6.155529821347891506e-01 9.285313271245431155e-01
2.813198745454231070e-02 8.834326194197670290e-01 5.307128532499078011e-01 7.221513761653464147e-01 2.034687118122831262e-01 7.855367562719046681e-01 7.430642525871390403e-01
1.353530478861575681e-01 3.628501198206440792e-02 4.788211627949832683e-01 1.161527955180709087e-01 7.043749197672863893e-01 6.704666172907273181e-01 3.382585465874178299e-01
9.299718407984124413e-01 2.817863955818372124e-01 4.540985318063353038e-01 4.468166637392383955e-01 7.275740512631848067e-02 5.126061675076589719e-01 6.385267802659773118e-01
2.932431226889034570e-01 4.271682262810392872e-01 2.687239467269778026e-01 6.183006261620858091e-01 3.050685876181841172e-01 2.652271718131730127e-01 9.481867973905979685e-01
3.536656413281299982e-01 7.353125219419741621e-01 3.125641397683080053e-02 4.021850677092012605e-01 4.582669825235814037e-02 5.545192477337080872e-01 4.000197700573997484e-01
4.153430438748048070e-01 6.918771017550620073e-01 4.834963968456202910e-01 5.364985910662663227e-02 1.574280155977827722e-01 6.121008898663619219e-02 9.054146283050082955e-01
7.611542098626392638e-01 1.412012671941479114e-01 4.991351756466065881e-01 4.991691173921167790e-01 9.051846285070240805e-01 3.051023761852916794e-01 3.774876571331018948e-01
7.280160766340719736e-01 1.916746548671066919e-01 7.812403195217290097e-01 1.998385977678187042e-01 1.368846333854493447e-01 1.669199523795122653e-01 4.562489456868171200e-01
1.342533525176263787e-01 9.182656997885534356e-01 7.579309590195699720e-01 6.874192748228252769e-01 2.768243218817521001e-01 3.079552555837348216e-01 9.648925916306406725e-01
4.630256794040268908e-01 5.169641054376102138e-04 2.609211738619863219e-01 6.899792186586317655e-01 2.444956207449393293e-01 4.945805816246255648e-02 2.699356638061903291e-01
6.081042244380114870e-01 7.996814531342190113e-01 2.127107467083262926e-01 3.387427358922660559e-01 1.098668626737752535e-02 9.935047789486192160e-01 9.076030982262629498e-01
1.057712042101304761e-01 4.086346669830313583e-01 5.890921239673445609e-01 6.821094820757147570e-01 1.367077679154683756e-01 1.092820976028876416e-03 7.791455712060166849e-01
7.987908461722055264e-01 7.880827302281617763e-01 8.834225803610482597e-01 2.741862554359932314e-01 5.799059157801775832e-01 1.462848273560520551e-01 9.328072619545578759e-01
3.513645315394345880e-01 1.902585436952910769e-01 2.485125804413806372e-01 2.409431595743542764e-01 3.107912178575568396e-02 5.674252980584141293e-01 9.859270983012999867e-01
7.546518332579990052e-01 3.432112183078281920e-01 4.631319114693839833e-01 4.812328514747983843e-01 1.991501526030377278e-01 5.159316242793660079e-01 9.149665012340034709e-01
9.181759235947769549e-01 9.493163646078374152e-01 7.696483100045586889e-01 1.555110621681134869e-02 2.891661791394450204e-03 2.686934358136713885e-01 4.478537545293443389e-01
2.310130066138187666e-01 7.481421976697663068e-01 7.958033630780662060e-01 6.758553399286269803e-02 2.436403501431214647e-01 5.271396287033426609e-02 7.505189320654922502e-01
8.920178462608487902e-01 7.553074609768725134e-01 9.071780921417400556e-01 3.289768851964711138e-01 2.735534105133688096e-02 1.018816479055084934e-01 6.118442715923447794e-01
7.124731825354987391e-01 2.883995570656354701e-01 5.498589101481059505e-01 9.182711865407554297e-02 9.598938838131424456e-01 7.123605652352617279e-02 1.024783094173151339e-02
5.272073886115699048e-01 8.249822109788635949e-01 2.852392802307182618e-01 6.945860690255456493e-02 1.265411018168247914e-01 1.440564367342997421e-01 4.057006673712780787e-01
6.559046546782555387e-01 5.539449379516526717e-01 7.864845939346054582e-01 9.998045221224344248e-01 7.724338516551173539e-01 5.738980193266649509e-03 9.229951978004066193e-01
5.671945522294635778e-01 3.019779881424655699e-01 3.039514351152619587e-01 4.927538865345409969e-01 1.605209438105111575e-01 3.283019705221210116e-01 4.189671821943047325e-01
5.981092831585487213e-01 3.369543385183497164e-01 2.720407350592292106e-01 7.285671492041438935e-01 4.531860394944326464e-01 7.294591852119508557e-02 9.561992728334237635e-01
1.380754155351509305e-01 6.452103560751629718e-01 5.549836790113582552e-01 4.698270204764344593e-02 5.069881705262884175e-01 2.835171307105179284e-01 9.030212044599158494e-01
9.034233703483467437e-01 7.886869852179254625e-01 9.980594943556984067e-01 1.724636524320831976e-01 8.843766973746464144e-02 2.868303105484205640e-01 6.005276140570322552e-01
9.053697137589665767e-01 1.462274970681933239e-01 2.435356930961587174e-01 4.080019032958104863e-01 3.086032652693200817e-01 6.382537940308825597e-01 1.264180808874740825e-01
3.050610567923500716e-01 7.634122626255173127e-01 8.066670133393269992e-01 2.303699935252328801e-01 1.024603098789872713e-01 1.995814349663448672e-01 9.963514510757336406e-01
1.702767014557905745e-01 8.642081679499357127e-01 3.117231153558389645e-01 9.929007281924338846e-02 2.165446999675834372e-01 8.167021503914304592e-01 3.187390523740795123e-01
1.796854408736413000e-01 2.120175436070041719e-01 8.053299959215757253e-01 4.818796796487999634e-01 8.517376109519793348e-02 2.337559174834539788e-01 5.020810557513902816e-01
4.181718189074005720e-01 4.572363097967303003e-01 4.162739576452207380e-01 9.983833314815664384e-01 9.680263794335250971e-01 1.404173332475190383e-01 8.415357672465402228e-01
5.957101002182640936e-01 3.957720875181781617e-01 2.867476539076683692e-02 8.555524461684888005e-01 9.762900210884490892e-01 3.135074039344274976e-01 9.432313285892721666e-01
6.490488373179412740e-01 9.713858064000957526e-01 5.267739365459572776e-01 2.275470523605423456e-01 7.794514190932316788e-01 7.949925311290112484e-01 5.383535672927448612e-01
7.249412970289758062e-01 1.371478622790195945e-01 1.647157493250594740e-01 4.906064766497683638e-01 7.549051064061346183e-02 9.812154437966024156e-01 9.044828346314460754e-01
1.820149281064028790e-01 3.038572083893288922e-01 6.478360536300530326e-01 9.162121708751491678e-01 2.428111150210752744e-01 2.807421279664877867e-01 9.332850406557831047e-01
4.981232523021660308e-01 1.723543095928749547e-01 6.878179292070638606e-01 4.248047785862390513e-01 1.131160801723888991e-02 4.856936031367301010e-01 7.284767935372913339e-01
4.611316134675609857e-01 5.286064758735697922e-01 4.218527434900705142e-01 9.979091168298022119e-01 4.777127537176829031e-01 1.404135281323182780e-03 3.378008323479668173e-01
4.152482742456225506e-01 1.561640919641718028e-01 7.669081654416871618e-01 5.444316469121572855e-01 6.688749182812770977e-01 2.497314157777612842e-01 9.591130409920735067e-01
4.344979860132153204e-01 1.537995315562733500e-01 7.550662439249707925e-01 4.143250742105461515e-01 2.192627430056617310e-01 6.234695233406376547e-01 3.388455062659727623e-01
3.502158801773792018e-01 8.460920731704870690e-01 6.994627222439275815e-01 7.013605991604510148e-01 8.366831280872526477e-01 4.743313386732851966e-01 8.610685809737725904e-01
1.614536344002527601e-01 1.676099796999626079e-01 9.433477012621291902e-01 2.460974642936457069e-01 5.507366526998579426e-01 3.118774402750773000e-01 9.241399153549225698e-01
8.636148139413772629e-02 3.477317710405339324e-01 7.064858924656367556e-01 3.094156292143455667e-01 2.806863166788901576e-01 3.101333493541003159e-03 7.753703687620172591e-01
7.762801771262287653e-01 4.296553735697160037e-01 4.981752224121271944e-01 9.994112265160518538e-01 8.628277902916896558e-01 5.326987072848728133e-02 9.268496736316255147e-01
4.773841236900097651e-01 8.108225216998217189e-01 9.344247848310056614e-01 2.926271521382972085e-01 3.713447893579428782e-02 7.403270277891194073e-02 5.947666084147846810e-01
2.464204934849814621e-01 7.540826831731888280e-01 6.351762759024305316e-01 8.998309591803574370e-02 3.186927106912117169e-02 4.419921024006909227e-01 8.246798238226341615e-01
6.379898526920899440e-04 7.319142784256268408e-01 2.248614788938072817e-01 9.886814240522815433e-01 2.794903797640896359e-02 8.402272512352635392e-01 1.549567507889049456e-01
7.571081683219825498e-02 4.576478891605236660e-02 5.726165671471150631e-01 7.668944806673300141e-02 3.868454228603170342e-01 6.998467419356033670e-01 9.136946653673000407e-01
9.799411013960043215e-01 7.668253273941736392e-01 8.607623602328742241e-01 5.371191178047610704e-01 5.389473048258509591e-01 1.357748512875820712e-01 1.102268463179301439e-01
2.185388394750360785e-01 1.735302328097763080e-01 8.665627250079932509e-01 1.211244287952920606e-01 2.548331290870748944e-01 8.173890834642770775e-01 6.205162667735308890e-01
8.373535877147184614e-01 4.932561922305450097e-01 3.242853497171445110e-01 9.893441962763226405e-01 9.530207156509945543e-01 1.442125317168882655e-02 3.598513096675352019e-01
4.832874677166552613e-01 7.266931301889069106e-01 4.150752227176781606e-01 7.900655341989019087e-01 3.599456276935640298e-01 6.805733881659291606e-01 2.123819625357672436e-01
7.757516291377287987e-02 4.573468827657484748e-01 5.765299318697487685e-01 5.808216820799005919e-02 5.428107749098933787e-01 2.617788854748078209e-01 1.174451994519837283e-01
6.126333354796897196e-02 6.907040515140377979e-02 2.640787739641867193e-01 1.125973459893523168e-02 6.685483537228571402e-04 4.531356421489741715e-01 7.666791582778479386e-01
2.826166111272715442e-01 2.096240516772281959e-01 6.114316984840970637e-01 9.458077717999684442e-01 7.144239335565280014e-01 1.430114192590671018e-01 4.457638834070639100e-01
4.153848538255098255e-01 1.826657532899056136e-01 6.377141956300046433e-01 8.826445763154813773e-02 5.723613684498120024e-01 1.800579149439609505e-01 8.015926799563461991e-01
8.229344032988669122e-01 4.851979718050564161e-01 9.016708892560812427e-02 1.507065520471473699e-02 6.641358842475992841e-01 7.272916314521131742e-01 8.190179110221721404e-01
8.554547166778881939e-01 2.502563462434354569e-01 6.817662579659650168e-01 5.721117737308575313e-01 4.502500877640615018e-01 3.209329694223672091e-01 9.713591966530686905e-01
9.005777860906513110e-01 2.811522628700727777e-01 4.330737151500850812e-01 1.371384208914667724e-01 8.409261521936883810e-03 4.515936039695276349e-01 1.384013466196802877e-01
6.394927875997384881e-01 8.086816127520496389e-01 5.697326417645756091e-01 7.094007524997620884e-01 5.860329429709137256e-02 1.211151972622832446e-01 7.201672691494039880e-01
1.429717719254745834e-01 2.004959566088258260e-01 8.632230411518398983e-01 2.658829339268361375e-02 3.600495546538496905e-01 2.537082495088643919e-01 2.860098930359968317e-01
2.560415145686520955e-01 3.710391083564723580e-01 4.350281518638162703e-01 9.493052370627853564e-01 2.143573604526304577e-01 8.196347432574982439e-02 8.946131360678948319e-01
4.167068750383079445e-01 3.813053506696156281e-01 6.512625811901592843e-02 1.055622632865881871e-01 2.223285164602071540e-01 1.033371322185252794e-01 8.867806136515353765e-01
1.494841159267258635e-02 5.947625828305042051e-01 5.629306961623236072e-01 7.102849141220920863e-06 3.950965556011741264e-01 5.007452266811677349e-02 9.766083689088330688e-01
7.352800090998184990e-01 9.866013835909129281e-02 1.797517881305319698e-01 9.772039842299213852e-01 1.859497202099187896e-01 4.253860311011131712e-01 8.670673859339884659e-01
1.297344396597860557e-02 3.901408327124274988e-01 2.950242353410904017e-01 1.788475656045541429e-01 8.320901932507426269e-01 4.673075023980470533e-02 5.331919875673163389e-01
1.083335117218187788e-02 4.445997074576744645e-01 7.055255333136205564e-01 6.510717047769612464e-02 2.111202056073046562e-01 4.301787719257463838e-01 7.782657523754026307e-01
6.550819876462941060e-01 2.017521240468544974e-01 5.876164476249097213e-01 2.294547515714766006e-01 5.293897136045508933e-01 1.358461536645783618e-01 4.409885888796836739e-01
7.888891340378857697e-02 6.614227841761067817e-01 1.391315198137335063e-01 6.435732392037414318e-01 2.454292373602463828e-01 5.699228149589991022e-01 1.416578554121945555e-01
8.514827764581793801e-01 5.367813966981249685e-01 1.997905898239637767e-01 4.656131393103528082e-01 6.590558395000735425e-02 4.923422472511603254e-01 2.001441495577016283e-01
1.701960423393884259e-01 2.992806245112194508e-01 6.460862706724979088e-01 3.090376291175266354e-01 2.107928493134986481e-01 6.838061890164828793e-02 9.094516985411170706e-01
8.105536057472034761e-01 3.515684287971296840e-01 2.332872065471756629e-01 7.635464529226109187e-01 3.051682309077529687e-01 6.008298507068937644e-02 6.558415775167738548e-01
1.798897071805493353e-01 2.832148398152310453e-01 3.692885771990721544e-01 5.651280583151255810e-01 7.996403196035219985e-01 2.310443087532198236e-01 2.371777317449186295e-01
4.448997738212265851e-01 1.477473431243465640e-01 5.039938042780778282e-01 1.546120893370853400e-01 3.007205804326456566e-01 1.488707311335000887e-02 6.004300671175732962e-01
8.163103188343634464e-01 6.827855513243239471e-01 6.415859921924473852e-01 4.527574254582389379e-01 1.289229238533622923e-01 2.374972148792503235e-01 2.566283041189326708e-01
9.738764190138089472e-01 8.878476647275778122e-01 1.680017040942289042e-01 5.385747502246844842e-01 6.129575498996866489e-01 1.912555041160584057e-01 7.207186837933690082e-01
4.433048017401760577e-01 1.077273769753955557e-01 8.899480543961597601e-01 1.855793910995192642e-01 2.618644540257921705e-01 1.528430581040578495e-01 4.943064924425256135e-01
8.332729339468800678e-01 4.704575022826612551e-01 1.240330953264256186e-01 4.114442944295637616e-01 4.661553730697634013e-01 1.083270488478820827e-02 6.935853075668174661e-01
8.544533096708958331e-01 7.898847122830245926e-01 9.494473027651226804e-01 2.673735527037421084e-03 2.155353686512083977e-01 4.138761246382101633e-01 9.184282321219362499e-01
1.836539809832014869e-01 1.413607860329277599e-01 8.873716879434522253e-01 5.850634517628062747e-01 2.922107576374065405e-03 2.207326400564689484e-02 1.917891079428295231e-01
1.628280904748943547e-01 8.538252018426996381e-02 6.970146550665713425e-01 7.829750483144658213e-02 2.390630399562945207e-01 6.464655586060673587e-01 2.591377569364908262e-01
2.234850659345600024e-02 4.657954475578997000e-01 1.263830282084844880e-01 4.957631894640185943e-01 1.200243055410650100e-01 9.506644904599335089e-01 7.011597665709741189e-01
3.653515131249898129e-01 9.134680543470435898e-01 2.501259528595650705e-01 9.857767628587191799e-01 4.620142477397380654e-02 1.159709116291626207e-01 2.365567280700118791e-01
7.808010105571632220e-01 7.108886121932900259e-01 7.119635852298015211e-01 1.545654441855743022e-01 1.917563893101487810e-02 8.511160769699038786e-02 4.653407349645580782e-01
2.569316300624024385e-01 4.763423703246120328e-02 2.297995193590116059e-01 3.763269348171331685e-03 6.055280922690914336e-01 2.827305005601109533e-01 8.048642996656205639e-01
9.439832198019408871e-01 6.498125554516934743e-01 3.562832483018943397e-02 1.206665077978954087e-01 7.761330016644217566e-02 2.870866001928663591e-01 7.356833530161042134e-01
5.590959708863336985e-02 7.929329842355535840e-01 2.795569971074611179e-02 3.563195964700703322e-01 2.612814526050902808e-01 7.277627751960188407e-01 6.747863847062588460e-01
8.484413481326561479e-01 5.730281406723973792e-01 3.237781621460442127e-01 2.638597870405499646e-01 5.051061869306322505e-02 4.270754917686604979e-01 9.486554072011840200e-01
9.182983589477995423e-01 6.793310802975389695e-01 4.711209589547621368e-01 7.906462057547833933e-01 1.783592252210940421e-01 5.326200716937142809e-01 4.678687669561504281e-01
4.799778027768000221e-01 8.938580262270748866e-01 9.568751553238402652e-01 7.734928551088640081e-01 2.504568434726860415e-01 2.280408604211918711e-01 1.494368526590947877e-01
8.409698852124091184e-01 5.929557428039882172e-01 3.676836715216857399e-01 2.602318101494231484e-01 2.195685073313100866e-01 1.758885904248192467e-01 5.651310251067086510e-01
5.767300763050468015e-01 1.576903992084757178e-01 7.209101016440575549e-01 3.103070735197794791e-02 9.184785158001164407e-02 3.640755707489484738e-01 8.198553183505331576e-01
4.223688816018539849e-01 2.971277586654471059e-01 4.613374255335558338e-01 1.203252602472142940e-01 1.410997164973746831e-01 1.277220784696306011e-01 4.389610997823387706e-01
6.820113861049886816e-01 4.282551358233036565e-01 1.738001561774527859e-01 5.673906789747200641e-01 4.111951171893670209e-01 5.720342066640568546e-02 5.584721598682557131e-01
9.942109269053288623e-01 6.639476904970155191e-01 4.989973555313576559e-01 4.269362305684040737e-01 4.364756871165240693e-01 3.396222040286992622e-02 6.286496669031188533e-01
6.518353022542953124e-01 2.504579801774334952e-02 4.845008432401446408e-01 5.542302034074583217e-01 5.179549725484744460e-01 7.254079366941634799e-01 5.813182750802720067e-01
2.895140848033382897e-01 9.148731690682510020e-01 9.194674800490720834e-01 2.652383983831781838e-02 2.232670372978296219e-03 6.378141985928532931e-02 8.222126683103135880e-01
7.461234647014278742e-01 7.986133923489129316e-01 9.408659115678910112e-01 8.053997927782292898e-02 6.922695647757362569e-02 1.912837792000226730e-02 5.485868648424531147e-01
2.448359885012917070e-01 3.858694995669868510e-01 3.931092280598199595e-01 2.486010605567330056e-01 7.840116636224556124e-02 2.453114992912574510e-01 5.899762925055033191e-01
5.488442711514732730e-01 4.500830354539953754e-03 3.904146133513373695e-01 3.461111073513904457e-01 3.693949196044024608e-01 7.060025861022154459e-01 3.040716690048665405e-01
7.497577495175032913e-01 7.814973876207235159e-01 9.177607648993059142e-01 1.232705341992639536e-01 1.493374732427675891e-02 4.383702403565931105e-02 1.571152009007486250e-01
3.423646641775741628e-01 1.628658662854120392e-02 3.981739313828484006e-01 4.050323088204313970e-01 5.478349929555361708e-01 4.554456170810594617e-01 8.789039050245636142e-01
5.285363262340601886e-02 4.621837982578717585e-01 5.592391016716473651e-01 1.466665668519147592e-01 2.696572419673631468e-02 3.353334079078544583e-02 8.351671720268181165e-01
6.411379321666559328e-01 7.034244135756282379e-01 5.310448763786067561e-01 9.819858014649077704e-01 4.628620443887727087e-01 4.512290186454865348e-01 8.367391795816349065e-01
1.196916246580267962e-01 1.996120066002314911e-02 9.942651806219288124e-02 5.694984611774954741e-01 6.355879284269404517e-01 6.798021987574996983e-01 4.335123835876552589e-01
4.919572030295593645e-01 7.297903130275816830e-01 5.748345722493647392e-01 9.097193137953866193e-01 9.935309361808237760e-01 1.499330937311904866e-01 4.779038632111286544e-01
1.785676166667534426e-01 8.813462418173954038e-01 5.381727520012893340e-01 1.579955951927054791e-01 3.308994984358016311e-01 3.843872752932470105e-01 6.632264797403520928e-01
2.822451100544030589e-01 8.685353721074308142e-01 1.400059223275869347e-01 8.421484617424797314e-02 7.041374240042929111e-01 1.067501634495864327e-01 2.193488708637030826e-01
9.064314094658666443e-01 5.891937636127381195e-01 2.376473862642653756e-01 9.273671170634214533e-01 1.855472712589409101e-01 4.681687470670189283e-02 9.096522230775145879e-01
2.358542231484531126e-01 2.230004803866980634e-01 6.441714721426518020e-01 4.497063239042468630e-01 1.424928211895069418e-03 2.042112220186836913e-01 2.002586654265365029e-01
4.022643856317515976e-01 7.135238758751054622e-01 5.974910491988315586e-01 3.747190976559176545e-01 1.819477249977176914e-01 7.666969903445755574e-02 3.095342428672581692e-01
1.896456564588095695e-01 6.568666243091415557e-01 2.910575443635837756e-01 3.887282350898307176e-02 2.670224366882073541e-02 1.322358312184413742e-01 8.662098606763144470e-01
1.796550264668905772e-01 8.636842294139217557e-01 6.448357784943683502e-01 3.375134538846288196e-02 8.195538040665729940e-02 8.290027608338565446e-02 1.769683689226704271e-01
2.756493201860957254e-02 2.987818725717840684e-01 4.322112405203000773e-01 2.343400669453511720e-02 2.910630791403819861e-01 8.646100005471689665e-01 7.364036055849093598e-01
7.863858595924062556e-01 6.757501011418201586e-02 9.193317383061799797e-01 7.855805800112991566e-01 5.294190969442126304e-01 5.526301360185320588e-01 9.919170202661421465e-01
7.985860406391510624e-01 3.758426760948803680e-01 3.352421935551933574e-01 3.825385035584529247e-01 3.675085103990753388e-01 3.165186932043462936e-02 8.103426416480921102e-01
2.860714136745465264e-01 9.281185912223721690e-02 9.150975154405134315e-01 6.565870060779632755e-01 1.262112636066541581e-03 5.977377311474426844e-03 3.778012187451177395e-01
5.570890978128783394e-02 6.346693670272497423e-01 2.900833083546339522e-02 6.515849308233868931e-02 5.922436701276546644e-01 4.806063141195170973e-01 2.385837158792924462e-01
4.651219225271933932e-02 1.059021162792374710e-01 9.192883498222716998e-01 7.041082272307884297e-03 4.186768169213671981e-02 8.349230728000046620e-01 6.896328827625295421e-01
9.966455177473481086e-01 4.178333140165045312e-01 1.471965278904473484e-01 3.632762530515267207e-01 3.055458181685691832e-01 6.036865403445969003e-01 7.679576569096677741e-01
3.593129228324632440e-01 8.379474511278146576e-01 6.631911320185371883e-01 1.649190804325954274e-01 2.493407794308772490e-02 2.326852944215720281e-03 7.557590067497480524e-01
5.158721634645359044e-01 4.123391494319530309e-02 4.231948198135528916e-01 7.139028663550224252e-01 8.280215291323340665e-01 6.998493282727977771e-01 8.797135942090256178e-01
9.385908825706597014e-01 7.473941076177820220e-02 1.525087827439625121e-01 1.914082727511752166e-02 9.525767760075110058e-01 6.067505374431236831e-02 8.095438347305371485e-01
9.734497157355467278e-01 3.942963951519481980e-01 1.422059948448956279e-01 1.094390209888474602e-01 5.958289563436065528e-01 3.293723046760579920e-01 5.004658774880399452e-01
3.171944438008414413e-01 2.475495671073513204e-01 1.124808764324460447e-01 6.976798667278964750e-02 1.248158427290338851e-01 2.818212184757220018e-01 8.832416589571767673e-01
3.929087051923604856e-01 9.471855919586317230e-01 7.906483739822328660e-01 8.297847781629593689e-01 7.218798763783810246e-01 6.247486604791469000e-01 8.746862449129306771e-01
7.333250793347463325e-01 6.995887940353652246e-01 2.637347721581739246e-01 1.917748256205423774e-01 4.900781017790781791e-01 8.437323446356596035e-01 6.745329487518959555e-01
8.259191519246544821e-01 4.478744366210831163e-01 1.455836939063850366e-01 8.069323218359963912e-02 3.170850590131100155e-01 3.700608538441306217e-01 4.348732569950801707e-01
9.872110795044629628e-01 1.744413136411223086e-01 9.542564562811821638e-01 4.333357226297759324e-01 4.927823553014792912e-01 2.225589894824053783e-01 7.328501572424668542e-02
9.902920978144506836e-02 2.640408862287151326e-01 8.895353011141492461e-01 5.549759678178875499e-02 6.597825546426161480e-02 1.901633815944841002e-02 9.719520882258321226e-01
2.474837607177280685e-01 3.474401710628338136e-01 1.766552529836456775e-01 8.761485405966233930e-01 1.849328307000533689e-01 8.219792726733501365e-01 7.551696865753867449e-01
9.910130029145416408e-01 9.685527146164638612e-01 2.372750358856190456e-01 5.497756115264019593e-06 6.352799837805279959e-02 1.741521648314807436e-03 9.095052127482231574e-01
2.833244295268167456e-01 2.064765656498150082e-01 8.093346108380443660e-01 2.138171514087585101e-01 9.830455042217182970e-03 1.883057167915381733e-02 9.918949332988576950e-01
1.597680812348595270e-01 4.204240921064245629e-01 6.586840991751319319e-02 5.533140432545012866e-01 3.347121202595804701e-01 4.282701731731080597e-01 9.508716531210243961e-01
5.912775595618391389e-01 5.347967932317804207e-01 2.447038585080512640e-01 9.964617258559115287e-01 7.441340061425203434e-01 1.938879826765126102e-01 8.461861761359964484e-01
5.633426433976522762e-01 7.891175382952210215e-01 7.299303788720837849e-01 7.800262750759991148e-02 1.746045374798195771e-01 6.740505615540609563e-02 6.786917803549898931e-01
2.423617745493071296e-01 7.644230101783624498e-01 8.337210848473737279e-01 3.440011881440888097e-02 3.639186029866420258e-02 5.420944921568466440e-02 2.763380405856529776e-01
5.340989364205713796e-01 3.125937564483410869e-02 2.049363088353554907e-01 1.269896026991232385e-01 9.491138586637469787e-01 4.316494528705721589e-01 1.547332569574164374e-01
8.955956891779250917e-01 5.948951776359083787e-01 1.907779783402625273e-01 7.632317255332869976e-01 9.548272145432852576e-02 3.685694682706565639e-01 6.772256828202416479e-01
6.230575103692026495e-02 7.168806259606719244e-01 6.786618318382305892e-01 1.810869477685334711e-02 5.458062503736448023e-02 5.825308861572192631e-02 5.197970561427143199e-01
5.461384027950033637e-01 3.844212289494997048e-02 4.348441049152870219e-01 2.995891140632959138e-01 5.261173871531588109e-01 8.145434576331644916e-01 1.640709113328805424e-01
1.026558326581063774e-01 6.604421633986351514e-01 6.664409965038243788e-01 2.132855212687903221e-03 4.699255946300065490e-03 4.366533953858273143e-02 8.811678388263733952e-01
1.237708830388231790e-01 3.297302624392227655e-01 1.076425169559638156e-01 8.590824754405192998e-01 4.366441067707741985e-01 6.860703520225863716e-01 8.441466990050398023e-01
9.763414687261511016e-02 5.025380520188673650e-01 2.193966724571752291e-01 8.091375842845672794e-01 1.019843475717694126e-01 1.277112849545378737e-01 9.125595662090484339e-01
1.669681177526920468e-01 1.095833565571802115e-01 2.781676280513466493e-01 7.889063515077131550e-01 2.510237551882820162e-01 3.796126401911801285e-01 9.276166021158805952e-01
2.647857680853810680e-01 8.993567571841611930e-01 2.422132759656033807e-01 3.842084697311392016e-01 6.276776171983899921e-01 9.408071605251037972e-02 6.020120096483488892e-01
1.828405650109279634e-01 3.268798917940224369e-01 2.720601325030680417e-01 2.280213464657296907e-01 5.100064505133393711e-01 1.063241065737011333e-02 4.536082866153813842e-01
6.045800002266975559e-01 1.800597919023771698e-01 4.826670392447961477e-01 7.844007985901405577e-01 1.689170076462124526e-01 3.004754942144307606e-01 2.018403354190264343e-01
1.546669720879997600e-01 7.436239677529925540e-01 1.072293235278516110e-01 1.892704809925969123e-01 8.976762060971829049e-01 2.455946299758376972e-01 3.813597343108361959e-01
4.474217286112187053e-01 1.565788845684406572e-01 8.463267205935695592e-02 9.258799827877788324e-01 4.601362098083527363e-01 6.962941366814973110e-01 3.413420658135462443e-02
7.639657878894041687e-01 2.516066850024516466e-01 5.650852451871135607e-01 7.442574748555629005e-02 1.526169225492955417e-01 2.117122203724907947e-01 5.251539077456710558e-01
5.236627562111769579e-02 2.073610779548205330e-01 9.979098529073198165e-01 1.946454346251638434e-01 1.759625363023831820e-03 1.016333169139772702e-01 8.428333955419226031e-01
9.035495268565649774e-01 1.903845494929833071e-01 5.259638085406797003e-01 1.560548844672971502e-01 7.767130477730420368e-02 7.206328127013289508e-01 7.576026722082720433e-01
4.327917641454722686e-01 2.648017846123227464e-02 2.229081316183636474e-01 2.366909057592936905e-01 8.523151893609677288e-01 3.728526992890206920e-04 4.099074889319569981e-01
5.532848467090362155e-01 7.319070903005406858e-01 3.158067715419617394e-01 8.317379211521196414e-01 6.385562931095851713e-01 9.002689027066419769e-03 9.367155003570032390e-01
6.572965783382408445e-01 4.549611660319301532e-01 8.669419106925610463e-02 9.090797860216978665e-02 9.350516304568073922e-02 1.430795624725917162e-03 9.385271337956830884e-01
7.652780859998139507e-01 7.225775634798405900e-01 6.650098350932741598e-01 8.814479477510582528e-02 1.553428159076016696e-02 5.165709758588886702e-01 4.477192981096592139e-01
2.393953807013526336e-01 8.848076920114753552e-01 5.893800403350134554e-01 7.200008504701038703e-01 3.057079125908161998e-01 5.702790531986401228e-03 8.331504652634381669e-01
2.379028241594712545e-01 3.995182755906565020e-01 1.302245833907099935e-02 7.512186745488008688e-01 2.135579635808814436e-01 2.783740731879964514e-01 1.491887737403655156e-01
6.992787209184150310e-01 2.286409952455197014e-01 7.242398901805933153e-01 8.821131453202278871e-01 1.571532001508857967e-01 1.479548017077317312e-01 5.930044355463514050e-01
5.966632798147826211e-01 3.657955444052328475e-02 4.736272892132881718e-01 8.996102553878911889e-01 4.941959205570317093e-01 4.469826342208965686e-01 9.313648577185161814e-01
6.594508506568722006e-02 6.355541062077521008e-01 8.630355704561339103e-02 8.782965693968536325e-01 4.172107252754409523e-01 3.129681308284744667e-01 8.200844480975288953e-01
7.420423851924650149e-01 7.099551480801989667e-02 3.268509569379175472e-01 3.348538288073691499e-02 1.706290827737330928e-01 6.199992465133954411e-01 9.284002916454947574e-01
1.035669762617762689e-03 8.165337017432023892e-01 5.878551544849507093e-02 5.490639748970053136e-01 1.687956242061020018e-01 6.491162942165694671e-01 5.661604127481771886e-01
1.772010050849617269e-01 3.154981387152303585e-01 3.496160035521923559e-01 7.343653427684488921e-01 7.588207307345794517e-01 1.755200869445165679e-01 1.138532692952776149e-01
6.520991886703223495e-01 3.741506306077940769e-01 5.336998976221364599e-02 8.149756179201658735e-02 3.659178262991354957e-01 9.447383905019585137e-01 1.078446074069658589e-01
2.926172124021803600e-01 9.480266259352144731e-01 7.162635139681325924e-01 8.128331945762639066e-01 1.117545200316525794e-01 2.718288946450174784e-02 4.365579176334608569e-01
2.992737281824467063e-02 9.336146037849636370e-01 6.700404142875190372e-01 3.097886989231257021e-03 3.032264038481907731e-02 1.009153184375291036e-02 3.803839662051545223e-01
8.139525591760480294e-01 2.762439789597667672e-01 2.872634744883001967e-01 1.579025199462462115e-01 8.433816191369476467e-01 3.154464179649844602e-01 7.671600780097167505e-01
6.407250676625142471e-01 9.846651317939482118e-01 8.468549229006421264e-01 1.159989132118531413e-01 6.731034106034850494e-03 4.400955065857774240e-02 8.830359643989458274e-01
1.726547142622616160e-01 1.124894153266388225e-01 1.857082473041141990e-01 3.224418069389025088e-01 6.372394182866335521e-01 9.767858171442445059e-01 7.711315432800173175e-01
1.948952905109320455e-01 9.197047195380657625e-01 5.425504533976376331e-01 1.387353719899892535e-01 2.501029444890617848e-02 1.674768183928464771e-01 4.665406922605135343e-01
6.429809989042543084e-01 5.206634644605098172e-01 1.121272622026771165e-01 4.726813354774648257e-01 2.816231717050589056e-01 4.107076608846234600e-01 8.302640308371220246e-02
6.042667748166156289e-02 6.211601889264870557e-01 7.928035446212332304e-02 4.331966795333250797e-01 4.484842133092690197e-01 3.605252537517867339e-01 3.053153817094516609e-01
9.532598826490413790e-01 5.808604429041243078e-01 2.337812639524303737e-01 9.978171152037038638e-01 3.421292880590880991e-01 6.851973931613400959e-01 5.405150371586149305e-01
1.496400263639903749e-01 7.473114974681904776e-01 3.277065223781968229e-03 5.870850875908834032e-01 3.285522690237757115e-01 8.311809750286743848e-01 2.787847776366034758e-01
7.344371382751346822e-01 6.834679978085165253e-01 5.146945163062074391e-01 1.545211564676375326e-01 2.245262547700673482e-03 3.006667772419233664e-01 4.741383955403529193e-01
7.112923475024582887e-01 3.998812220581772492e-02 6.930517619135900809e-01 6.191863247315430030e-01 7.418238960529367487e-01 1.441282825400619638e-01 9.605400952649294222e-02
1.007815756391562817e-01 5.133863526879713923e-01 1.567853028682159588e-01 2.216489029718974046e-01 8.000217143983986423e-01 1.809049129822801021e-03 2.124677693639933640e-01
3.640960098145351043e-01 1.739288958048579858e-01 3.209949486200815993e-01 1.810578920249676128e-03 1.677955510917111814e-01 3.124119411577291894e-02 7.563576524626851594e-01
9.951721727026983100e-01 4.497653589095607640e-01 4.814284184761654511e-02 3.281126979435535218e-01 2.780754164580612198e-01 3.160582103167928758e-01 6.332874123033395142e-01
4.441348981587236316e-02 5.720637001882523665e-01 2.892760373214779968e-01 9.209427049244371943e-01 5.482012558149994552e-01 2.646011192194810402e-01 4.902284585166991615e-01
4.444725723487458757e-01 9.972595828557982989e-01 9.054396423480353118e-01 1.937304302726016282e-03 2.425348344912486021e-01 2.976919919670256362e-02 8.272735441219405406e-01
4.803134033895325450e-01 1.534640887247179231e-01 1.691907500331755743e-01 5.925012654452775918e-01 8.101951785208065804e-01 2.266797456267271305e-01 8.424777920555609478e-02
8.001113960718876372e-01 9.048607546386189249e-01 9.537070242744520865e-01 3.025954010195435265e-02 2.171085514219714407e-02 4.755770708063657842e-02 4.005270374752054607e-01
2.091092733169376272e-01 1.104043834555753917e-01 2.030219203016036394e-02 9.419808179418233118e-01 8.635418746674256019e-01 1.651467335160920202e-01 7.936208259794492736e-01
6.767900871609060509e-01 4.369643331164190236e-01 1.527244328016976460e-01 2.965756118791298412e-01 2.586808817836291907e-01 2.602465839974689166e-01 1.859811752533737650e-01
6.754820937158195759e-01 1.622473076336794773e-01 6.327979960063097042e-01 9.494438942593059760e-01 1.239749789814873632e-01 8.129372685740873794e-02 9.183575645310588786e-01
2.661030251693875526e-01 2.169421411798452826e-01 8.299622876465233279e-02 3.573213329921717807e-01 5.139327514441451861e-01 5.738786412729376396e-01 7.516329481073626972e-01
1.975013603982546662e-01 2.697866317978504791e-02 3.524664873956785960e-01 3.905840519858452264e-01 1.299297995437178332e-01 2.718376664396597309e-01 4.402529551592420654e-01
1.418007926821908682e-01 7.582455358340605134e-01 6.005826920492104287e-02 4.481081634927430724e-01 7.622407020768445784e-01 1.608910198633871358e-01 9.443835586277397054e-01
7.521005521181264863e-02 6.119049711525018642e-01 9.081709285599728898e-02 3.573741379134537932e-01 9.317930035050672188e-01 2.791264921738106364e-01 3.448816511148128372e-01
7.277628381014827896e-01 9.398261840082732244e-01 3.030977468627094051e-01 3.932109664319290987e-01 1.435110566976371960e-01 1.930684147268143525e-01 2.307414764686405162e-01
5.822211527599398251e-02 7.345039992925882499e-01 9.848508868153750262e-01 2.311215346151743455e-01 9.455115409786217159e-04 9.922850998272385314e-03 7.698720544877313277e-01
4.681547649014498047e-01 2.341947586663907510e-02 2.120060713412133813e-01 2.498508857120112781e-01 7.260659182561456371e-01 4.662411136289254521e-02 1.194891361066160868e-01
4.984397599215149022e-01 9.874937938145276206e-01 4.722681786478354765e-02 9.158451225523274175e-01 6.361727580281123506e-02 6.392933314544081425e-01 1.024268372009543571e-01
3.205379835271025546e-01 8.830490735307963135e-01 2.201706544017250078e-01 6.770963391594311265e-01 9.344184625648129794e-01 2.311326300750270180e-01 5.845382534900152027e-01
8.777581034956449813e-01 4.525870687505556544e-01 1.436058625888685103e-02 9.888932644358046087e-01 7.967774455684364376e-01 3.684245422223941802e-01 9.470598745340178537e-01
2.726079925682964866e-01 7.735149223701243137e-01 1.180437813434072891e-01 1.847096361989539748e-01 6.932553276717057233e-01 1.280644189581622017e-01 5.085351360192321701e-01
2.156099537365104568e-01 7.300232963096742189e-01 2.678886815198700533e-01 6.787403220495649148e-01 3.628697817874432241e-01 4.622542906935731000e-01 1.509768541909476680e-01
9.208366339592602978e-01 2.623729432659892558e-01 6.116168872186883432e-01 1.239189973008905377e-01 1.952098274606381065e-02 9.596285063545103577e-01 7.129951268999983327e-01
6.702514986223045979e-01 7.556693198196566819e-01 7.520545849007689299e-01 4.441907563687287896e-01 8.652987702313627572e-02 1.411249350370062938e-01 8.886990795664091447e-01
4.292543563134993967e-01 4.654598260415911959e-01 4.483035961321022583e-02 9.032570354569483539e-01 8.969078370323635419e-01 8.540529592258265801e-01 9.854597498268212741e-01
9.955452612364583675e-01 2.970388460008721032e-01 5.711383208138368639e-01 1.118763441930968328e-01 1.864252040550943776e-02 6.501648694889317071e-01 1.153434222063100950e-01
4.834731827393392578e-01 2.124785269195785808e-01 2.430271917159119166e-01 6.477408435246230223e-01 6.903541257170525691e-01 1.493882338830356815e-01 1.824140028121468138e-01
1.615202508849168106e-01 4.890539337574420498e-01 1.260550347243019065e-01 7.946255594975366598e-01 4.952335609539164074e-01 9.533708522410779679e-03 6.418570394561770032e-01
7.950056415231594453e-01 8.369707326757389598e-01 9.927344808134819232e-01 8.563011317097393715e-02 1.000913080300665052e-02 2.901552096684995585e-01 8.350633981985632337e-01
1.443570051654612107e-01 3.871641361779725732e-01 3.684231687799944394e-02 4.751115267078491189e-01 5.962051591537178563e-01 8.285702493199353924e-01 9.130706402528235843e-01
5.263000361811427386e-01 2.381256719134281288e-02 4.014412572230973697e-01 4.302809221444128251e-01 5.793617737279959101e-01 3.251897930547065774e-01 3.579551752229179762e-01
2.576089919459774724e-01 7.421761366440219332e-01 6.006348406334712786e-01 1.516991235851611886e-01 1.634965100338520716e-01 1.086852122150860564e-02 2.711535392101177000e-01
7.826289954715299757e-01 8.150186224119335132e-02 5.774541953041242293e-01 7.684007576768879799e-01 6.639431388898077435e-02 1.237393910791452084e-01 6.570653426367574212e-01
7.802167058183197001e-01 5.969774707630937094e-01 3.050013908894732562e-01 1.822272316636369682e-01 5.748508601890543052e-02 1.699317617166668515e-01 1.424228293203191054e-01
3.385571980109068346e-01 1.075139233500967961e-01 5.599499126399583998e-02 6.365302183117212131e-02 8.280576767088513312e-01 6.902528505992368002e-01 9.631740607975983748e-01
7.909318551564982203e-01 7.482182790845131048e-01 8.364603155728447259e-01 3.434682794615679935e-01 1.929474948083023667e-01 3.363785408019614315e-02 6.896405196105991342e-01
1.163933784792458431e-02 9.011354538988477492e-01 5.117016269853965627e-01 1.567648732505172449e-02 1.602431084949563350e-02 5.688903512324003375e-02 8.021424555763858599e-01
1.028731560489967861e-01 8.071434513437183988e-02 1.634590218725389121e-01 1.121696573256818763e-01 4.683601665308493867e-01 8.774053072720364721e-01 3.998694236591563977e-01
9.958979487994763513e-01 3.162218576903286227e-01 4.527745865687951010e-01 7.385388949164421735e-02 1.831187880896361156e-02 9.243786027958781348e-01 4.482042049147721419e-01
6.108451765478191131e-01 6.216884366622094094e-01 2.088313488400418971e-01 7.214949395162366386e-02 6.005434426377057391e-03 1.637664490925969107e-01 9.553610977601709742e-01
6.881495413365632530e-01 1.459181627949268922e-01 6.811550925669809242e-01 8.485167426044962768e-01 5.846726674021539560e-01 2.466756764914002434e-03 4.194474960091228166e-02
1.343254065310516276e-01 8.254475283596246493e-02 5.367142396547174288e-01 8.758149611224572487e-03 8.369735874562161948e-01 6.442663148931625228e-02 1.675705908132352484e-01
1.863822980426685927e-01 2.355879887444039256e-01 1.945595824792804018e-01 9.925858519076220521e-01 3.795414052781936887e-01 3.837651254854523297e-01 6.472669877789299919e-01
6.943997979395637454e-01 1.699048840982251007e-01 4.923745895179664628e-02 7.073386809466812863e-01 1.853455367259331521e-01 7.920402545024468610e-01 5.962140274590431721e-01
6.519041922467958550e-01 2.392965388998020970e-01 5.992965154195605271e-01 1.662029357048105949e-01 1.960194244159390448e-02 8.239419756775844678e-03 1.637811834905452679e-01
5.548090228165628718e-02 1.395236327042478353e-01 6.056189745016035131e-01 4.708351749282724263e-01 5.710143587881942873e-01 1.703458485491156638e-01 3.658079846434804105e-01
1.152064993843352897e-01 1.957898299284934474e-01 1.137885998047695885e-01 9.618727950813049654e-02 3.091632908523581635e-01 3.087951972013842084e-01 4.717646463356727216e-01
8.299356697025213059e-01 7.866805458066784551e-01 9.911189141936181946e-01 7.350803544971332149e-02 8.067411126281695197e-03 2.434349621843634459e-03 7.658792617848345641e-01
4.470089466819605617e-01 6.950808353967628805e-02 1.781864613695591515e-01 9.808418383956728492e-01 8.513890161942346824e-01 1.227020028237518767e-01 8.245279560833285171e-01
4.736772120344514558e-01 4.791031838200343063e-01 2.084351442489802697e-01 8.357594353329682590e-01 8.374338584037355204e-01 2.245783980640296273e-01 9.329256127826268674e-01
8.762442139651847872e-02 1.647376532172585839e-01 1.837277237497548510e-01 6.756172800318807070e-01 3.510183401359407984e-01 4.163554545667617068e-01 2.334932200678697112e-01
4.250406708398394851e-01 1.571602423338674670e-01 8.856099521107545225e-02 6.564941894142207746e-01 9.540720244317543175e-01 4.154045877688843369e-01 3.888014080210569490e-02
4.151879551463178997e-01 5.840391401794187837e-02 1.723416491770926040e-01 9.561244986712795768e-01 4.492043750493783238e-01 5.720781934711108851e-01 6.451869964595410289e-01
8.336062758260770478e-01 1.154168048897698112e-01 2.042515091817980744e-01 4.299486437700064112e-01 9.963205767801953661e-01 2.562998161974408551e-01 7.822535264615584349e-01
7.648087322043762848e-01 5.904419823173974180e-01 1.013848879605724201e-01 4.907108289741218266e-01 1.414044188028476257e-01 6.269507451013481836e-01 3.365274198422461560e-01
2.572508470678311343e-02 1.707566425597216164e-01 5.096827988303682944e-02 5.203224920745932458e-01 1.422827239833872881e-01 9.824245239629046944e-01 9.027892277883036165e-01
9.630817104171646159e-01 7.692040654103023956e-01 6.870853276386340580e-01 3.662952978072376853e-01 2.534627334210552002e-02 1.013280840790816983e-01 3.020411879975088421e-01
4.794833899785524434e-01 2.715326539342108325e-01 2.318948810827253237e-01 7.455602666699789882e-01 7.833766885174826555e-01 8.155367432251886539e-01 3.641568349967578277e-01
4.641404305542284336e-01 1.560873126715270343e-02 1.494276178986047032e-01 3.878251531910960337e-02 8.549763726707172440e-01 8.112391353083405754e-01 1.343012084283303452e-02
6.549204305285627470e-01 4.643597513117578846e-01 1.085722022456290653e-01 5.562917267443223679e-01 1.617561176585878002e-01 1.159298894633103150e-01 9.300956783042750864e-01
7.191683794485040915e-01 8.841991368286261643e-01 9.863385838315104071e-01 3.408707359635659156e-02 1.312481623821192510e-03 7.716263679426101085e-02 2.134217699095006526e-01
6.337207427232559587e-01 8.502622435858110395e-01 8.919930093759491641e-01 8.929711042555830980e-02 2.196822904713768062e-03 1.025919873892172998e-02 6.740918956180586008e-01
4.816172954651632421e-01 2.610145119190522833e-01 2.606333361288429296e-01 7.379416960242149992e-01 4.432908836318906753e-01 3.109697375231207372e-02 1.214418769593075126e-01
2.159588916036018491e-01 3.756736119221624204e-01 5.525025095305430983e-02 7.023229601243903275e-01 5.518516356269254075e-01 7.159418426628106902e-01 4.378194667280432273e-01
8.086564929540022151e-01 3.935896592561464735e-01 3.640928715371811574e-03 8.441698837920206255e-01 3.344535038360559875e-01 1.773253057651463793e-01 9.848526420491093836e-01
8.038371362872981374e-01 2.822119307884799477e-01 2.547346541127690212e-01 6.048595072231054415e-01 4.727735219824607538e-01 9.310028254489329802e-01 8.204186265161536040e-01
4.311464909662316436e-01 9.221492295211510815e-01 8.748143014208918655e-02 9.706382225406445796e-01 5.221368561228599825e-01 6.482703753547732761e-01 6.183992686796504490e-01
9.900680142911338910e-01 1.995866371956725172e-01 9.008666972363295056e-01 8.858000506652641270e-01 1.250660765847290412e-01 1.590936541964353412e-01 2.457214666430277902e-02
7.240217451544591620e-01 9.548526561391714740e-01 8.872009942931611270e-01 3.700140124604630199e-03 6.160083770027075314e-03 2.075882679345149653e-02 6.236256245269168330e-01
1.137491924989376263e-02 8.183353198321472455e-01 8.588501281992014791e-01 1.954026194173943964e-02 5.282366278198816212e-02 1.625929530698008371e-02 1.550013680098110413e-01
4.679532071492980005e-01 7.522717757882111389e-01 5.280353202141757629e-01 2.375340185000727935e-03 3.504059124844773748e-03 6.593826301461842843e-02 1.364819887380981644e-01
7.792453133260884846e-01 1.683676156042017771e-02 3.152047575292703518e-01 3.234724835589129592e-03 3.733681224392946252e-01 2.607509009393651003e-02 6.895306425158888031e-01
3.411555150435817696e-01 6.610819686538704776e-01 1.759862167173577574e-01 5.737829969253906842e-02 4.589080782226386684e-03 6.196842077776577168e-02 5.589427975247207581e-01
7.728857137146317724e-01 1.603197754901317107e-01 2.148817535064296014e-01 9.428195327937034520e-01 4.166592534893085453e-01 6.449929113593030339e-01 4.664770376339728575e-01
4.763507729936327095e-01 9.876209994145631610e-01 9.156538600700571129e-01 6.775799547066273243e-04 4.474849240355187330e-02 5.489847528657327419e-02 7.877564926830921133e-01
9.224922803528693427e-01 1.316742690778558156e-01 6.280878045714261004e-01 7.941413237226285782e-02 4.000246361537771467e-01 7.529678190774851121e-01 1.521500251647510960e-01
7.682325177936264460e-01 3.621601544726888444e-01 3.703301641425250645e-01 1.446368202841313289e-01 5.489247669357875115e-01 1.044710295635983416e-01 9.787425757765239043e-01
2.616143240098762757e-01 7.671076559231343461e-01 1.522420142142992192e-02 4.867028043625118983e-01 7.357669377678419664e-01 8.859131428301826316e-01 2.274423341562840373e-01
4.893670156774883595e-01 7.138657968396738829e-01 5.416330438363662347e-01 8.233190645232667249e-02 1.526553409410569967e-02 7.443033670996676565e-02 1.008349420490281118e-01
3.761764216495012275e-02 8.849482295083925809e-01 3.804807967349556619e-01 1.620348423938201138e-02 1.313702261134340465e-02 4.743385164790789310e-02 9.392608985437940206e-01
1.086756168560870234e-01 4.123823574014359172e-01 6.261669263080517356e-02 9.493021592564991895e-01 5.939809968450646682e-01 1.376821316573953180e-01 8.501133030245339173e-01
5.852528872158807571e-01 1.887046667474717165e-01 4.344784634192213058e-01 9.568830628056163023e-01 1.034883318945405001e-01 2.646761840177420111e-01 3.576517521582621151e-01
5.888393837374765738e-01 1.270888069325372682e-01 4.717847153100697688e-01 9.156004274480442628e-01 6.599039201703250646e-01 1.192576636977766974e-01 5.399481101999206167e-01
5.648361454443415752e-01 2.006496760682880132e-01 4.450986022505036832e-01 8.445571908716450471e-01 3.922520721135652755e-01 7.769058531771412188e-03 7.965214064833447960e-01
4.488470336700444707e-01 8.154999728566734163e-01 1.506055384118513696e-01 9.913693742413097754e-01 5.837788632153503299e-01 2.800924737236822892e-01 7.091854126731921282e-01
1.129980244819718677e-01 1.600384820442271316e-01 4.666672422902372053e-01 3.746015144321778179e-01 6.796355826513718057e-01 4.427293064186674232e-01 1.915170496406418676e-01
7.883250369233432142e-01 9.656391693707987445e-01 6.657658885614574640e-01 5.980864279043206916e-02 2.212382966129201965e-03 2.395771954474528592e-03 7.195572152168934199e-01
8.943016270027551728e-01 4.104150108834879740e-01 7.193253765601043126e-01 6.976041740714516992e-01 6.621027651419011950e-02 1.126324482682467161e-02 4.020245778076408927e-01
8.649249592803048836e-01 7.152252642219671941e-01 7.006247642027241262e-01 2.542024615395434284e-02 1.785191457636191303e-03 7.299227014589754030e-03 8.101520194396030217e-01
1.976771826082356631e-01 1.532009954749989911e-01 3.102132900712736285e-01 7.789280417222114172e-01 9.441235996691292875e-01 8.359684190291084560e-01 8.612060244898245287e-02
2.357777270187363106e-01 9.122580016584398432e-01 1.175236788121027803e-01 2.486566895863868976e-01 1.693836101088774249e-01 1.602338920687610135e-01 6.606683342865375952e-01
8.785945762417958216e-01 1.873639313932169148e-01 6.080631467548135854e-02 9.617574277342367806e-01 4.157655064474899964e-01 8.209222860348950324e-01 2.655534407504120953e-01
6.466081962812056938e-01 5.570165913749733910e-01 8.496547756644472205e-02 6.814150537993861334e-02 1.432768288412789026e-01 1.005964437495101699e-01 8.351792785682232712e-01
2.850724246514196314e-01 7.758977009393269730e-01 6.422838983811517133e-02 7.337788853444077164e-01 1.398682987904046049e-01 2.359645475797458314e-01 8.381824415973728737e-01
8.885000710606727470e-02 8.175958391467949005e-01 1.375610412175093389e-01 1.368595799956979220e-01 1.787718457888491652e-01 2.516313769101903228e-02 1.332918855130861835e-01
6.591916432270797932e-01 9.977154315857799105e-01 2.104357798361784215e-01 2.140940091116624172e-02 5.089748677457356374e-01 5.143846002820934293e-02 3.618121381997755903e-01
2.473951256066484750e-01 7.446542976289289850e-01 8.494153021598069633e-03 7.335981338139790919e-01 8.952352070303192244e-01 5.839499178096551057e-01 1.391317379754824224e-01
4.410574097636107277e-02 6.160810230054079017e-01 4.237748116431949708e-02 7.296382562763777946e-01 1.507430662480673811e-01 2.147610937810105203e-01 1.868055841115857096e-01
6.595756421526322022e-01 7.876136064316331398e-01 2.986735527721265382e-01 2.634387455499630493e-01 9.416977340023596765e-02 1.518899204615605479e-03 8.846117445013181868e-01
5.014564177706505310e-01 6.767032703433559226e-02 1.310708768628351950e-01 9.963488203628069195e-01 9.451426323381270089e-01 2.458329673432084125e-02 8.341231585118520364e-01
5.781095462567285015e-01 1.982648096174460250e-01 4.355054492747264527e-01 9.570460524176044315e-01 8.092770618557578732e-01 5.915993193389570970e-02 9.674625488565842257e-01
8.518858248056548899e-01 3.038194892290846383e-01 3.822565018708079521e-01 4.500702835343952657e-01 6.965521750203313989e-01 9.786801598234495803e-02 9.581490695654080181e-01
3.955382220477289545e-02 3.423040421138242584e-01 2.695284737998642210e-01 1.648162661143045583e-03 4.530573112901562643e-02 4.062359390890527555e-01 5.165075905067282314e-01
9.206577362170484946e-01 2.735095692355320532e-03 1.478153609725305906e-01 8.794950674804444812e-01 9.481303574475061779e-01 5.413475087343260217e-01 4.062680239283016914e-01
4.914790200588411428e-01 4.827747391785296438e-01 1.004484605473517089e-01 9.536524131020851502e-01 8.644955250804602365e-01 6.824033739252522990e-01 2.557134479425176021e-01
4.463742157324420701e-01 3.293978882812941822e-01 7.464161163173675673e-02 9.847333378951056426e-01 7.033450748263201380e-01 2.891884144492981590e-01 7.893997662222538292e-01
4.468959053947462734e-01 1.211155976778969662e-01 8.695164952809135428e-02 6.617447270966395068e-02 2.211810256147903053e-01 7.865190717121104402e-01 8.454644371915706058e-01
5.959998238330718179e-01 2.005880292912853302e-01 4.893706343458655850e-01 9.536000020245136710e-01 7.466909877016062458e-01 5.052954390431597942e-02 2.155309770268779707e-02
8.436998411012065491e-01 4.954611452130784242e-04 2.596056021298888128e-01 4.923496762444874442e-01 1.307465704702032161e-01 7.256769368069646564e-01 2.595316285893293773e-01
1.236137108547053359e-01 4.210499275051164947e-01 1.844466253488080132e-01 8.182926973679631732e-01 7.414212681902867530e-01 3.622249321230739949e-01 6.714208776409509305e-01
1.080272777688228991e-01 4.951372210377275596e-01 2.376329071624943556e-01 7.919910389884282642e-01 4.074782775751169539e-01 1.337370018836583907e-01 5.056764319582214284e-01
5.505171052889379357e-01 7.697088433092342807e-01 7.566240023190056174e-01 1.321764517006503332e-02 4.688591395215887993e-04 1.796976128444343094e-03 3.454102267313808872e-01
8.892705859054482742e-01 1.475240719526864364e-01 8.784232253232091558e-01 9.885370617251058034e-01 1.290488398892022381e-01 1.792796263960799372e-02 6.658595167413748905e-01
4.515019828276574665e-01 5.090391967733584044e-01 2.810250508779379430e-01 9.461255317823314970e-01 3.570224846656006590e-01 4.469572464834011827e-01 4.185311831262688437e-02
1.047543797707725099e-01 9.354173941638836698e-02 5.339575478230601524e-01 2.863660697107140440e-01 5.312720715501488833e-01 1.162714440619209977e-01 4.607164823767491146e-01
5.595898348317177584e-01 6.814171883993727086e-01 4.080440172381368802e-01 1.579956301589201528e-01 2.777367723321477397e-02 2.501287896008721340e-02 4.514112022122698242e-01
5.119660508888745909e-01 1.208622172130703332e-01 9.771143271346997838e-02 3.383391295668389948e-02 1.333226131461378861e-01 9.722327619312676195e-01 9.491777078387458877e-01
7.644357172920233923e-02 2.321027152069160826e-01 1.362668867501464764e-01 6.791711458978656468e-01 6.449521036971439525e-01 5.011009919336794072e-01 9.100051195681579941e-01
6.931284762379378295e-01 5.777900907540621800e-01 1.077500892578244218e-01 9.235987661339388755e-01 1.503851186056507916e-01 7.316418012559011697e-02 3.503136037342294840e-01
4.121785792746537891e-02 4.949308474879283298e-02 2.495791246819606957e-01 1.957999596255640892e-02 4.864285708354070814e-01 2.924819961779109856e-01 2.589072448265827830e-01
4.650135660939804794e-01 5.945166973663291721e-01 1.480674256460060567e-01 4.333627903525123504e-01 2.492317796614074155e-01 1.242218507777416991e-01 7.360990268057159003e-02
7.378487615349249573e-01 6.244972997569111506e-01 4.041228392581977524e-01 1.176397823038275239e-02 6.629001174840075394e-03 2.543307462884478731e-01 6.268507679947681321e-01
9.997349242090249888e-01 2.830862363860418562e-01 6.019655234372870423e-01 7.365974185054739720e-03 5.410229730744094967e-01 3.837006250713789063e-02 7.551242944552699621e-01
6.949677239776637094e-01 6.302046348424052979e-01 7.133140793971393112e-02 7.511714960002306984e-01 8.011269024742481148e-01 6.450229528222202191e-01 6.481219382148609709e-01
4.561312516577476495e-01 1.128280416598600039e-01 9.365824542059918156e-02 1.595569510694204995e-01 8.508703273781947907e-02 4.845350838122274850e-01 8.519468567198105191e-01
8.630613877854258487e-01 2.805405843700346513e-01 1.846084890578248705e-01 7.261699339796489072e-01 4.287584420111706929e-01 2.068013548197625007e-01 8.505984595524164193e-01
2.138839587600451508e-01 3.916677795552945818e-01 1.158973989191650587e-02 1.965072566332451975e-01 4.412545101318026686e-01 7.603773554940451707e-01 5.635844728530278180e-01
1.870087712755663101e-01 1.817294986644380772e-01 3.070507102809308941e-01 5.692667616007541787e-01 4.976134110753597795e-01 1.803987671349933097e-01 7.997496823952814360e-01
1.244499641233462184e-01 3.143138755029800668e-01 4.164369268809087199e-01 3.888789102866297975e-01 1.219226141650865403e-01 7.150840930564010545e-02 6.266956768120688359e-01
4.829203348385015526e-01 4.541450957272106792e-01 1.696251210777855456e-01 9.691572963085717252e-01 6.799899058552466569e-01 1.104851743218933646e-01 9.780728132970396560e-01
8.327107924590035903e-01 6.983207624243983336e-01 6.738375521585927563e-01 6.506094475670122675e-03 1.128672477083110352e-02 4.930979411788731503e-02 7.557377902359500021e-01
2.722755300242442611e-01 3.745150658234813190e-01 5.677968821548687317e-02 5.493942154150021490e-02 7.191875277501313946e-01 4.630643610276433814e-02 1.504332905888880190e-01
7.198939712018967985e-01 5.956976380546277205e-01 1.475797229720906545e-01 2.388638267025723905e-01 9.417817199774757286e-01 2.974705760898714302e-01 2.280898774777280202e-01
9.867858840110472762e-01 5.358560859555364098e-02 3.213108026797067279e-02 4.016884576144490460e-01 2.206651612675715468e-01 4.811864771877634728e-01 1.655461647501935973e-01
8.460239922706985771e-01 4.211880343835304741e-01 9.280118693104059957e-02 9.342278556121915711e-01 4.947967539762148093e-01 6.715825324979112221e-01 6.392267076104669599e-01
9.532971766924616674e-02 3.102315944327346808e-01 7.325259386211848689e-01 4.801221452357276598e-02 1.762841981512843492e-01 7.104533396256712888e-03 7.617556858703161682e-01
5.385662330348267579e-01 2.360595251071985756e-01 3.917384419047597044e-01 9.620737530506829893e-01 2.787586555673483013e-01 4.233097726118333765e-02 8.975591167605663223e-01
5.568033059767066861e-01 8.434983545246245162e-01 1.107185401343179221e-01 6.173234317914976232e-01 6.849946217690799921e-02 3.269317503529158286e-01 4.780412162926954145e-01
3.852444434476794966e-01 7.703580292177015787e-01 6.248924701279619937e-02 5.498618087690601008e-01 7.634603769485729385e-01 3.906372267722810210e-02 7.572532259286351985e-01
7.689896301812363388e-01 7.006724430013615557e-01 1.244992353115346867e-01 1.531857682778930141e-01 1.631061040469932166e-01 1.577597076936291254e-01 4.003599261316884150e-01
7.159593533751533734e-01 3.376677570909624726e-01 3.145970699090455680e-01 4.217253645357435521e-02 1.754101308559261052e-02 3.450712392048124744e-01 6.099043702822715129e-01
5.150833778530333751e-02 2.345497902720839745e-01 9.729605351407325659e-03 8.333651347545110166e-01 2.709783672886434958e-01 9.127840433098419748e-01 8.354559927698901323e-02
6.990693056344281231e-02 1.406679819940738485e-01 6.918034656255601933e-02 5.906315315309270675e-01 7.569244556283448722e-01 9.701151289829196278e-01 6.691905074601183223e-01
7.065443471592706137e-01 2.325314586565957187e-01 1.199676115414652633e-01 4.499118858288030376e-01 9.085379888970513962e-01 1.501814961647080990e-02 2.557027154696434046e-01
1.027350981962127235e-01 1.224626785492945874e-01 2.774787418344112910e-01 8.330749897785919567e-01 3.855867248245253842e-01 1.659138877367928311e-01 5.453656895199704424e-01
1.943439165143015235e-01 9.376104029669592166e-02 1.669139419124124057e-01 7.743883478031962087e-01 7.836064379094180854e-01 2.283990549401811454e-01 4.955923922350515265e-01
7.846087503871967961e-01 2.356475345728847315e-01 4.521938323309822594e-01 5.287080495894461718e-01 7.412079642385929756e-02 2.014784865642325618e-01 3.148007247194006264e-01
6.837593809363573527e-01 8.243952186819549777e-01 1.297867491503666704e-01 9.859138054559772879e-01 2.560660140653988615e-01 9.213122967677861430e-01 3.858318509361085002e-01
1.262284252271997365e-01 4.893376494920697040e-01 1.439530887372909851e-01 8.896442743179753254e-01 6.203803185443138579e-01 2.918751464927805683e-01 9.361915377464179178e-02
3.245852082343164691e-01 7.363657366962815531e-02 8.999516836097096184e-02 5.809642363527504072e-01 1.027483097276537527e-01 2.617209704005483695e-01 1.658358005225284426e-01
3.180607493133284502e-01 6.823549799779345115e-02 9.102737504906081856e-02 9.105161932717321660e-01 2.954848130445488774e-01 1.159466839854652043e-01 1.492307632275444718e-01
5.776876908464620985e-01 8.453441261036990229e-01 1.550999203453961861e-01 7.269263300407958761e-01 2.672582250496909340e-01 1.948709856186441602e-01 4.288767614045948529e-01
3.199051679058103614e-01 1.462130403491788688e-01 6.309201868580653627e-02 1.375298692125733468e-01 9.433351351643616267e-01 5.978823429938868728e-01 7.413071419571207743e-01
4.827162904221871109e-01 8.308811141393597222e-01 1.397934074362913448e-01 9.977380934832572601e-01 5.933495860121996701e-01 4.688987815190749919e-01 7.070526728889210411e-01
2.340089413087444725e-01 3.003346156832246705e-01 1.630170767926194531e-01 1.725839057102783181e-01 1.721201611022054878e-01 1.000955930483005962e-01 9.212423731731922416e-01
1.333751900329545048e-01 1.451093410185672616e-01 2.282646458510248222e-01 8.489894884326819602e-01 9.013362839274701166e-01 7.042959326740186876e-01 4.650247015581926990e-01
2.940592409902990645e-01 7.688754424181313274e-01 1.053309882727914704e-01 5.609869682211836572e-01 4.420853567337974521e-01 1.524620468922219807e-01 8.186153062106953371e-01
9.187154912251621619e-02 1.377583994236642462e-01 1.985849165915065939e-01 6.322493441684782223e-01 6.553908777232246852e-01 2.169009489669360413e-01 8.453304116306420424e-01
7.102479918465707254e-01 7.493607617609436035e-03 4.741321836885040164e-01 9.785108563467381781e-01 9.588139309655591136e-01 8.731835632139297587e-01 9.494820377519948007e-01
7.468041938433476190e-01 3.896006194024493885e-01 2.555115589694927913e-01 8.849980170418553227e-02 2.386286561203216916e-01 1.371216908939821011e-01 9.723492494097785155e-01
6.966786270404619064e-01 4.692506354496200349e-01 2.214950718764533422e-01 1.719730858781093052e-01 1.915245983897371218e-01 1.590625456312191877e-01 1.090582303562148136e-01
3.079238697596707874e-01 8.781434603948733431e-01 2.031150609217735326e-01 7.825703524239975284e-01 3.659304339252406613e-01 5.482646138753277665e-01 3.459287374312907115e-01
3.744051540941079059e-01 7.891108885715754084e-01 1.204557055660161052e-01 8.559235187293253722e-01 5.881495063941456491e-01 5.004204506973036759e-01 1.763609999589091093e-01
9.294742636852388884e-01 4.207990435792536427e-02 9.043834841867035568e-01 1.406843055448588620e-01 4.553807304255465954e-02 5.374606577660910600e-02 4.134297051189700367e-01
7.337687705151433315e-01 6.172064941705395213e-01 6.627971800068664654e-02 9.455395401007056222e-01 1.656652896106523831e-01 7.479936402606927048e-01 8.741070946432833999e-01
1.487439796740875342e-01 1.633768094251219771e-01 1.240974176056188899e-01 9.961826356866272381e-01 5.984816710251483762e-01 5.332621420082903629e-01 7.000510013073847349e-01
8.890320510129339215e-01 2.275772682063053887e-01 6.813795878411426088e-01 1.879288896160247191e-02 1.644651068817840900e-01 3.894278406136934545e-01 8.151389011758781722e-01
8.189509839394516488e-01 1.185732849757079599e-01 6.545692207979871835e-01 5.090915128788653377e-01 1.488884099063586368e-02 1.320148691130206345e-02 7.949730528298690757e-01
5.199764317007847803e-01 2.040749732462578472e-02 2.548970325878326948e-01 8.031870442973787494e-01 4.157571630998170842e-01 2.784263225662512720e-01 5.053724826698064582e-02
1.067907035793138754e-01 1.729248385158864143e-01 1.846068910696724019e-01 6.000154124099724706e-01 7.906047333188620518e-01 1.414908905437036457e-01 6.328926595549729806e-01
8.749551490077620564e-01 2.689896789892322060e-01 6.398733075959515126e-01 1.983083587423394578e-01 1.510081475278614782e-03 1.484905241946046783e-01 6.787021424062187336e-01
2.067558383640117139e-02 2.486395627322674981e-02 5.477426013780147818e-01 6.865004391360338687e-01 8.649904558354040152e-01 4.805762606436791429e-01 4.616872741501247546e-02
5.169180791725603852e-01 1.221002084027332374e-01 1.257661085741314799e-01 3.873202676227003871e-01 1.683411512204946170e-01 2.280284118331328824e-01 9.029417644810204813e-01
6.400979863200870756e-01 9.574677820806155593e-01 3.044349036424441324e-01 1.681581682645378051e-01 9.722817799316461895e-03 1.076746749020681543e-01 7.354554966792845594e-01
7.484669272115562766e-01 6.004228376880221818e-01 8.212573253933552753e-02 2.443497491495057738e-01 7.104947597999066167e-01 3.524284873258693440e-01 7.022457409018204588e-01
3.403166996500254227e-01 7.697288632899931260e-01 5.964864647833602318e-02 7.102821766298610395e-01 2.063401398818085972e-02 3.228892865406641222e-01 7.145749753374056601e-01
8.190578231707754675e-01 1.316919148999438349e-01 6.056544579915675852e-01 1.095470321926696189e-02 1.026511585744222356e-03 2.806486456513079819e-01 7.368057497579416637e-01
8.780015141822608005e-01 3.878540696564726775e-01 4.300215383971988103e-01 1.884628073845331930e-02 3.761934223082163617e-03 3.041876191067896182e-02 7.095060355391966667e-01
7.539167732167654234e-01 3.297332791312492795e-01 2.688202140910045390e-01 2.422274951184925362e-01 3.083166431534313801e-01 4.263531479155505122e-01 9.128817489591707635e-02
4.121445126321199859e-01 3.813272171670595845e-01 1.314163701153278629e-01 1.077888132787067493e-01 8.531071150034692796e-02 4.920935510906657151e-02 6.883877478336122291e-01
9.747414260838566102e-01 1.583690088658448181e-01 9.314495947273105925e-01 1.038232754329244806e-01 8.873263695494058856e-02 4.548205874408581956e-02 2.770195775164590590e-01
2.701314687862576558e-01 3.735223426906165156e-01 8.144589626417274297e-02 5.664499964040291546e-01 3.233224229840570563e-01 7.444751951673892476e-01 2.974369973459120575e-01
5.938211522288631139e-01 8.242936338111133132e-01 8.189900749043178829e-02 9.993887976884827662e-01 8.819948601580492875e-01 3.994149647662205149e-01 9.184062784728184159e-01
8.756457949063332080e-01 4.245882324296221255e-01 1.785013883319336303e-01 8.961220543834981234e-01 3.898152618257432755e-01 2.884627049903714657e-01 6.392138682221600865e-01
9.403467938445737584e-01 2.089332762496659834e-01 8.255951778722114831e-01 4.466581200314815453e-02 5.695906157703351652e-02 2.522089734148751268e-03 9.931543415274123321e-01
5.837472095502811431e-01 8.089191935498671326e-02 3.314020144500635645e-01 1.780371750364961037e-01 6.444474067630819036e-02 8.180473518476917560e-02 2.110992500669336691e-01
7.028422883920643072e-01 2.203811837075698304e-02 3.410408817273109516e-01 7.147178893707558656e-01 1.473686152275255346e-01 2.230305254928333647e-01 9.203986366761702786e-01
2.108875146826822700e-01 9.143612804083044443e-01 4.883666916122235691e-01 2.579956414388474145e-02 2.088429896574925046e-02 9.100644944885671883e-02 5.430877639881719343e-01
2.952274593233086830e-01 7.672533790870064152e-01 5.495399863363165799e-02 8.104005999776180413e-01 9.164028397700776374e-01 8.818998896795461340e-01 6.574658437791298660e-01
9.391639527217453542e-01 1.547212491097375020e-01 8.208394805878129752e-01 3.017653252789864043e-03 1.098076307944188725e-03 2.583837314318296330e-01 8.975321957935922246e-01
8.960321759491706173e-01 6.144836283985057879e-01 7.939137288875395271e-01 3.449908822783954165e-01 6.104017714115489435e-02 1.215999039579328256e-04 3.788318749047818734e-01
9.281962045872413913e-01 9.913792394988203416e-01 8.663809977010155094e-01 1.204453996208745964e-01 1.585968531552415031e-03 7.312761993482809128e-03 6.356978855880670576e-01
4.638996900048752980e-01 1.632152218244374842e-01 2.717534626841653367e-01 3.886422433680291472e-02 1.741210012811174046e-01 1.536410019827471902e-03 5.373808980068445207e-01
7.074318996620382327e-01 3.197587053641288146e-01 3.095141008506337443e-01 2.635109990215826065e-02 2.002928220619887116e-03 1.323825089448104064e-01 9.004789879016805720e-01
8.450899391174981901e-01 6.434316286964572029e-01 2.011115980772013034e-01 3.066468332547012642e-03 2.794451411930696898e-03 6.140104475572154968e-02 4.571716420658986646e-01
1.268348339736274366e-01 5.897162343598936693e-03 3.754117289723552520e-01 3.682127888316115705e-01 5.187542024936346585e-02 1.517037099761397168e-01 7.028902736902002679e-02
8.758611349065050788e-01 2.921514562419534333e-01 9.774500167599113609e-02 5.335295915071043282e-01 7.794096254407457680e-01 5.389492481767541587e-01 5.910724360053306592e-01
2.666576917223015819e-01 9.869063854529892543e-01 3.100366147306669595e-01 2.596394347782650380e-02 1.022612445418101881e-02 2.750958403081107950e-02 4.098778131592539786e-01
9.045222666552742430e-01 4.443311402482343353e-01 1.127688563783541265e-01 8.764694840859532654e-01 8.351063847343977997e-01 4.737650746426825821e-01 6.079898009232491685e-01
6.144861215746363348e-01 6.451506469720967585e-02 1.188747806511661342e-01 9.021178464058027258e-01 1.105909990459157111e-02 5.621552449567680521e-01 7.276362934737393706e-01
8.318682010007115712e-01 3.194963802940708475e-01 2.962866606063992991e-01 8.484629296787314923e-01 9.511397450069848380e-01 5.375662433884066393e-01 2.549689283802913931e-01
2.892532933814000451e-01 8.717418548139046486e-01 8.385569606768751572e-02 5.176753720953449767e-01 6.979549540517913098e-01 3.998879289254621550e-01 9.501634686832589605e-01
6.285333214555313130e-01 7.993172321458134194e-03 3.438302295377136386e-01 6.330598134070936078e-01 6.412773066711323633e-01 1.095319713492542979e-01 2.669156100060428027e-01
4.407719733429906750e-01 2.963676221979322789e-01 1.575446647324183491e-01 6.941279268909773537e-01 8.615386332234987732e-01 4.470145509547014395e-01 4.021188520376670628e-01
6.501732899374997876e-01 9.065565984596246629e-02 8.615759892382622576e-02 8.718474370140265606e-01 5.344576051960612251e-01 2.576132818890838339e-01 4.185007547175003118e-01
7.343107052177823002e-01 5.932945843968060462e-01 1.014707242683165062e-01 7.587438246873565717e-01 3.954492282599341574e-02 2.294471692791407169e-01 3.291252111701924443e-01
4.788802918960035071e-01 8.405689992432562319e-01 2.004682034502696386e-01 8.941382136875405395e-01 2.197005560112248734e-01 1.079364860245642238e-01 6.268441616821824880e-01
6.060466431949058652e-01 4.443998423269247822e-02 1.913546731074373397e-01 9.923753214052636329e-01 8.759566119851068811e-01 2.666974364866619984e-02 6.005836809684965694e-01
6.243275995149802915e-01 8.528272387893901518e-01 1.313009338380905291e-03 5.333606288421434138e-01 3.297735116787642307e-01 4.298517840995231820e-01 5.287873789300222560e-01
4.623438485268580034e-01 6.650148668976002542e-02 6.956398674369386470e-02 8.764662711684725327e-01 8.026128869257932452e-01 4.619555593122496862e-01 8.015920159905468578e-01
6.905155802099768314e-01 8.421270447221682609e-01 1.448598374130482536e-01 9.621740774797240547e-01 2.143054389888616185e-01 4.307725963480579789e-01 4.733529888932646590e-01
9.709954331066487088e-01 1.782410869201829229e-01 3.315943265419684094e-01 7.846628393754876418e-01 1.168776291659591182e-01 1.130100541896784765e-02 9.573753975206670264e-01
2.400301764528829651e-01 3.648458973803478389e-01 1.599309804185665984e-01 3.064305485201882506e-01 7.936845318143312955e-01 6.016428749622290129e-01 3.862061592725814230e-02
8.088562786593015419e-01 3.330866653280742939e-01 4.956310293059059124e-01 4.900053235070357394e-01 3.499242693052627071e-03 8.784392900412305721e-03 8.815211201821020470e-01
8.415166307199173357e-01 3.939770536682517532e-01 1.933725418504623483e-01 6.366633560404374448e-01 2.534296456176463042e-01 2.266088842324264219e-01 5.416597591099007181e-01
4.224415004535095886e-01 4.126064190094625838e-04 1.255433144007621626e-01 6.288652942850976313e-01 5.237199138100463447e-01 1.603191516328951460e-01 1.842315401768745420e-01
7.338235758509260576e-01 1.289837810100579463e-01 8.617419019032444005e-01 2.049512044730911475e-01 2.021209896742530154e-01 1.937365203524881244e-02 7.251247257664908963e-01
9.462124373870582916e-01 1.856008472213883376e-01 2.782835744452447080e-01 6.793729737974028016e-01 6.840047158348937506e-01 3.502132542504545615e-02 6.824496090569349693e-01
8.172096271211009011e-01 2.025514167042021252e-01 2.989838804131227379e-01 8.440375048198085484e-01 8.433816589613659653e-01 6.917503287870859774e-01 7.594215386562556958e-02
4.626565592228337187e-01 4.217717866453539188e-01 5.542508335152716153e-02 6.276331368725587279e-01 4.334778430477564393e-01 5.438332078390045732e-01 1.406437825924595486e-01
3.088513725680420152e-01 8.473557822246419874e-03 2.981895175253979069e-01 7.082046975981995951e-01 2.935936290981845942e-01 6.224362843731993250e-02 3.017327638764170233e-02
4.646848851875873265e-01 2.117128407756708186e-01 2.404849171307376354e-01 9.149347019961411309e-01 9.534498521834814388e-01 7.643290228818021559e-01 4.067795788919628674e-01
3.824844333902919363e-02 5.055675321097871100e-01 5.083671743956427180e-01 1.047621483307459161e-01 2.714743543069582724e-02 2.463361802368604914e-02 2.044421201851609471e-01
7.996531108702311652e-01 2.581796808410400379e-01 5.443333505801136729e-01 9.058268880211021654e-04 3.520812402364680970e-03 3.508304668543692217e-02 2.939161498398917827e-01
1.289393051884611119e-01 1.673889261642623749e-01 1.095665514974096810e-01 8.088969531075467234e-01 9.613978693403065767e-01 6.959411214620491171e-01 8.489159679765193589e-01
8.481788817213754550e-01 1.261576343196167127e-01 2.060642562907065156e-01 9.566090977694929887e-01 6.246493198458060725e-01 4.009646969022179763e-01 8.236833067118923823e-01
8.722847035781144953e-01 4.233735394496068727e-01 1.615516688180828886e-01 7.983365131670534520e-01 4.004225306467986134e-01 1.280860187591591759e-01 3.127105970645729371e-01
1.441950382877204839e-01 4.966594726555707551e-01 1.330917863810049395e-01 7.003534311297262560e-01 3.570114281322074312e-01 4.414286990329481242e-01 2.039901454715104673e-02
6.851171273621993185e-01 8.716551753490633936e-02 1.639535653521880243e-01 9.574645951509492825e-01 9.121321415980078173e-01 4.104621650698285218e-01 6.913679091877088512e-01
4.773922251411701900e-01 2.276624107565766442e-01 2.557594635134056715e-01 8.870277398823963599e-01 5.619864621234321733e-01 3.130159988996399356e-01 1.076600243349471464e-01
1.825399098815108090e-01 4.732405165115549650e-01 1.221742300176570234e-01 6.057855842237317434e-01 3.571400207879666944e-01 1.151166131599957454e-01 4.746873646352441356e-01
2.499253068201272576e-01 6.641271892378497466e-02 3.071797504692125869e-01 3.853020930460676063e-01 5.122104218405834075e-01 9.117440925174959132e-02 3.313468458037908682e-01
6.228917768376227571e-01 1.509291017050060635e-01 3.146337418823559329e-01 4.328070191931517319e-01 2.569529158777020261e-03 1.164576627498451703e-04 2.454907131671355824e-01
5.031261016450159218e-01 2.211280736385815571e-01 6.474572944934843532e-02 5.265313520864423752e-02 3.748488449864684907e-03 1.088238945827571247e-01 1.028763410168374304e-01
8.701737542643008805e-01 4.451334882663088299e-01 1.082955874498541110e-01 8.528216698780557437e-01 3.587323132258056213e-01 3.863768792153863818e-01 9.903206375604872713e-01
8.964363713284618784e-01 2.064205714028084868e-03 4.999004770030680556e-01 1.975076825570574179e-01 1.769082721165511352e-01 2.341569888254186327e-01 8.727842693968790311e-01
6.825311277758422390e-01 7.741106674070025173e-01 8.679108312004393255e-01 1.370106429021921216e-02 1.489577456812407608e-01 2.708172045577781142e-03 3.349525625805622187e-01
3.741329344601259099e-01 1.751796168736417247e-01 3.260107198058592171e-01 9.136489377158214520e-01 3.823170900028748931e-01 1.629818648326121222e-01 8.544892286707856943e-01
7.040779271377766158e-01 8.484990962473447640e-01 7.839332515839919635e-01 5.509391278331447067e-02 2.781907235295970338e-03 3.125035652208475734e-02 8.572528652242743519e-01
8.536401816325155378e-01 9.487048851644913627e-01 3.867641088055148724e-01 3.351979978146502753e-02 8.749678669699924305e-03 2.968406536879663465e-02 6.148029865378807912e-01
3.864791234199890790e-01 8.000480872844026869e-01 1.376435694308341673e-01 5.657322466050080934e-01 8.830954052059607484e-01 2.484650714494028301e-01 6.962136943993353366e-01
8.381873714752099414e-01 8.071192878446903363e-02 4.604619931225714669e-01 9.922497142438102546e-01 9.577274338797638897e-01 2.268928497774275743e-01 3.560762526762096813e-01
8.494197653221537969e-01 3.599676963476277081e-01 4.030271125118740083e-01 1.209698388213889114e-01 3.466147229820639719e-01 4.968302257513039499e-02 3.904964785590933074e-01
3.096312142968600800e-01 7.740227547307602096e-01 9.817892361680549684e-02 6.257488440040100963e-01 8.352050363162076829e-01 5.154193287988039635e-02 9.113054636870254743e-01
2.085716516040457547e-01 1.491176985026692881e-01 2.867059671498926043e-01 8.282299331151828925e-01 4.891230803409341021e-01 3.214422221250727574e-02 2.677343461883807674e-01
7.021189141002102119e-01 4.670156527886847320e-01 2.308886429862362366e-01 1.137156429532104190e-01 3.663021956182573036e-02 1.475164543766378511e-01 2.107836308939802783e-01
7.253889495466560311e-02 5.359484068722036865e-01 1.495143135420655932e-02 9.371127678342340284e-01 3.108305452176610695e-01 1.799869987672400029e-01 4.106738419685440067e-01
2.569357397675399168e-01 2.194157880874582078e-01 6.379057051121930777e-02 8.281363480285302003e-01 8.707156903784467605e-01 5.902750602371906741e-01 3.379613718025262226e-01
1.434751376767801068e-01 8.115796162890476229e-02 5.048499936075648842e-01 8.749276083371917423e-01 4.480292448432930952e-01 1.826379951167331483e-01 7.335633691259233480e-01
7.921083067228953389e-01 1.562854407953091496e-01 1.484504691163938128e-01 6.670320836575127643e-01 7.172899832971668665e-01 9.406483810548259550e-01 8.753224290547387265e-02
6.671815574117057057e-01 8.180800098157139377e-01 6.178768369041573449e-02 8.721547851322428713e-01 5.641688816968601916e-01 6.073935948776304494e-02 8.868500307651924208e-01
9.006892974597836554e-01 2.194212337321451434e-01 4.694061170811829609e-01 9.077778812348584747e-01 6.285348260066611070e-01 3.527538143264209447e-01 6.479697300456881137e-02
3.150141496084140624e-01 7.748519531049703479e-01 9.569225419320191717e-02 6.471091833587487852e-01 8.990329781773491735e-01 3.356095621711572274e-01 1.098162144132086848e-01
8.550983357838489729e-01 1.390994418187246895e-01 2.130963000031077803e-01 9.630513063241411542e-01 7.463513803871991703e-01 2.780096046785448527e-01 4.208604671376117712e-01
8.411116115638942459e-01 4.177685998860333760e-01 2.455440348951064278e-02 4.169994426349649813e-02 3.169698168644164982e-01 4.938898867517320379e-02 1.835940842988798560e-01
3.278949661011071326e-01 1.294222430237471355e-01 7.540103791588316506e-02 6.989287593677333543e-01 7.735308358030065223e-01 1.966155581125663410e-01 6.277511539909085281e-01
7.992444394826109244e-01 7.293026927693510575e-02 1.522553448073001026e-01 1.022631520412919104e-01 1.374533564097603182e-02 2.337189404864234987e-01 8.907771733836010730e-01
8.420592939159132762e-01 3.515832534932627484e-01 5.557044335856784478e-01 5.812287075140878945e-02 1.175035753172865155e-01 4.492927723424157416e-02 2.365124269949181735e-01
5.104159667739495143e-01 3.757359327352004508e-01 1.226708175898416214e-01 1.368985554792984116e-01 3.489338141688716477e-01 2.303772577067706925e-02 1.697652888455802311e-01
9.483008922194184620e-02 5.922449533091188600e-01 1.105364591630660781e-01 9.749832101643692850e-01 6.029970752256725852e-01 6.818330197258813674e-02 5.149140631561398562e-01
3.297254179637965077e-01 8.183781729747289235e-01 2.818640921078207073e-01 9.987933419956189773e-01 1.925511385613264126e-01 2.546527632679704833e-01 3.949749460152316427e-01
7.442254871092651713e-01 6.405137952151190861e-01 2.782290172088453528e-01 1.376440347165680256e-01 1.726966506974485574e-02 2.832070070979155179e-03 6.900183001608843902e-01
4.304981015624213536e-01 1.721678567133140825e-01 1.228425826327630005e-01 9.964504414830477330e-01 9.304463710616290850e-01 9.838907626912664073e-01 2.098643850033035385e-01
3.192772880616066011e-01 7.589763827125299844e-01 3.469049557814499196e-02 9.806755466807010047e-01 9.723475891416680783e-01 6.996027938882175556e-01 7.442813670347173671e-01
3.145668218024430529e-01 7.803903082913842271e-01 6.346825356256743933e-02 7.506379811485048847e-01 4.079377983350201964e-01 1.343603699131899198e-01 9.711396275856405413e-01
9.895727358808112939e-01 1.083039027573369090e-01 2.280814355098926827e-01 1.099115822665196612e-01 3.424665804021742588e-01 1.462118331212910669e-02 3.071271868361861168e-01
2.747423504763568114e-01 8.553591316188616789e-01 8.734509068537844867e-02 8.965844349037417338e-01 4.011294936528939092e-01 5.605515286369782135e-01 1.528314240780401789e-01
6.036443833738948106e-01 3.348838073589429642e-01 2.019228455277077006e-01 6.120932670770056622e-02 1.913022469992484847e-02 5.404834608047075217e-02 3.893289454836552088e-01
9.408341071924999355e-01 4.459264747135307377e-02 7.035780233521489180e-01 6.885791325361937387e-01 5.347801890539186642e-01 1.093631430981495678e-01 7.473954893776683095e-01
3.043025853391277957e-01 8.480053817138125116e-02 1.489993610577944050e-01 4.981804329268270659e-01 7.932218853942036851e-01 3.006225892617791495e-01 2.176802483414564948e-01
3.052026187717586936e-01 3.756751811116771419e-03 9.162498727812291854e-02 2.235032882490777251e-01 3.392938836582215512e-01 1.339150463935018798e-01 6.377444024720634042e-02
2.034321151052189136e-01 7.512584007567451039e-01 4.735974855966397501e-02 2.947108919450605047e-01 5.851781731507654793e-01 5.916060166151835276e-01 6.137948474614676742e-02
4.200635300791328852e-01 8.129324518623280982e-01 1.584701001770005280e-01 9.021834790053380182e-01 4.418861452094284270e-01 4.975025908547711651e-01 6.280890076745586637e-01
1.950047114533902393e-01 8.217984064614893003e-02 5.732693693735665397e-01 4.551473712503505964e-01 9.879373932176812589e-01 3.242919691849163732e-01 7.757858166766773422e-02
9.953632621968079297e-01 5.004104223521178667e-03 4.601853034809199050e-01 4.989517923182183214e-03 7.846638841299273526e-02 3.580238370942682991e-02 4.949569102042565283e-01
2.946055919998770145e-01 8.522381949546197211e-01 8.475242526488215022e-02 9.462056981149261636e-01 8.106986775517572852e-01 2.509462292971607611e-01 9.760808878133188093e-01
2.112739306446336507e-01 9.668563654881654479e-01 5.946286813242374070e-01 1.348307114597592157e-02 3.462673776836175388e-02 3.521717814345065589e-02 6.316359801197719559e-01
7.235468684227995828e-01 1.443583692990154099e-01 1.050294422412855616e-01 8.711219488325355753e-01 8.329916966692800795e-01 3.894945570291563630e-01 7.702754827863690368e-01
6.059403425092670936e-01 4.469266399590988287e-02 1.918996919250716138e-01 5.076898045172030249e-01 5.847006615378256278e-01 2.956637660757343022e-01 9.555744575389403250e-01
4.973780795994905413e-01 8.424535142869209459e-01 1.522232118910189502e-01 9.143664282396257725e-01 4.931508216476441775e-01 1.949355198806410061e-01 1.756447186780371039e-01
4.747431549770282366e-01 1.664291238100290282e-01 1.195874321070481139e-01 9.342389983096538453e-01 9.043906475175313986e-01 1.718193734997992550e-01 8.484684195311430477e-01
8.079833712202997287e-01 4.370927550194426137e-01 3.048681867266527824e-03 4.722855531969660792e-01 2.904800572092623989e-01 2.560295233841439200e-01 2.867321163820616414e-01
8.705761989815653523e-01 4.282776787831220622e-01 1.679206976286317932e-01 5.027400891862008336e-01 7.277955082477174376e-01 1.408681070405481406e-01 2.363481414992095464e-01
4.841534902090866566e-01 2.161805070096921577e-01 3.808865439288167815e-02 4.032635606802367767e-01 2.270416999056459884e-01 6.848813573667293653e-02 3.772874639956818599e-01
2.413917105537206897e-01 1.787555565355724019e-01 1.626813596226120706e-01 9.161686074179382633e-01 9.873745349131958227e-01 5.006804132013042974e-01 6.218716030198191413e-01
1.465590051559336748e-01 2.567842220526262986e-01 2.155207769366981330e-01 4.091266747571716267e-01 3.463339378511688937e-01 3.097128637057091072e-01 2.662376446277225917e-01
1.205774911360147222e-01 2.937429522570949025e-01 3.481379322402327614e-01 2.626514188416327333e-01 1.822554646631312225e-01 4.194322915174030636e-02 2.459631804667859467e-01
9.430268132588456309e-01 4.471102389734858407e-01 2.399116216459965256e-01 4.757101868057076466e-01 5.826937577956566860e-01 1.149066087392938175e-02 1.892635927945237120e-02
2.421190062546917932e-01 1.963283753403705922e-01 1.502077992572128928e-01 9.424453501678989875e-01 8.380037183177110327e-01 7.079354007190639952e-02 1.394950074254487360e-01
7.664083051924657219e-01 7.404558391356212965e-01 4.021492432013287766e-01 5.831735915325150094e-02 4.667010623026328353e-02 1.269090350634870940e-02 6.292630116423773012e-01
7.821584275871906744e-01 3.729990341398475295e-01 6.273965913062513611e-01 9.273364991631863341e-02 4.426403834231699280e-02 3.716379636259095447e-03 2.031577497915184327e-01
3.271325009053163702e-01 8.027417813723751738e-01 1.996752720419649463e-01 7.691849821296130596e-01 7.822554497087218506e-01 2.856187929298470689e-03 4.686660993849037782e-01
8.879454928269168157e-01 2.318828730931369320e-01 1.357092254168248413e-01 8.991461273184613301e-01 5.187295889546993388e-01 3.904783364407456436e-01 6.847181978336904784e-01
8.954883407994689293e-01 1.414758722317513429e-01 4.709108773285108906e-01 5.656052837874621098e-01 9.009257613529985109e-01 2.508831757070870139e-01 3.611942981776410377e-01
8.826829014361801118e-01 1.224643916173059760e-01 3.348312487433189322e-01 9.279976459903469532e-01 5.951911687959815511e-01 2.940108881320646628e-01 6.543582881800668050e-01
7.361942385407822531e-01 5.881425789560077583e-02 2.860626112756854966e-01 6.431590507486318886e-01 3.731010117703666973e-01 1.475721506782886050e-01 1.744653905784398495e-01
4.615546864257027981e-01 2.776890553814785334e-01 2.092761572636312184e-01 8.407977157255599465e-01 3.613611981506435478e-01 5.387515341305262884e-02 1.130893696894183093e-01
7.850453085275648224e-01 1.165750241219266486e-01 2.912049004848762945e-01 6.985525305132638252e-01 5.275167846525328219e-01 2.968258937648760032e-01 2.100045588585903733e-01
4.294599779176070942e-01 8.254835693318424150e-01 1.699396510574376351e-01 8.784845127983963442e-01 6.876135223823989229e-01 2.053244599510682927e-03 3.199010551634923760e-01
8.785283837444192168e-01 2.275798330177100648e-01 9.005181128791045486e-02 9.150578584082404987e-01 9.499482277169309929e-01 1.217966122229001136e-01 4.119890210635128724e-01
2.700686981519471730e-01 8.953438219310160262e-01 5.331404080315731431e-01 9.305810560027895084e-01 1.723857541090350887e-01 1.502294785023865729e-02 1.510348858529893560e-03
2.842928484838687098e-01 8.625413404651859350e-01 1.634861488520613637e-01 6.277718148622605243e-01 1.981485696184667744e-01 3.016145792746529903e-03 2.697256156245036451e-01
4.104568158772348152e-01 5.615097427327948587e-01 1.297376451146396159e-01 5.684431478205240751e-01 1.611585287431103186e-01 7.787823179626815473e-02 2.881020962595034346e-02
