8.715120088527781306e-01 2.689931624490327078e-01 9.341460325416444110e-01 7.956182792988346630e-01 8.542152805632294288e-02 3.207159023033845369e-02 9.680590778247233352e-01
1.858625194482950438e-01 2.499985482985224161e-01 8.319727793973047403e-01 6.071528823284551013e-01 3.244575108579876854e-01 3.603276019754407811e-01 9.363726889069816650e-01
2.004613265827097368e-02 6.319149081186211658e-01 9.622269648555771271e-01 3.608713060024919539e-01 2.271875942045618879e-01 7.537137748112721081e-02 7.906686018928478221e-01
6.948222472990398524e-01 2.266129696907288049e-01 8.828015327615255092e-01 7.683845567704535862e-01 1.134800827219920039e-01 1.534072934786427644e-01 7.950960047344595161e-01
9.138627541366823870e-01 1.762900761944132533e-01 9.835282383672221407e-01 5.750318537002167135e-02 7.257013806413873391e-01 9.535152243274572226e-02 9.673516463964926260e-01
6.068421103316916643e-01 5.736439665311735547e-01 8.978519920740192228e-01 9.994192013583522716e-01 8.825490509106687087e-01 7.040430633641955177e-04 9.359950746360065077e-01
1.831748835019610389e-01 7.697490381062410680e-01 9.284006152939574541e-01 2.298385277018891448e-01 5.955342459668301336e-01 2.851804277500130658e-01 8.745209751739794202e-01
3.877248496530337485e-03 7.069095168392467432e-01 9.652083813776700660e-01 1.996093009540926277e-01 3.081416073455137388e-03 5.493584747519819622e-02 9.994131371204444392e-01
5.004608366526218655e-01 2.030421453420999389e-01 3.640238240428405603e-01 3.868585533588604353e-01 1.831372858750601740e-01 1.909672395428110292e-01 8.824118708805424038e-01
8.171588796911714025e-01 7.113266139205128846e-01 8.965100771441113503e-01 9.973118542648738982e-01 7.642484160849133401e-01 6.467937391372743233e-03 7.650905674948131896e-01
4.948317842174482784e-01 4.619817350407092182e-01 7.315943086344005586e-01 7.245525151504219608e-01 5.565213550993616254e-01 1.307615857782767899e-01 4.452081573004210702e-01
7.686855035069760367e-02 7.355582504435188573e-01 9.224930198325914654e-01 2.888603540216229393e-03 1.005938585412397002e-01 1.187364056875587909e-01 9.935216092071719185e-01
6.059853744210184079e-01 2.819012811005109070e-03 9.219314189292004968e-01 8.999334667047094449e-02 9.093871827712157740e-02 6.978373539120112656e-03 7.702057197201044314e-01
3.569338535116512445e-01 1.556770095086955907e-01 9.616136644878409134e-01 3.684489413978666583e-01 2.415311618892269363e-01 9.689235905834212015e-02 7.402604576487701316e-01
4.565218833519305575e-01 5.348509033721645656e-01 9.425372961387790127e-01 9.936435123983536899e-01 6.194566024604589716e-01 6.232375058090087322e-02 9.299776732307291072e-01
9.147413334477061397e-01 2.526114741877584779e-01 8.059797405879328691e-01 2.150815966136505053e-01 3.251236671609600282e-01 1.965031043749789277e-02 9.995038568122698308e-01
1.174403500536632672e-01 4.547468315177324860e-01 4.545754574575973095e-01 2.338475548524810571e-02 1.734469457026126347e-04 1.999609239469281596e-01 9.548673196799697394e-01
3.328094352948349210e-01 1.290920333203749437e-01 9.754340332024885596e-01 2.235474856953160172e-01 1.765529807565692846e-02 1.046398065510795311e-01 8.520755062574846272e-01
6.970992617420702642e-01 7.952495639308710951e-01 9.150732708416162708e-01 2.468026149103624556e-01 3.287475403393699813e-01 8.923805314611800432e-02 5.577481026587034485e-01
7.436521092711682046e-01 4.138325355978056397e-01 6.127533052641435246e-02 2.543457260713862245e-01 5.066874437042167417e-02 5.717352519049008208e-01 9.548907095105345633e-01
2.843094121290575815e-01 7.641677479530967210e-01 8.183503964110664386e-01 6.129612368129593314e-01 2.312330734040929925e-01 6.425994476193949700e-02 8.085795376558511105e-01
8.184202285742036009e-01 7.306487323094044140e-01 7.820943482406558234e-01 2.500381270625592900e-01 2.629667016164306467e-05 2.470351529586545525e-01 9.942708968099579492e-01
5.708899492739489823e-01 1.274429122126387592e-01 8.351399216842748663e-01 1.400284587161961525e-01 7.486064126183845230e-03 1.611868295512782238e-03 4.006866445472191951e-01
1.709125928148554352e-01 3.635258773075851768e-01 5.141823793946529442e-01 1.567809956365231669e-02 9.003947711971484191e-02 3.402276820700864818e-02 9.559465652364810273e-01
9.520804134491137605e-01 4.722677268000203821e-01 8.209061624605269447e-01 1.765194176249717528e-01 8.185602889970871893e-04 3.025353648591376510e-02 4.081012474185025662e-01
9.079845747857266947e-01 2.189976127225529146e-01 8.083546806578729704e-01 6.470211949675512553e-02 1.900883473284224658e-03 3.207534044334101053e-02 9.839612606459096078e-01
1.214037845471079291e-01 3.697788419110555336e-01 6.472872159157313510e-01 5.098657775210124060e-02 3.470323861188929354e-02 1.477968897135076461e-02 3.564089940055539252e-01
8.108160204923983150e-01 3.249228865149121348e-01 5.429395361172459911e-01 3.117803305473338185e-02 6.121092551552970683e-04 4.895345341588860921e-02 8.532753561367550921e-01
5.448220955161499068e-01 7.724392357714368051e-01 7.798486909078389262e-01 5.340912982195147318e-01 2.180958680377941827e-01 7.801360458980796664e-02 6.844351404207070777e-01
7.481755203871623405e-02 2.638190234578758897e-01 9.240770486705514042e-01 1.326582824124454274e-01 2.269497226857340733e-03 1.872906311798795253e-03 9.398080935284364168e-01
6.792908191143227636e-01 6.534952437545694659e-01 4.900250041623167019e-01 1.778741162326820113e-01 9.390730368664437777e-02 4.271767978965415602e-02 5.275111907887766183e-01
5.775534859573793200e-01 8.465638658349091683e-01 9.748471355964387630e-01 7.525553503696701396e-01 8.700597186815474116e-01 2.962604940789658192e-01 2.299226503007373024e-01
5.058765395810126825e-02 7.638745831256672503e-01 9.623180890915600250e-01 1.253049942126500949e-01 5.118280179620353365e-02 8.451734717470549274e-02 9.618497317230195742e-01
8.544720168414492445e-01 7.466772576576955478e-01 8.669207902428039958e-01 1.954543196597697818e-01 4.648184636114228302e-02 3.543139916782005183e-03 8.638181159932629694e-01
2.821785468433258837e-01 2.136186626935112631e-01 5.873905835523781649e-01 8.931241404149320440e-01 1.677826748030052106e-01 4.261757400234020970e-02 3.172618965946082947e-01
9.850506103266666591e-02 1.469093530696279348e-01 7.502302207304643034e-01 1.547557434907753226e-03 1.875133867617406486e-03 7.818980237997705252e-02 9.929827304604472715e-01
3.422508297674456412e-01 8.606662495359047593e-01 8.636514086466039464e-01 5.117802579032650762e-02 1.425767372310764560e-03 2.925035020004856587e-03 9.995066190486321389e-01
1.720511981363943843e-01 2.053450939936210251e-01 3.046300725622054228e-01 4.316990089078434623e-01 9.981857930592945571e-01 3.245090346263653780e-01 5.006811493936161872e-01
1.309056973680588210e-01 6.258202735820609375e-01 2.331047050955656896e-01 7.262283441139860685e-01 2.641573746803718703e-01 6.170673534468060772e-01 2.393911525959947773e-01
4.177509371092161250e-02 5.196525400568843267e-01 3.900133092576527072e-01 8.123482402303259242e-01 3.254947687615926122e-01 3.150093920432446570e-02 9.385951749817782463e-01
2.020789798002916304e-01 2.073642975927526555e-01 8.155761061556920932e-01 2.129795250568317262e-03 1.631886264715783725e-03 2.736401215210349305e-02 8.917046883244736932e-01
8.520239750977078863e-01 1.667516827603101881e-01 4.012367638259708436e-01 9.575928618579998552e-01 9.930513860417586880e-01 7.317897523301484242e-01 5.121928600419100031e-01
8.741627591150433751e-01 1.995235340398726631e-02 6.118169421996491053e-01 9.839136311800371626e-01 8.627324683487815893e-01 2.911646625655335274e-01 7.957708809118864135e-01
8.286528017297515314e-01 7.494662502219033851e-01 8.371639798494605600e-01 1.056809913782185556e-01 1.928516742355723679e-02 7.739822899414801035e-04 9.091157372455368479e-01
4.044108413180136918e-01 8.064948823370916564e-01 8.357712658144436091e-01 7.243998472112031517e-02 8.579900721520709872e-02 9.121598573095451856e-02 8.862360438451495348e-01
7.197912519003891729e-01 9.173428309975953931e-01 9.157106773864789329e-01 3.914257681488855778e-02 2.831181211952989770e-03 1.709247055612648503e-01 9.521164356423723607e-01
7.520275364856290334e-01 8.071499717451166012e-01 9.697934374276638847e-01 3.134051314683581474e-02 7.046889381299514289e-03 7.748012110048066448e-02 4.422653284750177605e-01
1.236771741048274115e-01 5.115197509786609809e-01 1.891257012340196164e-01 9.995121191413736117e-01 7.632319583680091668e-01 3.788856449634846468e-01 6.185885118106442260e-01
2.366982874605687293e-01 5.656049683517431204e-01 1.469250868696100609e-01 9.314798099216480085e-04 1.090530687961272366e-01 1.763945502416968958e-01 8.400806544093927242e-01
8.859227849064776894e-01 4.351941943130213097e-01 1.572100234243174188e-01 8.317956886748733014e-01 7.645787357734424861e-01 2.067394458181156802e-01 9.772895301461899109e-01
8.356124118441784487e-01 7.121697213654135661e-01 7.320022053184590538e-01 6.097360896774785266e-02 1.910671128157758608e-02 6.714952323110034114e-03 8.296767153047662768e-01
4.582890995668995049e-01 2.877299815499175240e-01 1.953870706779997080e-01 9.987279840460002722e-01 4.568289924097771459e-01 7.999820751577100264e-01 5.768885608150308153e-01
7.374508236355357127e-01 5.927596341399704594e-01 1.571742146104296856e-01 4.046402241175254266e-01 7.259684648470571267e-01 8.688509610121237792e-01 5.294345350288773844e-01
3.083843645194091487e-01 3.492110613671380731e-02 3.086076898434970128e-01 1.975333573657939434e-01 5.608374808311339388e-01 1.605207166638182859e-01 2.947698695396256952e-01
7.802893925553556764e-01 9.089074198649280123e-02 7.248470691651126563e-01 1.822879416099662531e-01 3.269430018180762704e-02 3.451303733732136864e-03 3.547446012749246314e-01
4.537080307257845835e-01 1.789850075613389213e-01 1.610709117133228840e-01 9.922173546999225602e-01 2.439901572658771389e-01 9.700151924326390340e-02 9.932502958421661754e-01
2.452710478034252350e-01 1.873016159186622065e-01 1.624888872809415186e-01 5.534037807927815189e-01 4.431971324154265202e-01 5.959366654761995008e-01 9.841897934022352246e-01
3.696728086423674564e-01 8.620142128497610967e-01 9.161234327675413791e-01 4.148550766888926475e-03 1.369409560669160655e-04 2.748566539902664446e-02 9.960384701346722824e-01
4.051141884125478154e-01 7.273108929813529855e-01 6.343073670125982666e-01 3.408459861500006682e-01 1.605975337132076741e-01 3.957271558347093959e-02 5.522371845438048821e-01
7.802387292796375551e-01 8.112871895949305134e-01 9.681234302046938245e-01 5.029403606425204148e-02 3.291948336674020703e-02 2.029245088680337386e-02 9.744287575302772453e-01
8.078888548700970951e-01 2.122441414040924790e-01 2.620719162406917047e-01 7.494658814781948175e-01 9.531718966187523456e-01 4.841751653906684605e-01 9.728357600517107961e-01
6.968669318798577095e-01 3.012533661425793596e-01 3.651740161990567057e-01 1.294496911148291553e-02 8.685935200474309559e-02 9.324935627463547261e-02 8.720254902431686661e-01
4.791598917751745956e-01 2.072599566955806716e-01 2.644843924641343547e-01 9.619845874575415623e-01 7.657770620579575915e-01 1.870635549203741033e-01 5.104905029906351421e-01
1.316185480995190060e-01 1.026622099622941965e-02 6.512241221991488249e-01 9.979980852223806487e-01 8.398914843203957314e-01 5.951708606682883929e-01 6.823700440779726373e-01
6.420863301543364710e-01 2.813594152252000269e-01 4.639155854501362253e-01 2.117343952923616546e-01 1.492081269171633036e-02 1.816663262614493998e-03 6.809229739591230457e-01
3.607823972118319733e-01 6.905010927369412688e-01 5.458902218610385271e-01 3.406415980472054378e-02 4.377656105719730448e-03 3.573506787732476375e-02 3.499898574655884165e-01
7.209240377186250104e-01 9.114686229406709916e-01 8.837942966665617295e-01 5.054483857996704306e-03 2.785559829797892243e-03 3.828092362442805322e-03 9.982846375793152927e-01
4.888607337936174968e-01 8.298118995947219023e-01 1.889412686507921935e-01 7.775355749148267215e-01 7.678837327446846883e-01 5.991613897652874332e-01 8.404356832821819889e-01
4.675342448890678626e-01 2.211473620650513672e-01 2.309112101418772656e-01 9.570046535072519456e-01 3.809094984778378379e-01 1.208808889851977798e-02 3.911636265861793693e-01
9.850625554857488364e-01 4.994634304363917976e-01 8.135761518893200872e-01 1.214947843672079253e-01 2.063963262862814896e-01 3.678285114463979155e-02 4.168709872045682219e-01
7.145382005434390837e-01 5.370087794546163362e-01 3.557056754146019628e-01 1.131115948809258975e-01 5.693246031318681513e-05 7.422376098265759392e-02 2.871308366379679566e-01
2.139469036381727030e-01 7.405562547255004624e-01 2.633165924883589248e-01 3.105518294023789649e-01 2.166380364407128056e-01 1.002581540209592781e-01 8.411339173687408799e-01
4.022292523086504201e-01 2.688407378089133215e-03 2.979715664115862306e-01 3.492298782322006412e-01 4.149320061812737936e-01 2.196752568144888507e-01 8.971209331992742175e-01
8.629743703229223462e-01 4.841938782738691160e-01 5.981351162361419060e-01 2.266010060056997399e-01 3.418318346565328569e-02 5.560233944517606330e-02 6.257314530611242098e-01
2.251645777732511622e-01 5.225820949190588920e-03 6.777986259877533115e-01 8.154225569586184275e-01 6.426874254678499598e-01 1.267900015611154452e-01 7.436234785966090444e-01
9.328645650507098042e-01 7.954275582684505741e-01 7.072839926963823132e-01 7.393176951462455959e-02 9.342413034307738007e-03 2.335221903939840860e-02 8.891402934332818253e-01
5.176856180436798516e-01 8.111598575605812877e-01 7.330304135087076789e-01 1.153458044691664103e-01 3.937014068803449535e-02 4.640228843889382393e-02 9.011982076690672194e-01
2.086592297821620312e-01 8.249068656016331769e-01 3.338980799146549217e-01 6.558931371365086527e-01 1.429563180914878717e-01 1.274779884822790366e-01 1.499238647006486402e-01
6.060017791572759327e-01 8.370291968503663638e-01 2.389940289568353027e-01 7.917723310942904602e-01 2.840686714442976490e-01 3.115967547408040120e-02 2.932354945392547374e-01
3.345779013201548580e-01 8.103903149529727568e-01 2.471413881946843971e-01 9.982213124878812627e-01 1.771377906997156082e-01 2.187679786113397862e-01 7.997705272353019534e-01
4.625564007104401854e-01 2.823050176916483966e-01 2.036602459079357164e-01 8.013125211973395334e-01 5.781949975893310167e-01 1.366108509410167704e-01 6.830749597824916641e-01
7.259052441908619979e-01 1.268421136112811987e-01 1.460934558736844135e-01 9.180096120979435170e-01 8.733714725294322578e-01 5.367096541663424203e-01 8.699219377048293955e-01
7.370422122977815516e-01 1.197077257602306840e-03 4.600967791971912746e-01 6.595038026730539737e-01 6.111472790834832081e-01 1.981752444372764099e-01 7.424973676563125791e-01
4.095967070327407034e-01 2.324054813260599262e-01 3.380114281407877730e-01 9.296508684444494408e-01 6.854393762812294177e-01 1.054826297791670309e-01 5.696240675217301153e-01
3.429562018737149498e-01 8.269453887994157038e-01 2.993192284566139061e-01 7.139470760779855762e-01 5.290160118569912084e-01 2.797658622516364241e-02 5.781673619023930399e-01
9.277505987368180884e-01 8.866092185070716114e-02 6.172162418029095710e-01 6.369460784412656063e-01 5.092676117214929299e-01 1.941407223806762006e-01 8.282055189594162981e-01
9.381780777596094856e-01 3.343792545543863293e-01 4.713138569086607887e-01 6.325816258440075668e-01 6.239074709489991211e-01 9.387280929201287372e-02 1.818303436875245982e-01
9.147490568775700215e-01 1.731407289934769334e-01 2.808990374510880739e-01 9.984747780647320603e-01 6.946681266172646252e-01 4.778501756664028932e-02 4.089579006484529988e-01
1.819003005806651696e-01 1.442296835379913433e-01 3.532682340637682827e-01 9.343835058255688386e-01 5.778758785295181610e-01 2.882653889182326123e-01 3.200253090275151369e-01
3.217162444383090403e-01 8.057593860914511463e-01 2.196787780367756016e-01 8.325636357351045014e-01 6.381308625833516102e-01 1.716570636228886004e-01 9.031856894188904361e-01
1.333285947252234316e-01 1.719694551955952555e-01 4.368175078644391252e-01 8.630950876197610588e-01 8.600143046453868623e-01 2.714556764263901245e-01 5.177811939954822806e-01
2.614037961036956847e-01 3.618660012031541529e-01 3.528227455162107895e-01 1.431020505177219571e-01 1.274034582354193201e-01 3.439327333321465230e-02 3.397892410360124904e-01
2.090848589836046545e-01 8.103620149450300181e-01 1.482430735894831320e-01 1.533696270860390558e-02 1.140722509813828049e-02 4.626790834249313450e-02 8.927747136970274333e-01
1.538585939582834405e-01 8.043863537606820227e-03 3.475246835796332312e-01 4.700613899361797410e-01 4.419612234061228717e-01 1.794723582718928678e-01 6.238975709682731408e-01
4.382400736855131540e-01 1.702065757129296031e-01 1.224833029015034297e-01 9.925984932768625590e-01 8.845825012376375973e-01 7.672192266334781907e-01 4.201235360575841793e-01
5.074806417439298167e-02 5.354092742852785136e-01 6.085914566998840147e-01 7.505204252189900949e-02 6.097416854467313518e-02 9.449822960725603321e-03 7.904260718357462023e-01
5.682811591708674115e-01 2.247144286914590228e-02 2.623617548045181769e-01 9.569736867326144036e-01 9.219588851536305585e-01 5.445855918676284491e-01 1.862854883994070065e-01
4.368177391014550492e-01 8.139609301226549132e-01 1.727313512856142319e-01 8.514927846206004070e-01 5.027007650846178066e-01 9.365177703656885067e-03 5.043412699034960367e-01
1.714106961020497866e-01 3.847460486304619121e-01 3.499475363530471506e-01 5.287823197770353811e-01 6.101237569873728672e-01 1.339773915942644444e-01 8.966552989934283291e-01
1.959295007003454547e-01 3.795832900248902742e-01 4.475791611846650642e-01 1.638898135505962583e-01 6.572726950050818140e-02 1.160842331400466637e-01 7.859533787203082378e-01
