4.310375388176617140e-01 4.906440599584759865e-01 8.175552729789890005e-01 4.918154821750775341e-01 4.521855057171477732e-01 2.442139889612127135e-02 8.023566536510196023e-01
5.608801066051267714e-01 2.476247024974379818e-01 9.980713287499289876e-01 1.953041213554138622e-01 1.508528529067385549e-01 6.955421694680632427e-01 6.558679690150079900e-01
8.138993908912099950e-01 1.347705982559599391e-01 7.462847973752393393e-01 1.566192723348796001e-01 1.528193110645390540e-01 7.153315719591308852e-01 8.602798336694371661e-01
3.030486757380912999e-01 3.360486493273430186e-01 9.537715720050683466e-01 2.639806903765329893e-01 1.418446623267953788e-01 9.403500958538391075e-02 6.465158582484866745e-01
4.096678460054524740e-01 6.797445078806509944e-01 8.775640602723500105e-01 4.646967540761619553e-01 3.136016092296000091e-01 5.055969995378095660e-02 5.767259609675621235e-01
7.134386928768499114e-02 2.035185614185390790e-01 5.605270498882473085e-01 6.658784186828281548e-02 2.642918530220622619e-01 2.879059199231265298e-01 8.435624388519293859e-01
4.487687999104315040e-01 9.854537280075030825e-01 7.538726554075934061e-01 1.754329230588514421e-01 7.618979276953634638e-01 2.594012074218998709e-01 9.918445888398248478e-01
1.259230095690879736e-01 7.059920106778907467e-01 9.965077187598000430e-01 7.780763593265088707e-02 3.906751661080791749e-01 1.646178235129924505e-01 9.499759470550102058e-01
5.807249192698664686e-01 5.944522562724887660e-01 9.888067025789748499e-01 4.013267621975897814e-01 1.912935857407903339e-02 5.659854436802016497e-01 9.159778941473182279e-01
2.734175572853190239e-01 2.932226121641165473e-01 8.395694406602318693e-01 2.013374429822537004e-01 2.666717290616085201e-01 4.518606810247211003e-02 7.804992757595319297e-01
9.234453411604952588e-01 1.561847792851400740e-01 6.048786557924563656e-01 2.844452310527728622e-02 3.272407340592908831e-01 3.308162177692275385e-01 6.635384828484580666e-01
5.467308760739186813e-01 3.616676646740710210e-02 8.712101619892633764e-01 8.679262965228025373e-02 4.064123769600672120e-01 1.726364977474587059e-02 7.704768047589249935e-01
6.579624832001441659e-01 4.511741350354880886e-01 5.264185929897395866e-01 3.565909249966581207e-03 3.355600290795579532e-01 5.662122810735568113e-01 4.465077910929948768e-01
3.105367787566226667e-02 1.765256381824786835e-01 7.460482281327220910e-01 3.579840251971854181e-01 5.811847375869483301e-03 7.535490676503980856e-02 7.735835868814717742e-01
6.545579959286433880e-01 7.134895330348067777e-01 9.676170954632907772e-01 2.177338909134292066e-01 2.000799932252323998e-01 1.861463199115225842e-01 9.261201921032660156e-01
4.336399566551594198e-01 7.450481680037959187e-01 9.287477226094846827e-01 1.299236824436618143e-01 2.650866650840464356e-01 4.383212116100470013e-01 3.465493355058630875e-01
5.369758948559570921e-01 4.893504211289749772e-01 9.811593097249973194e-01 2.895394275469569401e-01 5.937991470644493619e-02 1.105079721370327839e-01 9.634291036048114876e-01
9.565810166653824220e-01 6.434754171708680914e-01 7.962150916681411950e-01 9.838718866040929711e-03 1.227247414592711194e-01 2.687138216692837034e-01 9.111881100530752065e-01
1.856894201520936927e-01 2.449447164209193062e-01 6.677572344138560378e-01 3.543346337931359002e-01 8.141592162232313967e-03 4.086552294235268334e-02 7.159786591150186785e-01
7.793204327217972960e-01 1.002952135987900950e-01 8.582711117221251962e-02 3.202872343144980150e-02 2.766446550087232059e-01 8.762547555770299201e-01 4.455575841067180853e-01
7.113752328522454649e-01 6.201439310657446136e-01 4.690335461317266530e-01 1.619509452845577790e-01 4.537863831722708241e-01 1.786126502232694424e-01 9.986179123780765110e-01
3.277098127137421102e-01 8.220514474551855466e-01 9.383505972898671388e-01 2.036471763193149764e-02 2.372415098118407784e-01 2.195758557557392354e-02 5.909392087603685395e-01
5.267395882525285344e-01 4.016987940364920018e-01 5.602509599040939037e-01 6.692625383548695961e-01 5.271485052162181439e-01 6.211287219645120761e-01 8.732435322398220956e-01
8.242220663398862612e-01 7.940280521829010119e-02 8.742717688846125546e-01 2.451620529046438790e-02 4.981837317973578094e-01 5.291956020614918543e-02 9.667161969868665050e-01
9.752736972982163355e-01 8.518065109597472429e-01 6.579480276539824146e-01 1.479765366078514277e-02 1.524174214197562272e-01 3.205797084171586597e-01 8.671954828238694901e-01
9.688818395932918826e-01 6.072631727395481072e-01 4.044308710455817302e-01 1.556519625100157844e-01 2.818500886636510216e-02 9.466616499810975860e-02 8.598584402585198738e-01
9.132106045863328525e-01 1.160367330500257088e-01 1.432449449686088588e-02 5.893746137230166937e-01 5.181464005213408663e-01 8.842770279390090860e-01 4.501812024707643189e-01
2.270592696498260898e-02 6.275807644377686678e-01 9.147591140508715135e-01 2.277088755539962150e-01 8.250093946670222778e-02 4.164168761646240557e-02 9.289644300689259282e-01
8.652155862004846654e-01 1.384991772748875860e-01 6.219740445093815406e-01 2.975403998886033685e-02 1.094761569992879768e-01 1.855259165756826256e-01 8.898777743164455467e-01
6.775302321940719352e-01 2.395030013447771999e-01 9.942067000049198411e-01 5.605047062583201622e-02 9.336475560471252377e-02 1.281859431681983685e-01 7.954025447882255850e-01
4.903941007506200656e-01 6.403452521384771501e-01 7.037737894676601158e-01 8.222686235078832118e-01 1.435266164834725910e-01 2.706804783735572428e-01 8.179064990617511688e-01
4.473310052187902675e-01 5.722880031953216928e-01 6.958051450013003070e-01 9.194608620682276356e-01 2.472153858058141473e-01 1.299873869945916138e-01 5.968005282441346537e-01
7.346872044255912115e-01 8.711217795479223591e-01 6.279463575636607953e-01 6.951221340882060007e-01 3.013536077891343368e-02 6.011117816022342603e-02 9.951813567191016840e-01
8.425567793643380654e-02 5.125245035233069180e-01 4.974244331226533311e-01 4.979131586019452937e-02 2.663126571212099791e-03 8.808707578915619951e-01 4.395750305815702280e-02
3.710914322880030092e-01 5.144486286819872634e-01 2.311554764917669036e-01 2.105487565632095937e-01 1.070583013736512434e-01 1.429291608598104446e-01 6.246605338348483194e-01
6.939247719920504931e-01 9.269020518854390600e-01 5.194821408741525648e-01 2.614450839304094387e-02 1.609627453610179559e-01 9.441714056759195617e-02 3.605647739577018118e-01
4.433080489651737288e-01 7.627342514508201887e-01 8.700320781464779829e-01 2.740180846460312791e-01 9.258112264582285533e-02 3.818683845534143195e-02 8.569715618375077781e-01
6.339650372203680107e-01 1.040255636332965139e-02 3.958278726625921173e-01 1.419009181536403374e-01 7.215959016385460334e-01 6.119866915609339930e-01 8.858893106328049605e-01
3.710679419222806530e-02 6.209573769425693612e-01 8.716109528343015667e-01 1.270151396250693843e-01 1.516053903422618365e-01 1.525693454034828811e-01 7.395840653499741180e-01
6.203246635470482939e-01 1.954240746334812151e-01 4.688323398777438644e-01 2.569638817960280264e-01 3.174695647085852279e-01 1.137018275784962285e-02 3.463368760360694409e-01
7.480585193979429892e-01 4.290216490276455019e-02 4.209213435144814053e-01 2.054383024647066236e-02 1.548673615007850612e-01 3.040290441872601779e-01 6.558641414889321286e-01
4.092417077145853455e-01 1.839030541054005319e-01 2.861423916920195487e-01 6.098874268623621225e-02 9.336518680834762218e-01 5.394344641898365378e-01 9.289566713776061802e-01
1.819663889726694239e-01 3.208270897845506564e-01 4.885038353473055150e-01 6.896308481382788791e-02 1.159716374505711245e-01 2.477153481102386742e-02 1.113993230030141390e-01
2.112911784384437497e-01 6.600611138129446331e-01 7.187983377396269802e-01 2.753283407075117761e-01 1.370777345564810901e-02 4.100460796118010620e-02 5.031251671370802203e-01
1.997155036480587897e-01 8.965209497646435821e-01 4.466377229625925205e-01 8.893773271487148691e-02 1.125384257150241485e-02 1.905348044949735087e-01 6.828480775303911177e-01
6.364196136376143453e-02 7.317879116217227420e-01 1.071576306172657145e-01 9.930404058824341407e-01 1.458877843127615037e-01 5.923650116330303472e-02 6.542073172030864470e-01
8.834459531108167507e-01 1.188454766102160498e-01 2.135499658022516623e-01 4.166706448193955303e-01 2.124101780958271846e-01 3.397357661174960630e-01 8.992439431734562394e-01
6.779703184734997556e-02 7.234753193423825168e-01 2.872455176761605500e-02 4.122490757002128525e-02 2.033672188734798603e-01 2.126328654158406994e-01 5.994750700926598785e-01
2.853802622543591960e-01 5.927118677975384831e-01 3.255829053331523726e-01 2.829020225539347067e-02 1.985024901917886719e-01 5.389815271948750208e-02 4.516090287669438652e-01
8.143078461474824170e-01 8.765920424859156013e-01 3.689695770481684622e-01 4.610341500396603065e-02 3.799362332636853357e-02 3.214239201499578813e-02 4.913102231134771625e-01
1.085255952429734772e-01 5.726419918702170264e-01 7.451568662781902219e-01 8.784460836914433080e-02 2.624652721680686973e-02 1.730077393080454717e-01 8.519734842147148601e-01
7.780753320623459146e-01 9.029429122161936050e-02 2.965584786778596715e-01 9.557883015591046583e-01 8.976814521438636341e-01 6.049669117220324299e-02 1.896059571896429041e-01
1.260247479889212707e-01 6.418039759819352819e-01 1.313039900117929926e-01 9.972314703564006955e-01 7.905661391713133535e-01 1.131227458365068050e-02 7.815679665728552106e-01
9.896003031077915679e-02 4.451574155850104297e-01 1.275404096737515203e-01 5.082261033293911101e-02 8.247602189541689555e-01 5.804468354275549302e-02 8.477220042826667523e-01
8.042674687838733405e-01 6.814133912102732227e-02 1.272653420847877914e-01 4.978814522228742767e-01 5.062214919861816043e-01 7.337048218798647437e-01 6.983447731956738957e-01
4.956444631674719048e-01 7.422677734873001087e-01 6.777104607756769816e-01 9.486646729331815742e-02 2.785325827972884305e-02 9.990733216657388116e-02 6.953111809566492330e-01
5.437308778021332500e-01 1.262212427430884354e-01 5.812327268565842253e-01 4.033478278075173229e-01 7.400909987095336540e-01 5.580290368283027380e-01 2.978262116879992760e-01
6.194792025043871497e-01 1.575225634824597709e-01 2.714613333108539805e-01 7.219672249115902662e-01 5.456699574273096154e-01 7.743297121777596992e-01 9.799920816466143325e-01
5.326150279097998652e-01 1.269458230543576427e-01 6.048296487090558671e-01 2.988294430285669545e-01 9.108612498697870041e-01 2.759167597351480650e-01 2.105094248552521474e-01
6.582876562659167874e-01 9.676674613455701346e-01 9.492051943313386531e-01 4.163558329138077746e-02 2.914496170972566413e-02 1.075134660396608877e-01 9.930671430934761013e-01
9.421528568260071346e-01 2.860075622686952812e-02 3.046756863248768071e-02 4.800776450842628162e-01 8.906481622683191102e-01 7.125157341173857795e-01 4.353531770053397087e-01
9.109167552610506480e-01 1.372092758553126457e-01 2.295833310251239601e-01 4.839610862486329879e-01 7.613149839320337842e-01 7.323061729629203320e-01 2.579145877469203318e-01
3.097142117548861151e-01 9.011098059342272926e-01 1.482151543141010386e-01 6.017291562762745460e-01 2.285015212921061023e-01 7.217724462022145904e-01 7.990943393779639248e-01
5.502713125496851987e-01 2.561818033744964751e-01 1.887190821672730945e-01 7.199886309643703797e-01 3.133696210060786802e-01 1.279631152287959983e-01 2.153048859016445382e-01
4.269837644809517663e-01 1.403061873065039045e-01 2.183558794198667830e-01 5.602788649480201499e-01 4.230807983307584008e-01 1.527371255964027341e-02 9.315889686236920042e-01
8.626809584167327571e-02 7.944828321183468045e-01 1.627891972890113670e-01 1.069899536167160381e-01 4.058704514687770659e-02 2.552584546864111736e-02 3.249733842300109310e-01
1.490419434746185767e-01 5.156297565648466641e-01 3.615704932409807837e-02 3.372550725752856415e-01 2.666236514754445341e-01 8.331783900498979101e-01 1.342630993771478654e-01
2.429327128110007894e-01 8.018003542287628349e-01 6.320587225366911532e-01 1.742865042147832000e-01 9.422125692284133436e-02 1.542084156153311625e-02 8.551160102413570829e-01
2.170966931499924701e-01 7.154757223875269911e-01 1.157640570658009516e-01 9.180399133455281468e-01 8.951227435292670176e-01 2.751143519145768934e-01 5.537262059084655519e-01
8.087532797355000413e-01 4.098680068850739655e-01 1.096296606526362682e-01 9.825860330596496439e-01 4.866073705458153764e-01 9.317361454202657267e-01 7.995367938446873435e-01
6.136714143256118970e-01 1.723822232802523224e-01 5.129872686971330698e-01 2.225211597452949608e-01 9.261012339116720948e-01 4.586876917151985200e-01 8.644656568395201468e-01
6.364218775089063307e-01 9.506797182002817426e-01 7.774253748819937027e-01 1.779957254170940750e-01 5.122430977919421174e-02 2.311544496576445340e-03 6.582066621488626978e-01
4.603486462643303079e-01 5.964401206658940385e-02 9.068737861873812922e-02 9.943584084756742492e-01 5.182965184472012599e-01 5.136241908986467486e-01 7.567503576931433606e-01
2.476106586258914888e-01 9.295162064018642756e-01 2.076615296405586175e-01 9.151536603836193384e-01 4.367806141474917525e-01 8.525549146150358526e-01 1.538080723102835945e-01
8.286877993248624730e-01 6.628888246182125243e-01 9.286637993567561367e-01 8.659285271838552955e-02 1.721873392171335837e-02 8.520109547622389812e-03 3.039379459209867740e-02
8.146268515990713333e-01 2.102442777763411375e-01 1.699247060740126658e-01 4.954962055170961666e-01 9.048514369637319366e-01 8.912840048065109322e-01 8.863236851384385107e-01
6.732126325310155979e-02 1.379398538134775642e-01 1.043127961507200607e-01 6.395423774763900893e-01 7.286346252653213007e-01 3.381560036455223406e-01 1.935934321464216623e-02
9.532974505074176541e-01 9.887557895286658294e-02 8.263459907701953266e-02 7.644977537703243620e-01 8.765267394881466334e-01 7.185652836736267091e-02 4.584623000350348532e-01
7.757933087445385567e-01 1.004558149403899092e-01 7.475509068105434807e-02 6.373804182779467808e-01 1.180271650108386527e-01 8.317267074602495702e-01 5.713035644002020241e-01
6.493023586604071973e-01 1.502845210620780136e-01 2.696601851758234636e-01 8.377935505631151081e-01 2.168500307736200838e-01 8.785215197254192532e-01 2.922607182345332566e-01
4.383671523663418279e-01 6.345970601318134952e-02 1.229822511226743020e-01 6.839132432667325290e-01 8.745525099114281886e-01 3.039063185838868364e-01 6.094700346574120076e-01
1.231396614104859344e-01 7.281009264190984043e-01 4.920777900200977439e-02 7.542211874883630873e-01 7.360671536461522724e-01 3.198968725250579404e-01 6.607354339402685683e-01
1.450169575877982009e-01 3.002300197769633416e-01 1.075719121340961149e-01 1.708890883687841367e-01 2.954916645733436376e-01 7.303831600606791596e-01 7.991854095987943607e-02
3.898151749129876720e-01 1.289258632340666288e-01 4.740033881401993221e-01 8.865161502804757010e-01 9.469063487240723109e-01 9.255772804072186499e-01 4.174778761384496661e-01
5.237632980087103540e-01 3.825616245315379693e-01 9.317335355640299355e-02 4.866867159822248490e-01 5.062798110890236458e-01 9.226205328853307464e-01 6.760251425552917803e-01
3.631138696503715124e-01 2.547944292868722371e-01 1.669984955050960451e-01 4.165018486612570570e-02 4.305865030244360181e-01 3.320629023062293683e-02 8.098171260045212705e-01
8.712163058672046656e-01 1.745050631451638967e-01 1.278318251661074711e-01 8.279924258657281877e-01 5.573165189895155081e-01 2.149623009684058506e-01 3.617439478144936493e-01
3.653420042539663459e-01 9.199785457184184168e-01 1.444049808457824324e-01 7.480348593064038987e-01 5.008691325753500401e-02 3.553783297054565748e-01 2.061195216380635742e-01
8.459239780931055996e-01 8.057318979798120395e-01 5.471515792764087838e-01 2.000433491153641441e-02 5.905173731518583574e-02 3.131399591885442035e-02 6.291239586277094231e-01
3.501284707039524768e-01 7.124757064455398137e-01 8.575499839522862100e-01 1.292880461794068125e-01 4.256659160202413972e-02 4.033783847273575418e-02 5.005363567160707738e-01
1.014517302482031980e-01 5.186868219362390786e-02 1.024530326214503351e-01 7.409819175896010801e-01 1.272749778322147529e-01 2.061088213680168091e-01 7.339753657380746477e-01
6.356256204607957372e-01 1.792757595916487923e-01 3.277560017386639268e-01 7.933161550078671187e-01 8.140569293097206227e-01 7.992669179366133081e-01 8.712234471612176900e-01
4.758392270632783028e-01 1.495257805012377705e-01 3.947711158539168319e-01 8.179188627157822911e-01 9.321559989803058777e-01 9.244733271906135919e-01 8.673387130990288796e-01
6.706338958637709791e-01 1.950477705364837000e-01 3.189748440607472757e-01 8.465758342590303798e-01 9.766939187971028780e-01 6.325481118832483318e-01 8.607063913943653333e-01
6.661375225259169586e-01 3.686313375780150281e-01 2.593448075374804596e-01 3.326640295422678140e-01 8.989920884452557992e-01 2.053072819483694467e-01 1.675442716088640926e-01
2.734779197907748483e-01 1.522910371974253163e-01 2.230682987345297408e-01 2.190055379807436253e-01 1.407448726660940341e-01 4.059085071273241252e-01 9.174633281515112149e-01
4.796676835848501241e-02 1.997118967291906522e-01 4.967438654821227928e-01 2.148418401812035583e-01 2.697694358429295614e-01 6.309822309070109436e-03 8.612090889852830333e-01
1.654176475295636717e-01 1.514802427665787599e-01 1.859316831377930690e-01 5.372545497653338220e-01 2.251508374713300231e-01 6.557904916172840881e-02 7.636056725645150589e-01
6.554301200481121858e-02 9.143765541015563825e-01 1.804290632050687959e-01 9.653661785442535503e-02 7.465896517139070099e-02 2.340176778812486091e-02 4.073421118412011710e-01
2.311090450590960396e-02 2.790018661019715712e-02 2.542344212170101758e-01 7.640713933843485961e-01 8.191715097843277338e-01 4.911241183090226392e-01 9.378828337709792518e-01
7.275446622896518667e-01 4.104290833061231547e-01 1.535742467317285226e-02 1.134418935957330898e-01 1.603646637859782453e-01 7.137917961186897031e-01 9.037516101531686830e-02
6.961942314399289788e-01 1.892933699921914015e-01 1.812504100702003740e-01 9.391758984144857880e-01 7.295925271400132139e-01 7.988566963363905593e-01 8.481782979264046451e-01
1.490632230936826119e-01 6.626076507439122576e-01 9.845886838663790996e-01 1.288209349367301915e-01 9.658968434597126063e-03 6.421457249929529709e-02 5.076247780306677448e-01
1.532201771466399354e-01 5.138143798625438574e-01 6.317499035097268179e-02 7.841043366986618635e-01 3.289615644816632489e-01 9.030209778447104707e-01 5.916082069332193605e-01
5.032590827745144768e-01 5.503770009894992654e-03 1.049967055676535727e-01 3.192341531365845420e-01 9.985780555347656406e-01 8.188536409919663361e-01 6.227701333253760074e-01
8.001186188981732617e-01 2.392432303800823001e-01 3.538207230538610304e-01 9.414270097878035815e-01 5.009344930630771353e-01 3.736617674695408287e-01 1.007859002004782428e-01
7.580787293637847313e-01 5.939860907789804578e-01 1.229265006156737144e-01 9.845304320595075209e-01 4.734824106958267498e-01 1.992139995863069224e-01 4.255455048526981532e-01
9.519661280925035829e-01 1.790770549707416670e-01 7.603790149888306482e-02 7.804311088430435639e-01 2.529186428132776943e-01 2.291750584673020175e-01 1.909284681258807126e-01
9.978922212185485918e-01 6.491763308445683833e-01 7.414100864705074068e-02 6.863451532468862748e-01 1.799599732530205998e-01 1.170608703126485572e-02 9.014706624736653628e-01
7.224273776505363287e-02 3.029289548271258542e-02 1.459038474876845903e-01 3.610097306112556304e-01 6.786176316324816771e-01 5.529467866425052947e-03 7.397966180695998428e-01
7.170328040224793753e-02 4.394934192344641666e-01 1.720442812545500133e-01 1.673856814605882981e-01 3.196898602103226406e-02 8.552632575131541293e-01 5.472951308467939313e-01
2.073656745088250375e-01 7.752510537458002782e-01 1.148333912845874993e-01 8.875328813370534364e-01 2.800501679073567063e-01 3.249082902890448876e-02 6.721860939368129451e-01
9.201355874602077378e-01 1.560359321171880254e-01 1.467695764466767083e-01 4.789458733083555853e-01 6.245374514640877894e-01 3.069613765007904727e-01 7.733446958881899924e-01
5.388338958690216951e-02 2.339065190602784838e-03 5.330151715844645699e-02 5.972972258245823340e-01 3.241537685539331859e-01 9.441217261225043345e-02 9.824648757088025874e-01
1.925654259143262381e-01 1.164956600244115847e-01 1.643566375062244234e-01 7.875946244737659363e-01 2.315455255002251966e-01 4.109939141196532475e-01 3.430507997270237364e-01
2.886347270850301294e-01 1.370509198899901859e-01 3.348052764375785140e-01 7.918816850719068157e-01 8.802067019084116595e-01 1.058444629098103107e-01 9.461957288765763252e-01
8.537456112136574404e-01 3.285017257900553211e-01 3.312621927216641282e-02 4.070345664290248022e-01 8.729203072722178103e-01 6.565011135163043021e-02 3.613849801691166874e-01
3.669676006845699057e-01 8.307067547552835496e-01 2.448154277796698586e-01 9.878719133747106973e-01 8.797037875971325249e-02 9.078074680923453599e-02 8.946348042612355389e-01
6.605471012656229934e-01 4.255430688357023650e-01 1.866786827067548060e-01 2.417451496561486834e-01 3.496170108801969767e-01 1.070094944238495493e-01 9.083718232177864227e-01
5.982505017164028160e-01 2.104559753624615226e-01 4.341312617324866174e-01 9.116838693598575682e-01 8.629188497916194800e-01 2.431649181654664260e-01 7.530072644706824470e-01
6.826225271557412322e-01 3.102858280723002071e-01 2.214529005075662194e-01 1.758989210600135911e-01 3.705083578627356156e-01 2.611706837416122307e-02 2.213400470883211124e-01
2.689872598895172162e-01 6.388643202116950359e-01 7.509847273729179928e-01 4.558630004109884282e-02 2.418993214857900753e-02 8.249011176643028520e-02 9.359297486673430200e-01
7.922456307076050086e-01 1.871812642811639393e-01 2.248338760740162812e-01 9.151052807788611076e-01 7.544234478366222962e-01 4.004620219367303058e-01 4.440220763238672541e-01
6.797957428465021268e-01 8.257391803116987949e-01 1.247268492019740771e-01 4.356995288888145801e-01 4.966887591478976738e-01 1.845127440750147230e-01 8.817409771716342437e-01
8.489051855734753849e-01 8.903752461702574283e-01 6.336183210291954637e-01 2.158701886997500818e-01 1.227862524776995867e-02 1.525102178180093304e-02 4.148350935943322382e-01
1.104224590033640041e-01 7.126407525405248355e-02 1.034984486842667195e-01 9.230983747137915252e-01 9.362709040393593085e-01 6.561988503805498141e-01 9.402566469996465059e-01
5.464731221857290766e-01 3.007467410047362510e-01 1.868023361980111763e-02 9.732459563974156236e-01 5.311866582641604495e-01 5.915607457052709517e-01 7.678269250258700218e-01
9.109321982815843377e-01 3.627159108890398720e-02 5.066472668856470962e-01 9.332309638138432950e-01 7.788817406653336661e-01 1.494456590708015398e-01 9.208521453613061070e-01
1.844223084594070194e-01 7.198809241862589303e-01 1.010185144423629833e-01 9.949334465631569646e-01 2.377245215344866713e-01 2.107254393411623627e-01 2.901548737698259051e-01
9.775913350936926705e-02 5.925718250256728492e-01 8.758206799016465816e-02 3.418859844245867308e-01 3.990440124888803286e-01 3.253097536457527639e-02 7.515875863160401682e-01
5.837420251268352622e-01 1.715168520727198553e-01 1.379010282025646406e-01 6.753945451675394951e-01 2.945501008371173568e-01 4.037864334728800131e-01 8.601992695559996793e-01
1.421828920231275051e-01 7.365453168999369638e-01 6.846624571338214005e-02 4.343848601779896068e-01 4.442455561782679974e-01 3.100363746494840811e-01 4.278900688560818288e-01
9.572141928821422674e-01 5.219780839387099247e-01 6.770507650393908783e-02 9.282692446719476020e-01 3.724568199898783405e-01 1.485620090714175889e-01 9.582590965744215428e-01
4.975641736437375062e-01 1.671547549685930001e-01 1.738074943543850281e-01 5.759372251055354663e-01 6.683770414826817330e-03 7.339512850177767334e-01 6.808604744095784200e-01
6.771445726911740071e-01 3.822449968490032601e-01 3.305249466930175739e-01 8.096332698922692472e-02 3.905082432081954380e-01 1.150778297718102472e-01 5.745881070080349762e-01
1.184723329317098894e-01 5.286674818297494305e-01 8.593042217063118215e-02 7.990368345886726953e-01 2.559772836845033428e-01 9.441771803436278532e-01 9.328324632395541549e-01
4.798591637044361535e-01 1.497340162782733741e-01 1.181107681372700474e-01 1.838953113539265605e-02 7.001687151826614386e-01 5.925116659840790057e-02 4.486707186483247511e-01
2.734103630521356187e-02 6.674233139556440264e-02 3.588050454138624890e-03 8.963830815382465289e-01 7.003270178817988523e-01 7.430530897809115576e-01 1.039700039569779744e-02
8.934813964336552061e-02 5.180016890190035639e-01 1.262130740071525370e-01 6.613490448594276927e-01 3.464184360798195361e-01 2.394488472235946630e-01 3.190800330143326313e-01
7.171380153497389776e-01 5.636355947214708451e-01 1.090504956507136747e-01 7.430043244898500987e-01 5.652103950466251803e-01 3.028004978284796755e-01 7.238590981008303782e-01
7.970647824110352886e-01 8.237649812141534245e-01 7.451701797321366172e-01 1.784423822776437518e-03 7.699136227338865268e-03 2.093612623916607518e-02 6.880582081273824979e-01
3.008529490318325728e-01 2.662338745544839957e-01 2.610955618544170687e-01 9.790883631807101306e-01 9.598169065313186810e-01 8.756687264659568370e-02 7.842063586148454446e-01
9.251825485579603381e-01 4.700004117567690431e-01 2.621656798966465196e-02 8.914381428165381038e-01 8.219537020709291042e-01 7.213767151332353134e-01 6.320746103022839568e-01
8.659337765572234780e-01 1.529634268975930134e-01 5.352811344348817890e-02 7.989576487357714640e-01 9.234206655711574285e-02 1.594899335338335611e-01 2.993218948315234940e-02
4.476738015178389762e-01 8.077333347949247067e-01 7.495989368448419121e-02 6.059738053595467022e-01 2.531123728428169573e-01 3.007174213450642397e-01 7.859721622087301185e-01
6.171558382215536209e-01 1.432961425991376991e-01 5.619588397344177366e-02 7.841834590571750141e-05 1.668518760942562795e-01 7.233564125482550011e-01 8.691660021636089528e-01
1.611131060875811982e-01 1.325190256168017056e-01 1.154707641674908025e-01 7.632417392890942232e-01 4.970132272135954210e-01 1.740131571129088783e-02 5.658542174780389900e-01
5.373970499436220294e-01 8.242352038095535072e-01 3.731831406212382518e-02 8.387329366758673466e-01 7.843252199164185701e-02 9.014444147775690919e-01 3.546781303443231614e-01
5.008182734056545460e-01 2.287331903835364000e-01 2.716270263834643650e-01 3.499272836162086731e-01 1.792488130490272891e-01 4.501458602631802641e-01 8.636220793162503462e-01
3.216729154939947932e-01 7.692346300201917675e-01 4.773586042597477430e-02 4.728893779423795074e-01 5.940253524946600416e-01 3.448467294272187234e-01 8.039095341944537676e-01
6.454198560970192400e-01 8.172510734453206638e-01 3.559270917364654174e-02 4.758459917098086800e-01 1.144866214709698848e-01 1.542505329327761299e-01 7.504752133994266883e-01
8.195555332100293855e-01 4.476935642575270435e-01 1.007111098711348518e-01 3.537561887106149827e-01 3.048736406823943645e-01 7.936143368954461097e-02 8.244111070650512740e-01
2.758683791815874642e-01 7.628897405749472949e-01 7.707656047750710560e-02 8.185335064913599190e-01 6.850221050407121481e-01 5.932660170450656523e-01 9.511298745452188008e-01
4.747987615940858497e-01 1.807282012069035826e-01 1.821591279676643693e-01 4.253209314584995848e-01 4.241729567121612643e-01 3.360126460223811229e-02 6.631758812498051991e-01
5.221202534417163088e-01 4.123448051751508192e-01 3.292929299453231096e-01 2.723681873328542835e-02 2.722211463933588149e-02 2.009904922095535618e-01 3.886684455349638245e-01
9.644382987263893092e-01 4.318526874335515409e-01 1.654051011884010158e-01 8.302426323863734137e-01 8.745004865738454924e-01 1.477921971155775616e-01 7.421452105468895333e-01
6.004553531214926743e-01 1.433273581582269474e-01 4.197641152851794288e-02 2.591850071713348580e-01 1.958850938620946280e-01 1.243801738705929694e-02 2.013221826160669359e-01
5.902751144976694508e-01 8.081838733565478439e-01 1.618840744880632454e-01 9.761141186482956700e-01 2.213898379501437752e-01 3.527399794406451683e-01 7.411165147470823999e-01
5.386262900039655577e-01 2.518591812858881340e-01 2.903822643663447334e-01 3.319340334057141462e-02 5.959318941526515756e-01 8.564865497862639288e-02 8.047802502345096087e-01
7.542887081153391016e-01 9.791838176900704571e-01 8.782734066232087411e-01 1.238696054014667425e-01 6.864363271844586833e-03 1.324166654058256398e-02 3.587132799807206673e-01
4.707255202925905713e-01 2.972364712588539959e-01 3.790857180861655351e-01 2.732835303285577888e-01 2.971798413638055206e-02 1.917747955834286921e-01 2.555291294086661780e-01
5.051050081150492144e-01 3.425464678824346465e-01 3.309772970882483012e-01 2.148023945747860319e-01 4.895763885198637505e-02 1.391158375767287403e-01 7.832155977602047736e-01
2.661175543800629595e-01 8.684785878432803585e-01 6.541114477424168905e-02 6.020131727258450915e-01 1.474405346552511986e-01 4.500068013975384029e-01 9.887896931271380474e-01
7.293034722321825036e-01 6.055102169614410279e-01 3.029797853147142561e-02 7.377696446591912594e-01 2.243931536703175911e-01 5.693152244608983281e-01 9.667376769597018082e-01
5.084185967793986016e-01 1.574441998515339891e-01 1.450909458305886246e-01 4.634404844546842206e-01 1.194821019834483300e-01 1.971944259818858569e-02 7.788414795849791794e-01
3.492058393351942236e-01 7.714618573615258379e-01 7.354541404559356010e-02 4.065007479368847321e-01 9.099612537039449833e-01 1.932466013955247419e-02 8.442891239429122230e-01
3.163766680705065726e-01 7.606732951022108224e-01 7.444574811479753862e-02 7.671338898122820327e-01 7.339900853552170368e-01 8.552723748941106763e-01 7.190666511887169321e-01
1.794754350309535340e-01 7.347262304541244404e-01 3.943043158326764441e-02 5.560209409976369921e-01 5.105020545798222287e-02 3.548868985666242537e-01 2.670616164041819118e-01
9.549214177353295696e-01 3.283082879737142523e-01 1.301673110240328946e-01 2.313931925542495049e-02 2.938768604181968835e-01 1.219303978058090820e-01 7.792132907166544609e-01
3.549968488157209112e-01 8.209954768614835530e-01 9.404483928043876062e-02 9.441454227934983345e-01 1.155247542791650872e-01 1.909238674667275149e-01 9.261491847071280370e-01
2.837531861312347914e-01 8.620614265368720108e-01 6.813752660772975922e-02 5.408339975516234244e-01 7.306987686338413113e-01 1.492145133803575163e-01 7.741148192964016905e-01
5.139153184303933974e-01 8.443553987169341024e-01 4.987657839624799749e-02 8.008081711376719980e-01 3.403825896652643568e-01 3.298393413223666415e-01 4.586116209776820440e-01
4.201340878149935065e-01 3.399892073520854874e-01 5.248635490782060931e-01 5.799812833880091389e-02 1.004327205012680579e-01 3.884340973237589978e-01 6.541320496317752919e-01
7.385297129800396654e-01 6.067106228108909427e-01 5.610880133862106156e-02 8.953462084263046350e-01 3.731772142471442288e-01 2.243057348558842590e-01 4.075499501032022187e-01
1.336369532230019530e-01 5.154114098421920254e-01 1.189962589307183016e-01 5.669366787509706462e-01 3.023177764071877660e-01 9.945293789841835874e-02 5.227613983934750186e-01
4.398255971497595507e-01 3.275008343654388088e-01 4.703749199212103882e-01 1.306557171315575472e-01 3.410906328227425455e-02 3.935252991022686331e-01 1.622719486843657855e-01
2.726457895564043943e-01 7.803678319541115238e-01 1.485933961179406460e-01 8.725360833358697388e-01 9.067141768524015211e-01 2.454736687788981742e-01 4.901437109779590018e-01
3.136135951776108932e-02 5.301641460210927415e-01 2.050136666644095385e-01 8.782624782691310639e-01 2.147873030759898105e-01 1.834092589213083269e-01 3.097565771868933115e-01
5.198180330279063011e-01 4.377202097044687878e-01 2.939969704792812499e-01 1.304087521042167630e-01 7.798925329793895966e-02 5.410987058905360192e-02 7.123014198376551587e-01
4.116384215226099874e-01 2.159826031923506306e-01 1.848074306168420722e-01 5.833194003740049816e-01 7.761043802467681996e-01 4.073948835485672326e-01 6.620499979728988738e-01
1.630841154668264403e-01 2.818969690383772431e-01 1.117948799262740156e-01 8.516141006713325856e-01 6.785750614941263859e-01 9.563540819615701238e-02 8.781733961555302503e-01
5.077300085810788621e-01 2.481388360081800137e-01 8.572862348019349987e-02 7.168857697959070130e-01 4.880947453715507312e-01 7.342862591592735910e-01 7.164024262804911114e-01
4.451632720196094795e-01 2.702091571230335054e-01 1.575181080099402053e-01 4.405880216179796083e-01 8.925984221843550337e-01 3.163145696894744674e-01 4.915398295603785606e-01
4.549660583377441725e-01 2.053205412264966778e-01 1.462019588941428916e-01 9.945957455689633520e-01 9.590325660442187150e-01 8.778161491821749873e-01 3.470278314779740025e-02
4.647272391538952441e-01 8.152202271558404156e-01 1.115856190213440624e-01 9.941969977465943131e-01 5.982514194471615365e-01 1.344395173358053919e-01 5.786900494100906123e-01
9.565670088705418017e-01 3.503391376767435172e-01 1.783001690287279173e-01 9.805987082183920123e-02 2.061800541888860749e-01 4.044787360273011112e-02 5.015282930685800444e-01
1.349587178541491461e-01 4.609655091095283819e-01 1.046555646541384166e-01 6.937647401253306256e-01 4.104762847706864282e-01 5.671491568809465811e-01 6.732992647052085111e-01
1.079557442351575247e-01 4.562762586616901928e-01 1.007895239364591244e-01 1.491961154944752010e-01 9.840685386359919740e-01 3.267601450565380539e-01 3.318740666735064959e-01
1.170616734560614991e-01 1.127746493968700969e-02 6.254381909677478313e-02 4.560829901150897925e-02 4.511647104710634348e-01 6.303493245743434503e-01 3.962109683864003529e-01
1.875945851299505307e-01 8.347691481286401149e-01 1.830122284386356823e-02 9.640144141466411298e-03 8.409953727560393055e-02 3.380697091968491996e-01 7.859130460590562084e-01
4.872591041299378922e-01 2.936551023898703594e-01 8.543060422069964632e-02 4.578225849637364009e-01 9.727698521845484780e-01 6.754374404287288858e-01 5.401909516171552461e-01
8.566970797860529174e-02 8.268523274426531344e-01 1.877441898480442517e-01 5.602576448696972022e-02 6.856037874989073799e-02 1.497499366994705650e-01 1.130816420588109938e-01
1.255100977703871301e-01 1.983005101891512911e-01 7.254164002778384912e-02 6.759188861913709712e-01 9.871777394219616308e-01 3.097964930761953894e-02 6.653352405651187240e-01
1.679469023659149185e-01 7.423969507498473508e-01 6.370312312895842766e-02 5.583420179096811875e-01 4.122909101488582140e-01 4.380121980920614888e-02 2.257591898571291722e-01
5.824269969625197607e-01 4.561001820549625552e-01 1.182238227951539766e-01 4.657305951216166306e-01 4.888114349375061174e-01 1.799240731008979743e-01 1.620929424339330183e-01
4.391750670748768570e-01 5.310777606118342042e-01 1.325222606538533632e-01 9.272607827798187152e-01 3.516282691976657659e-01 8.023109890145507794e-01 5.439722814999132794e-01
5.217925205188137516e-01 3.149169960330132079e-01 8.417956078976203127e-01 3.857218438052822385e-01 1.105315107407533678e-02 4.014570731734378589e-02 8.608350510954813073e-01
5.335585121478434445e-01 5.325818006866158694e-01 5.221733355366784401e-01 1.854239045507211081e-02 1.979660508689096154e-01 4.432148001715541241e-02 5.541674687913897834e-01
4.429297919227401792e-01 5.107579914077494676e-01 1.235072699716943112e-01 3.143628009267508405e-01 9.017186842774234101e-01 6.095847730054877456e-01 5.420141564166518489e-01
3.411675284848381118e-01 2.390491977562705372e-01 2.627174333901862724e-01 8.055224489611787497e-01 4.728864606352640720e-01 1.360355049192540910e-02 8.414894696647394756e-01
4.166591061732551893e-01 2.436812774598771103e-01 2.375564789667035104e-01 8.509398740833220565e-01 1.224032707741832260e-01 1.974862594265258675e-02 4.756664618191073224e-01
4.682983172723026444e-01 5.098847931457453075e-01 1.690884508906469463e-01 9.955553651266382253e-01 1.969373393462940935e-01 9.019633911824559425e-01 6.889104181761623868e-01
4.768924985653457682e-01 2.890529175054331601e-01 8.754843229033903995e-02 9.921154850545419457e-01 6.953786758990139205e-01 7.389639785805872663e-01 9.420359410077900897e-01
3.121506309666697843e-01 7.442327487059279267e-01 1.674883446120656316e-03 6.254740536221583547e-01 2.903713804775173712e-01 8.532946545142702233e-01 7.625525475305833245e-01
5.490856216322772543e-01 4.549920111015884339e-01 1.449085188501134658e-01 8.563886543858652001e-01 5.553374144141675073e-01 8.033854076145520162e-01 6.664038889034820667e-02
7.904019144663765317e-03 5.852678619567999174e-01 1.774033761724427838e-01 6.408861392472413598e-01 8.062179868679664185e-01 1.782372464153870739e-01 2.478154350907479930e-01
9.260596077386564762e-01 8.457967510927786314e-01 7.944304637363086563e-01 1.163007536128177755e-01 1.176416185879780585e-02 1.181447451532074977e-02 1.226392299371372729e-01
1.588021764974908434e-01 1.778427581162298488e-01 2.122540702089383835e-01 8.137108586236554419e-01 6.329456914445559246e-01 6.066186632753622909e-01 9.482161006400031678e-01
4.367941523558829253e-01 2.096315297271121036e-01 1.435608253028988202e-01 9.823150561755018551e-01 8.742611378573630354e-01 4.839626527942894052e-01 7.286426178163236678e-01
4.368690102394364172e-01 5.462805305216520413e-01 9.829277376494591212e-02 4.960263650153471371e-01 2.824381058678419043e-01 1.174445408671323798e-01 8.874453282651293407e-01
8.108723948917317959e-01 1.875793959530058785e-01 1.217418570227660479e-01 9.157708117740424036e-01 9.391461151064542934e-01 3.134197291415063980e-01 7.566438866523739204e-01
7.100338791213958167e-01 2.779112026809122948e-01 1.757425945543774626e-01 2.474406645966944485e-01 1.381880615914905519e-01 6.678986313877832703e-02 5.111169695255750600e-01
8.358732109383335551e-01 1.488400321557993566e-01 2.779072109262552548e-01 8.020073321979035441e-01 8.798202040134872615e-01 1.129621582460726970e-01 1.238455790450236904e-01
1.325477807796775487e-01 5.059439437223782754e-01 8.298232979981845503e-02 8.063002860762011892e-01 8.490536094728620142e-01 1.710221225800577505e-01 6.742237346422850219e-01
2.281774742880557927e-01 2.265915658672467137e-01 3.654211322122367100e-01 8.802495846566724680e-01 8.579249558796385733e-01 3.662508638154575724e-01 4.543236519940387907e-01
4.907457684624149108e-01 5.138713871676756639e-01 1.375437865861324771e-01 7.956674145904427675e-01 9.033677509861703925e-01 1.945828745743272137e-01 5.083920740694687357e-01
3.377638029162668976e-01 3.937343233915182594e-01 4.546010282324988161e-01 9.962714676598488639e-01 1.140450871816798273e-01 4.965636932818590088e-02 5.773824527026585329e-01
6.972466409790599728e-01 9.638957554662130889e-02 1.064961624208167201e-01 8.406585001594060191e-01 8.152230294365523378e-01 4.857676570965336893e-01 5.811141972757543073e-01
9.208507207133632688e-01 4.292543792281109383e-01 1.151857141961514230e-01 3.696237190532215000e-01 4.786465718364575350e-01 1.133298992732960087e-01 2.830016022114407725e-01
2.334467969814011390e-01 3.485542782426549469e-01 8.195156778110090912e-02 8.764498383686696314e-01 6.255619079988301579e-01 9.942846113084748971e-01 8.546394712624186818e-01
2.583920441861515815e-01 3.708562831339841104e-01 1.789591239948471468e-01 9.323467616848156447e-02 1.455834189584113147e-01 2.650838772923491682e-01 9.411011835519702551e-01
6.710142779195089613e-01 3.381620077195687801e-01 1.477278990829999916e-01 2.089195136290623034e-01 1.385226692593033437e-01 1.399077679540927655e-01 7.761566920241402823e-01
8.339549443438071252e-01 1.698054431040292300e-01 2.014048999091824221e-01 8.853263322841329330e-01 8.778646032426494772e-01 3.058046422792464192e-01 4.527289620219659971e-01
3.024555446692184790e-01 2.163607026418832013e-01 1.046854615736491079e-01 1.795748572612513834e-03 1.086197522891629852e-02 4.983681156515354371e-01 2.459981121209901533e-01
8.520592888517857233e-01 4.342800760639946578e-01 9.696889231468125425e-02 5.048562538986198778e-01 6.059677562321399424e-01 3.985210604059683526e-01 6.265729381018720900e-01
4.133945180611633963e-02 3.604859707471803620e-01 4.207611858579691777e-01 2.231857067357071456e-01 3.770279522053017196e-01 5.093262324557445986e-02 4.760087542486211021e-01
1.072430129101302754e-01 2.484519911266530046e-01 9.680823747410154390e-01 6.265571831911831424e-02 1.101168061504561591e-01 7.386270530040461857e-02 4.203456438266726103e-01
8.829174266236572421e-02 1.688169342775357462e-01 8.252795770424520283e-02 6.308774225828317483e-01 7.381827227522768098e-01 6.636749244497466282e-01 7.038580945944338252e-01
6.941901869175777229e-01 8.542061477983393658e-01 7.354085976256872215e-01 2.663094264149457047e-02 6.999695809805750457e-02 8.598271737866713949e-02 6.808530590429056062e-01
3.874128258665124891e-01 8.421521181739202166e-01 1.810847962285087043e-01 8.832076487447120261e-01 8.602357603291100885e-01 2.094727193954812883e-01 3.379639716993051435e-01
1.151403076241535040e-01 1.650233250810754226e-01 1.124237689848031074e-01 5.313223182785085097e-01 7.933623798783550063e-01 2.168367643909836495e-01 4.361679679492291295e-01
3.544430434899477067e-01 5.238498275376710644e-01 7.813215315697430441e-02 5.984476013914363790e-01 5.270624130195529222e-01 8.632128357552204534e-02 8.145908897922686798e-01
5.072348537948578873e-01 6.135749635375058464e-01 9.238660862956935560e-01 5.859253948152120389e-02 9.860577632164278794e-02 7.271644589868554893e-03 3.129220926315712248e-01
3.891741950457878740e-01 7.881324265826337161e-01 1.286895570542161416e-01 9.603412950105746360e-01 7.553936245738925859e-01 2.561123137453671372e-01 4.879887092180975605e-01
3.436682478323025425e-01 8.051387509586778179e-01 1.610700971105645252e-01 6.304507819494180598e-01 2.570615409762382342e-01 3.477793526741312924e-02 3.065248476716815884e-01
2.557073566564314060e-01 2.778347576315319256e-01 1.571625698900023238e-01 8.038874644574729722e-02 1.234158008722209821e-01 1.094414940132069636e-01 9.754309958176399231e-01
1.015882709953854768e-01 1.547349581407400088e-01 1.451240782613699709e-01 8.079509731352922941e-01 4.674304977879964462e-01 1.838411560244601617e-02 5.086589573844716439e-01
9.595349394119834230e-02 1.097194410683424159e-01 3.469565221842915159e-01 9.669528969675369456e-01 8.201921630323898427e-01 4.904964959075761577e-01 3.341956916513493248e-01
8.034060278484389528e-02 6.055773600264582335e-01 8.624618172177189734e-02 9.562882202253333297e-01 3.518064100891263868e-01 5.143443550212201121e-01 2.091618620144429230e-01
3.586529934082770543e-01 1.674218582084785467e-01 1.935751878363207445e-01 9.450280340684711344e-01 9.970134271551764904e-01 4.418141218833460115e-01 3.198855485303386814e-01
5.276020111945873836e-01 4.759939218289403473e-01 1.410339316907467389e-01 6.761035703714397549e-01 9.075632173822838489e-01 2.009093468019560458e-01 4.291923245926627106e-01
3.783921758191531870e-01 4.975994103369698607e-01 8.620625859052100104e-02 9.819294825660276338e-01 3.659076497470961087e-01 1.318979447312726982e-01 2.499801448973122675e-01
6.462233994194899189e-02 2.801092175577477583e-01 1.460173350682327786e-01 7.661208668378871600e-02 2.562419138712597189e-01 7.159655002779419242e-02 8.341803054137778561e-01
4.050307433274165092e-01 4.511903579760012661e-02 4.437747356033017176e-01 9.153584895233386476e-01 8.151280272708589791e-01 2.218839644375414366e-02 1.033867708681905917e-01
4.038098532479966751e-01 8.102807994532494895e-01 1.004394887812297271e-01 8.998109780291441151e-01 5.402795198544784183e-01 1.450082630944667939e-01 3.216444202780117667e-01
4.505353154944424787e-01 5.209697853738821660e-01 9.509855577130427173e-02 7.983771614409609363e-01 6.669601577585804186e-02 1.711396280333469244e-01 9.150009183734537643e-01
4.617646218735016461e-01 4.727876698817283785e-01 1.306204972533204223e-01 5.393986393883885011e-01 9.363831613406072840e-01 5.997520279759133155e-01 8.219478624679819045e-01
5.949854360451634072e-01 4.558468380968194733e-01 1.834921205608560646e-01 9.529781333289668588e-01 6.595001418302659513e-01 3.424237981994033425e-02 7.240017060325324438e-01
5.031924058053005577e-01 4.406984596316239067e-01 1.867212898715192582e-01 8.966923598632010606e-01 9.003234460205029599e-01 1.236485577117949486e-01 3.324953034041243094e-01
7.058006018747248200e-01 4.081494627092027705e-01 2.423871908422884358e-01 2.118272545732240442e-01 6.497222598167853858e-02 9.995385823721768259e-02 6.587003648099152286e-01
