5.947793585836808061e-01 4.866407690752385662e-01 8.819551675148007419e-01 5.234052831928623917e-01 3.694510351114614899e-01 2.427610504232511346e-01 6.910296281494212600e-01
1.463510856286269757e-01 2.366196716270656530e-01 9.338106224052680204e-01 1.898731303459255670e-01 8.899046607585994195e-01 2.954192336958088028e-01 9.073178007530673383e-01
9.532841046652373862e-01 6.898144069288685287e-01 8.224094690936611940e-01 2.722020984127961896e-01 1.669553789957556322e-01 2.615106000200846381e-01 9.629679774315773599e-01
7.692808490745939309e-01 7.735468257480315746e-01 9.588705806584980618e-01 6.615579847578700878e-02 4.801003362705920097e-01 1.377129863178092606e-01 9.357733480885359612e-01
2.542322661436502429e-01 1.793064528694088278e-02 9.876520488895108585e-01 8.120265928603570549e-03 3.238685244705910016e-01 4.563091449601202054e-01 3.712851282628024663e-01
3.116755477314536726e-02 2.780092915881792193e-01 2.033161464957133902e-01 5.741310322685483358e-02 2.753620462580083639e-02 2.894377788563879950e-01 6.835614804353102869e-01
5.776829218173300529e-01 7.729812560569131463e-01 7.209845763917992478e-01 1.621896771137141258e-01 3.346363296796435183e-01 1.469746861367733359e-01 9.106457055208405649e-01
3.771144853014929410e-01 2.937221545628521113e-02 9.791546153414669718e-01 3.808375121663321039e-02 1.156055134716643396e-01 2.240768529681436139e-01 7.938515854675358696e-01
1.908748216139777298e-01 7.410616260238565012e-01 9.007608536172346803e-01 3.329896736756149944e-01 3.393900079361182320e-01 2.564101678152894692e-01 5.211770555098400592e-01
2.157901311255405741e-01 7.881677620454501376e-01 9.151812976188716808e-01 7.679636984707505221e-02 3.284681555080322113e-01 2.196499937207319064e-01 4.168751354620532368e-01
1.353562789955065071e-01 8.399142243506396710e-01 6.803582375922472281e-01 1.852486999863280914e-01 8.526607695969690148e-02 9.116047695380968818e-02 1.881729516044274853e-01
4.398540466516629444e-01 8.283639318365212389e-01 7.967230882056861585e-01 2.461124234020086732e-01 4.932619811852476666e-01 1.484294356031767848e-02 9.442486972180450522e-01
1.358136755144556673e-01 2.726755974094199342e-01 8.692606407385490286e-01 1.427994284932866120e-01 4.182856914768334766e-01 9.083511871907257174e-02 6.598621792460751534e-01
3.559563425046539109e-01 5.544731334026131719e-01 7.079480749855404653e-01 1.003630142336024988e-01 4.579652863270992080e-01 3.870802282120813231e-01 5.594798213040999002e-01
3.733081577562211706e-01 9.487200927195917899e-01 9.542162460937124724e-01 2.276582369734758693e-01 3.032105838313092216e-01 9.303723407768010878e-02 7.993901020201552576e-01
3.868957994290767033e-01 1.164091400519993158e-01 8.108703578684640645e-01 6.514249349916219345e-02 1.035640452580381954e-01 3.187097693175928725e-01 9.237072544809108443e-01
6.213647295703763618e-01 6.911103063425394488e-01 8.888834358262234225e-01 2.411539346407298723e-02 3.375759320770246319e-01 2.191848280567824103e-01 1.675226186890984570e-01
9.265182752218804607e-01 5.765425173527538583e-01 2.743611193831358985e-01 4.464207355496707663e-01 2.433614772949330707e-01 1.211117226007747405e-01 8.729449112632834407e-01
1.177891021625567802e-01 8.801941777050448223e-01 3.566657040462816175e-01 2.803286055927712850e-01 3.282158555642169517e-01 1.653488093268902226e-01 9.195966149237617682e-01
8.282449611912898746e-01 4.043195803595005522e-01 4.340043015282764038e-01 7.750642300179799715e-01 4.420456925297283624e-02 1.325420262182563924e-01 4.235905228713434667e-01
6.275625606568535630e-01 9.610650417328783224e-01 7.332922611161032389e-01 3.478031933616234639e-01 2.320538458101499835e-01 9.435941987006402076e-02 9.025784342656762993e-01
3.741561727151402894e-01 8.041245191769643696e-01 8.482638735226348814e-01 2.461786835573742671e-02 2.778561198313025393e-01 2.306005742577612594e-01 9.370480894552670748e-01
6.553631389867864421e-02 3.151935026859709055e-01 3.484596615347397286e-01 1.101698532750816639e-02 3.450871645416597744e-01 2.250871776609475461e-01 6.629001750159220219e-01
6.456609493048413029e-01 6.774194579501675584e-01 8.135206299273227692e-01 3.195164055493249222e-02 9.672145168344273292e-02 2.805851561932068416e-01 3.590233112974032803e-01
8.988269875602301617e-01 8.626067500015777156e-01 3.931652019232938500e-01 2.341455105853398333e-01 1.499722948151970547e-01 9.211305369854683178e-02 6.365673560068589865e-01
4.279979132090075411e-01 8.335054942766159103e-01 7.951943463261065270e-01 4.422180613621765621e-01 7.845317298644388648e-02 4.053906856508952133e-02 8.232334274428780851e-01
6.280207630624008441e-01 3.199790978672506503e-01 7.838510313674482699e-01 2.873716395166225901e-02 5.971775666633830637e-01 4.361251205429805822e-02 8.591050649528031435e-01
4.611732321026940085e-01 6.234335506608701394e-01 5.668243821264937754e-01 1.254425365735230002e-01 1.311906309369677004e-01 3.879209215388090826e-03 9.193052121740614702e-01
7.886095901501155581e-02 3.415007004716356098e-01 5.290608332383386347e-01 3.807583757774035682e-02 2.951148975337236635e-02 4.648533646508467565e-01 7.052485904203562583e-01
9.575790420123553304e-01 8.639159356423649072e-01 2.645347331057195106e-01 5.955652959514523559e-02 9.747324721345185239e-02 3.779200127736334069e-01 9.173896989320011741e-01
1.213257089547052914e-01 4.677040095605887182e-01 8.821718765703390197e-01 2.676195353262045273e-02 2.346057432270079457e-02 5.952744947170807155e-01 9.800918689342472678e-01
8.539453784421968674e-01 8.925929723385603864e-01 9.004747485097799320e-01 3.943236851726981129e-01 5.406476518304836887e-02 1.091188315022932898e-01 3.486058888019307744e-01
9.359954075087064673e-01 8.565012260795745735e-01 7.254049430960249900e-01 1.663233244673984479e-01 9.015848713444452045e-02 1.068475836111782151e-01 2.745518502028803098e-01
4.016930689358559903e-01 9.260684897590547582e-01 4.690648908097552194e-01 4.535607096881777434e-02 3.323738967625291529e-01 7.591381891171034013e-02 4.481495897125231664e-02
8.066062039376102888e-01 9.756842404903349752e-01 6.020629151853471583e-01 3.054228886926257935e-01 1.627718409682010758e-02 1.513578130889592366e-01 6.232444817608397969e-01
1.129704374650128962e-01 7.681689085561211883e-01 8.299300272905325848e-03 6.684260553299741225e-01 3.909493247870265975e-02 1.286851970193625405e-02 4.476054518092356105e-01
1.654356430480752316e-01 2.630283165968093639e-01 8.178547717464496047e-01 2.975473678565876412e-03 2.413509668657045637e-01 3.622997606897460088e-01 7.367007339080640094e-01
9.186074045791224885e-01 8.381525103860978376e-01 9.925696284720399998e-01 4.306671954958224413e-02 1.412934388618784960e-02 1.224982694466369981e-01 8.815003464858458537e-01
8.142814617352569506e-01 1.948285022940206557e-01 4.436506368794477240e-01 4.618634276349413703e-01 9.120306787970009488e-01 1.312082584103206884e-01 3.671535741697709021e-01
2.061174527768931952e-01 8.048941326689300624e-01 2.969869023915183703e-02 9.591111866784851614e-03 6.761644431356548246e-01 2.349506835260648518e-01 2.651954905278068875e-01
8.905491238655658393e-01 7.187002182523460903e-02 4.994827280874698516e-01 3.107916082181381157e-01 5.790026116499411568e-01 9.945434542600564143e-01 3.123692309973636339e-01
4.955634783523068521e-01 9.571682757644017769e-02 2.113066855507650388e-01 9.481390015882062983e-01 7.717236139269068040e-01 5.005768787543214415e-01 6.285315674378995077e-01
4.192519366866864772e-01 9.368393374126418038e-01 9.390269409546259105e-01 1.023941321820904804e-01 5.082240984531666284e-03 3.004680444556203645e-01 4.261661306873949506e-01
9.980453214204498824e-01 4.254427761623505999e-01 7.112813431682625254e-01 1.912215889563620153e-01 1.072314737988911831e-01 1.716644024953525513e-02 1.180527141988820666e-01
5.060227409083670747e-01 5.143098569748901783e-01 9.711636816660651483e-02 6.377431653955614177e-01 7.987827108327421044e-01 4.036647904169838874e-01 5.560550327064976983e-01
9.793470636551377950e-01 4.169784799938680564e-01 1.758184470403376665e-01 5.403466231324713931e-01 4.872220914332374697e-01 7.328415415701466928e-01 1.125158397529260057e-01
1.214446075194492991e-01 5.372244882034538094e-01 9.977076813883236639e-01 2.306113464772163724e-03 8.316730291386420504e-02 4.474605601602386074e-01 8.229411005610174357e-01
2.931923389988563278e-01 8.333923226249744243e-01 4.491028220007455829e-01 3.635908757936035657e-02 7.925952125414613414e-02 2.961212552099425910e-01 3.726407707195831254e-01
1.681704928331333448e-01 4.484193999372765305e-01 1.119727685858467464e-01 8.948487798380133640e-01 6.705517608478483993e-02 2.952434663953016347e-01 1.066963714244160144e-01
4.402510136558945852e-02 8.534113820102489090e-01 3.680355157816237455e-01 2.267551080417997689e-01 5.066169534671716157e-02 1.067178713389407285e-01 4.743486179792935076e-01
1.454397328351619834e-01 2.579688095280676663e-01 5.575526531699798172e-02 3.931601343819242089e-01 7.305283099295429849e-01 9.907313417170100500e-01 1.576194180198844386e-01
6.351223645308954335e-01 9.074317095680450862e-01 5.584262218840224667e-01 1.642025724960820554e-01 2.413033885447735116e-02 1.790723239911349296e-01 1.582600416710413516e-01
8.922691065168386615e-02 8.299772410935162270e-01 4.852301003580826722e-01 1.821325482218538738e-01 3.890503865320432686e-02 1.271371415402464677e-01 1.481340727424882431e-01
7.178789887709640105e-01 9.697563611264974348e-01 9.048481159412400388e-01 1.825389489428350664e-01 3.040548859308864205e-02 1.168339753247366608e-01 3.799963112915971664e-01
1.689164984842235206e-01 6.591809741010199453e-01 2.208216115934658330e-01 3.957176811386791115e-01 1.889045432618656761e-01 4.634874454626336515e-02 5.208334043591773543e-01
7.609308731416959404e-01 8.382203995691286380e-01 2.116666697711133693e-02 2.460337347955476872e-01 7.433241914082784341e-01 5.014003548009444700e-01 4.754902311784281466e-01
2.355035599617617548e-01 8.904405324064725846e-01 3.936180677252654192e-01 2.700447619381223241e-01 2.523569203196629473e-03 2.277384591553244242e-02 5.872977844917741663e-01
9.821573918223975852e-01 4.334796262043414394e-01 2.245114323455115191e-01 4.299797306449124612e-01 7.920537909810221322e-01 2.795180377850701170e-01 8.340349157863982121e-01
4.707254291803213420e-01 7.011992863223248662e-01 4.363915307654248066e-01 7.113875035865060981e-02 2.828646558509835263e-01 3.135071683449042190e-02 4.671614934813417275e-01
7.979681705895502741e-02 7.248495002982291435e-02 3.924762712913318907e-01 2.766163033028012919e-01 7.249536096912998495e-01 7.184526003824085461e-01 7.221712932533508322e-01
7.561615506662295871e-01 6.240062984264749257e-01 2.770171431696355491e-01 1.292465498695607451e-01 3.014781370856405296e-01 5.865352615008312398e-03 8.960156510964885079e-01
7.729926419297092899e-01 1.048772275287159772e-01 3.383052844618221755e-01 2.154711037696435127e-01 2.314489992815191299e-01 1.364858200791008169e-02 2.246552063734430504e-02
8.393781631469563465e-01 6.425597196497720986e-01 6.630749514441030001e-01 1.813252653340373666e-01 9.611523254627574175e-02 6.680164239776242852e-04 6.913226407522837791e-01
4.339462288982175175e-02 8.922937225953995188e-01 6.777244614344348772e-01 5.151077837139039772e-02 1.707088906510041415e-01 1.035679042948816075e-01 2.248381477626295588e-01
6.437396635684144997e-02 8.763785588080028610e-01 7.768752846408695234e-01 4.132463466435742916e-02 9.815582338225414816e-02 1.661648739730452462e-01 6.820935324593291327e-01
1.771354399685894920e-01 1.486815587257369065e-01 2.709567491780977555e-01 7.194582428647195993e-01 9.443845799151044940e-01 8.320882074909610737e-02 1.425851554606541172e-01
9.451874210750714767e-01 6.749389275367247976e-01 3.986276854045209816e-01 5.874837384152726411e-02 7.807280863964183304e-02 1.085755975768587511e-01 1.755845448778377005e-01
6.393392421598074193e-01 2.022755605137742663e-01 3.405572369162496171e-02 1.929228428949603114e-02 8.534224275329771459e-01 4.450777253017790258e-05 6.635376446908494152e-01
7.140810632633849409e-01 1.361254230322668235e-01 4.861295552230389672e-01 4.292699590612731875e-01 9.370512005927416066e-01 2.217584666539356153e-01 2.140918659206774155e-01
4.063498540156498251e-01 9.396265513046753171e-01 8.618974042485663123e-01 9.715662142559633452e-02 1.841477460163121194e-01 3.333087370563092566e-03 6.586550208449146737e-01
5.395651952837434706e-01 2.105024433811780171e-01 7.990247320391130614e-02 9.216450300327840850e-01 1.342071050075999139e-01 6.036707248114636659e-01 6.867732289375303445e-01
6.543091019674993625e-01 1.591457491111958333e-01 3.554655240638182612e-01 2.649476634440803835e-01 4.065445043726412244e-02 1.475069834182107797e-01 3.673929621487636021e-01
9.211865162700405563e-02 8.077827876281276076e-01 5.221008215623434978e-04 3.060283601217390625e-01 3.360512135221322971e-01 8.636845995905861884e-01 7.710183981427207733e-01
8.082446860654060039e-01 4.078658644618568530e-01 9.498032376207539151e-01 6.053429548236621827e-02 1.569356746024856974e-01 5.594432165756302311e-02 4.647313562110504392e-01
6.398829499552727285e-01 8.969969974309466298e-01 2.660945557674041506e-01 6.548776721730487083e-02 6.190951930003363302e-02 2.101435981169099965e-01 8.847593629619101563e-01
5.322327828348658585e-01 4.829285043615325623e-01 5.901308123909299042e-02 2.516221112168826046e-02 9.294514997246543508e-01 8.394742049922915283e-01 5.656866241996583167e-01
4.890401320701407428e-01 4.341019438753290771e-02 1.265602497430045048e-01 5.881254319634041661e-01 4.537605497793351095e-01 2.798437850871189347e-01 5.943695659060992398e-01
6.526646802171116590e-01 1.841113464781986286e-01 7.006907863625544408e-01 9.084973900418802373e-02 5.820412881785896886e-02 2.639845603809367613e-01 9.629622174168683824e-01
9.180087527133129477e-01 2.066744655002272779e-02 7.530165503748529332e-01 9.372132260537396897e-01 7.513075292099338220e-01 1.211617460418938919e-01 4.510920569143432868e-01
8.494177168682792711e-01 4.578123778940672572e-01 2.603580709468382715e-01 9.513380763990173516e-01 5.648647393643280168e-02 1.596566271777418722e-01 4.359346334661702294e-01
8.759108045568164691e-01 3.444733360082925522e-01 4.657795344126567372e-01 9.307837084394712246e-01 7.202156673461451719e-01 6.007991755199171280e-02 3.120907721430363768e-01
2.471604786071014415e-01 1.617328508737094772e-01 1.170828408637056839e-01 3.485561484876185112e-01 1.960741489515704927e-01 8.958114091694073799e-01 5.088241674172753193e-01
7.856808578964185052e-01 1.498049970559643951e-01 1.271785537038612190e-01 8.975389711063916920e-01 9.908252359972280487e-02 5.548200799744522627e-01 4.577589326382014434e-02
8.112299267242604195e-01 1.559907466979330304e-01 1.388357466307350574e-01 4.348007039250010308e-01 1.763952030964786033e-01 3.986843743508690086e-01 7.085025875322941147e-01
8.936487789004414761e-01 8.033953701128083713e-01 2.740372619705755963e-01 8.894268638849080200e-02 7.180738495375074693e-02 9.898254504580550339e-02 7.719601568165959105e-01
5.734271273821085479e-01 4.183005778493744664e-01 9.791525179899829290e-02 1.759951903199148404e-01 9.829217556049607563e-01 2.717688025330149415e-01 8.280194551427577654e-01
5.734404931813539275e-01 8.908367645247843303e-01 7.265603178870015944e-01 1.229310805887260383e-01 2.898888782754352467e-02 1.005670104592335523e-01 5.867918075688445256e-01
1.189724605410784619e-01 8.737857622464186846e-01 8.996098147803819334e-01 8.600710955499746291e-02 9.975371494895401980e-02 6.316219746436524396e-02 6.665604576899506473e-01
1.478693469795965276e-01 1.695215437049909235e-01 1.125720513680409929e-01 6.832673237187464332e-01 7.703684422064261961e-01 2.580285559285239727e-01 2.866626956840249707e-01
5.347866999954649092e-01 3.683191188093628554e-01 1.236688703273535472e-01 3.403301408267395134e-02 4.214947542574858375e-01 1.706223042587344807e-01 7.531404090301692111e-01
4.005709370140109193e-02 1.569398907291255085e-01 1.639503245907772411e-02 5.452849592697903702e-01 8.640660597816638422e-01 2.059387499346190253e-01 4.288612050663660469e-01
4.945142866825373851e-01 4.735931662780510365e-01 3.854591044094402008e-02 5.713359012096241862e-01 2.448817619153444980e-01 2.028666670338994393e-01 4.524336517363281018e-01
5.862426301138046192e-01 6.183791080090983439e-03 2.937832073363586538e-01 3.034026917525658451e-01 7.310186148545620988e-01 9.523741768997027179e-01 7.523395995615880238e-01
1.668160407989611738e-01 9.158614594286511590e-01 7.486549169436789164e-01 1.825483496345370327e-03 1.413771540196677723e-01 1.093378839307201367e-01 4.893089928117675402e-01
6.642495890594577457e-01 7.741187305177530398e-01 7.528319258107227796e-01 1.103702600406217815e-01 6.381726691903222282e-02 6.186626469095246605e-02 8.241073333872774853e-01
9.899229191073086742e-01 9.058134558393948765e-02 3.898443038593235599e-02 8.852498731405389343e-01 2.927282571670097866e-01 8.578736260649670875e-01 6.779933863885097001e-01
9.532084158071230107e-01 3.296128502881801037e-01 2.431070544480942730e-02 4.168802494417692683e-01 6.532739223791050875e-03 3.558584365707921360e-01 2.509031253159410557e-02
4.963715679957503291e-01 4.732231246563467497e-01 1.205882095431420886e-01 9.870599943511191299e-01 2.568043089256679679e-01 2.636149290051768013e-01 2.769762435741709439e-01
1.194392441030702606e-01 7.096912850839205422e-01 6.188596217069229910e-01 6.672990868631391292e-02 1.510811921445831263e-01 5.199848843358786249e-02 4.950326683951836171e-01
7.296401213326991764e-01 1.956491605308263715e-01 2.526112792311363542e-02 6.256521452703889263e-01 4.990477320221815005e-01 5.378082708137474910e-01 1.449509699163220589e-02
1.170935985103098709e-01 1.155974400409802705e-01 2.045475096142842508e-01 3.750965874697937408e-01 7.944408721042135468e-01 5.965922054749045467e-02 2.434206145280590761e-01
6.882694966951965476e-01 3.533935882319715893e-01 3.288403180282215565e-01 5.082108756321620513e-01 2.712556349591643823e-01 3.107332501174169259e-01 8.825025027864999427e-02
2.767450928232486618e-01 1.447957013100833745e-01 1.870777882141325676e-01 5.894284982954334229e-01 6.716586847990427822e-01 9.788785531617151259e-01 3.454797795542371430e-01
1.018211734732361595e-01 5.772398315010132119e-01 7.495273503758104194e-02 6.089209765948022657e-01 9.931695844176391397e-01 5.532867878776395187e-01 9.390417485835933498e-01
6.700560654004985572e-01 1.863429632684043824e-02 2.608368171467363994e-01 8.187681504862709403e-02 5.317984137819049550e-01 5.485614036041576158e-01 8.496905437294700880e-02
4.379874658329507842e-01 3.989425921005862463e-01 5.604267129783089274e-01 2.071284321208022305e-02 1.844012514501388589e-01 2.578047480771844535e-02 7.381081850663142596e-01
4.956614848151918995e-02 9.136757075421275687e-01 9.425603238458348798e-01 1.889771165744179859e-01 1.461051742461058622e-02 1.058546454756914557e-02 8.530127932272506541e-01
8.300435115554973819e-01 1.104929116682502599e-01 3.044354005420970566e-01 1.517530801590081246e-01 9.805301913068120712e-02 8.131108014838046572e-01 8.597388467475211016e-01
9.925540282524807356e-01 3.861640221443121135e-01 2.443587999266206290e-01 9.138137384265725416e-01 4.706928188999137674e-01 6.035799458248634064e-01 7.892140389798421030e-01
9.061609984862109002e-01 1.306824403802833157e-01 3.871109305765023656e-01 6.198425986996234371e-01 1.708341484092246176e-01 6.554005924926278315e-01 6.266476642750086201e-01
1.017523073737414130e-01 5.019633520453601339e-01 9.221352298508814771e-01 1.321705169998299567e-02 1.388340035000086847e-01 6.817234929015525413e-02 2.388933374861226255e-01
6.127096053439318180e-01 2.078278463033171874e-01 2.406866500763971128e-02 6.027798531389869652e-01 5.554105565446776360e-03 3.219912495164907185e-01 3.734064315021218827e-01
5.832596519379507072e-01 8.441082012336140750e-01 4.930583653534270638e-03 3.323495812645078651e-01 7.950180398406849758e-01 9.530792052121372926e-01 2.886530210942785946e-01
2.252546300850180039e-01 4.972863351211609384e-02 2.829907399033479987e-01 3.708917978511774294e-01 6.544054712377862515e-01 9.496893603090579283e-01 5.506532641498536051e-01
8.730097993748037188e-01 2.519893486784936520e-01 5.337149015311135614e-01 7.711045302785173305e-01 7.155825680989655879e-01 1.486548347774929724e-02 9.212474982931350143e-01
8.503996878631587819e-01 1.887210918609660837e-02 2.410686601699172649e-01 5.174372967747347118e-01 4.645182287477349625e-01 4.968177975516543388e-01 5.383253342360869720e-01
5.699011251069743267e-01 9.834922176828528873e-01 6.612915940975501172e-01 5.568511366368401883e-02 9.013606936787048329e-02 3.635115580715221617e-02 6.431331860356308550e-01
6.817391480071681720e-01 2.051820031989410875e-01 3.943809102360509300e-01 8.924680001567697474e-01 5.243930113813348726e-01 2.155163329456519783e-01 3.824816494291016777e-01
5.490327344205758742e-01 2.827608683418197377e-01 5.169471829523120121e-02 8.777463853834568397e-01 4.896538297663766137e-01 2.939110338732000005e-01 3.378266967789178565e-02
9.604408889423425855e-01 4.417408342937267918e-01 8.808573886600414848e-01 1.087695953389202219e-01 2.446820506706062770e-02 2.489132491367363614e-02 1.461487605372193133e-01
2.301396786898033398e-01 8.501745228919097563e-01 5.731790390626567699e-02 5.814624347027255169e-01 6.137739815871416926e-01 9.245816464051248573e-02 4.416266874075436277e-01
2.711895820271621460e-01 8.632652541509675537e-01 2.986262222039985995e-02 5.462531311754192931e-01 4.983117229586739860e-01 2.703059024657966658e-01 4.388814487197845726e-01
3.392587493598286930e-02 6.157157373668672440e-01 2.351102787944194666e-02 2.962485416310518538e-01 5.609868386067651258e-02 3.518490069034985179e-02 8.251089206514565788e-01
7.891329524686563346e-01 2.111304350921393985e-02 1.083614890943565001e-01 8.058153593436223616e-01 6.088286270916648535e-03 7.938627782253089293e-01 9.482889216593148873e-02
7.464916227406612204e-02 5.979471624705356980e-01 3.427509101106801515e-02 6.771843256951171064e-01 9.692859452187847502e-01 7.342332711021437586e-01 1.320532767506259475e-01
7.989987179265864992e-01 3.391637064023042547e-02 2.977856344421647705e-01 1.258491266078269888e-01 6.541691623223433449e-03 9.362139936073776703e-01 4.327037841367720183e-01
7.808142706795495602e-01 5.670243405807344761e-01 6.839533285885188718e-01 5.448162128688416317e-02 5.247755919841923244e-02 7.961857428943464043e-02 5.741315295957911680e-01
5.888516938427388325e-01 5.985518458623348970e-01 1.279929027273993825e-01 1.036561587200433010e-01 1.699122461820636865e-01 3.855633778458776584e-02 6.442231611324187313e-01
1.299467900001265441e-01 9.759953035374113739e-02 4.590103929735391830e-01 2.924145793773291757e-02 1.912606969651031719e-02 3.314747391112269348e-01 3.480681725767427181e-01
9.779961140385324825e-01 5.180569433990451778e-01 2.199497108009540458e-02 5.082023764361576212e-02 8.664528032694995829e-01 4.829530557799616153e-01 2.938237566060701855e-01
6.689122668707208064e-01 4.091188387613773347e-01 1.690560357350983089e-01 9.603140877540230491e-01 9.673724485591876920e-01 5.297929053068406446e-01 6.695875492033280807e-01
1.533148099998955516e-01 5.561364224858902361e-01 4.733515724088199761e-03 2.496688116056419160e-01 4.645956987242620961e-01 9.302282149319527349e-01 5.125952505265241044e-01
9.974768682743064829e-01 3.332257182562692321e-03 7.968551388711828665e-01 3.158254398171327360e-01 7.490372982008586256e-02 2.203991945876992986e-02 7.279212924303040122e-01
9.382636026781137062e-01 1.805458942234632325e-01 6.240859968142942193e-01 8.233425822241771108e-01 7.537637708514435264e-01 7.968416400830236057e-02 7.518193423761045935e-01
8.341563552419554162e-01 1.053068333226598874e-01 1.299409667957566739e-01 1.960217142676570212e-01 8.827656039298680257e-01 5.622689147296338064e-01 1.880774522107457880e-01
3.663333093944296515e-01 7.643142964319418198e-01 2.656322616062503639e-02 6.689958425749686910e-01 4.330759261038947816e-01 3.662199186855121802e-01 1.330950759332933941e-01
7.659115231301738547e-01 2.464093512499378469e-01 3.993826556746071788e-03 1.136626453283529070e-01 7.043797883916144142e-01 4.204435233221204271e-01 8.853502654897482671e-02
9.311854194135407159e-01 1.376307765578064779e-01 7.413131064626345967e-01 9.141601413969895340e-01 8.738347040427187906e-01 6.759651248634224174e-02 5.705463109096029495e-01
5.141000725598585674e-01 7.699633944924189066e-01 5.225122099416685817e-01 3.791570393905629999e-02 3.909986333481546561e-02 6.264731391885092204e-02 1.042926626313533944e-02
4.982616387400673474e-01 5.522245105533027942e-01 2.076403891453563466e-01 5.194350910897127527e-02 1.627380393622020471e-01 1.953894810389941381e-02 9.389988890779892294e-01
6.654457712294323812e-01 1.294829128402241736e-01 3.078079574109217065e-01 3.348630141909039182e-01 1.464170274747081946e-01 1.382104347376960640e-01 7.490927046486103302e-01
9.052648566141661135e-01 1.967022100726212308e-01 3.835400176674957362e-01 9.264629496943285192e-01 2.119918394908952841e-01 3.086945075223015422e-01 1.391329202195926151e-01
4.848394566791052185e-01 5.357612071530040154e-01 6.271079123810308076e-02 9.336176979471728643e-01 8.382277944987690521e-01 9.229243810851368579e-01 2.029902467097361995e-01
2.984152123387928679e-02 6.715127226847130704e-01 6.141254932714071413e-03 5.726629330528192341e-01 4.743995502543798537e-01 9.359947218029167626e-01 7.023420361973455872e-01
1.086408211893491460e-01 3.529800667028055727e-01 7.459504262135217001e-01 1.029385210430611153e-02 9.637893088669624575e-02 1.180110579050319686e-01 7.809718945529597889e-01
1.509582234501044562e-01 7.848021617180055420e-01 2.850865031553695417e-02 4.824615794995508189e-01 8.377175812062088722e-01 2.680189036073317710e-01 6.246732750979145932e-01
8.051529429046460073e-01 7.410184323540633389e-02 5.065784091999612215e-01 3.805693611400575715e-01 2.981768272349842874e-01 8.588114146602372767e-02 8.241284304362137547e-01
1.996992573402707194e-01 9.065005956791911679e-01 6.139552756215986840e-01 5.006389832092650316e-02 8.577176136518249727e-02 7.124045446576010576e-02 1.140014538327580595e-01
2.133021454935600802e-01 7.532770392392469372e-01 6.760561116401592185e-02 3.903541354181785383e-01 9.496178008160387485e-01 8.512560780919240511e-01 9.385019490784758389e-01
5.949831204348574598e-01 9.102430696525818377e-01 6.781435308430205922e-02 1.145347541377245149e-02 1.416123987213588897e-01 1.019586256128101054e-01 6.713240686516059874e-01
1.890338644559310666e-01 1.359605078680375390e-01 5.015583168871318165e-02 6.426942422987695913e-01 5.409482357102994854e-01 8.336727480903709520e-01 4.967012647556235949e-01
9.540706334795361343e-01 1.327879679738932506e-01 6.976077792335841909e-01 7.272063719349670663e-01 9.097302708864383192e-01 9.117238226625801190e-03 6.412065020680790539e-01
9.727700733853461568e-02 5.429827882481952361e-01 3.543166826834226457e-02 1.794022345911057137e-01 7.480344973515307139e-01 3.891548944457730030e-01 4.760665210969565742e-01
2.210909784367829367e-01 7.394738856153334483e-01 5.281886973494052950e-02 9.435032622103605160e-01 7.143125351463193162e-01 4.205000092607602546e-01 5.380824689597725197e-01
9.588887735482649610e-01 2.592867394224327438e-01 6.306765832537802874e-02 4.213738263966062547e-01 1.244450180203224288e-01 2.581183448823760607e-01 9.320500252168457678e-01
9.368632497644275858e-01 5.487662980851306660e-01 1.511173070933535811e-02 9.868552662685767807e-01 5.620511999418598137e-01 7.494329796131617982e-01 4.946090219542274014e-01
4.804847828329316117e-01 4.506974954720179838e-01 9.095875793326704817e-02 8.124715415642773664e-01 4.559526658581716241e-01 8.918247691578926606e-01 8.538323158512426403e-01
9.402658989529419920e-01 1.561801173774650664e-01 6.064758790649966702e-01 1.673246801115234605e-01 6.443889631449919442e-01 1.844953677078333687e-01 8.966275904893055149e-01
4.801183565863031966e-01 1.813212586742758425e-01 7.649413201283109531e-01 1.312005895333934191e-02 4.803392877741119449e-03 2.828807883017332436e-01 4.949612948501576071e-01
8.899279081591775498e-01 4.503142843293383990e-02 4.712888511538224634e-01 2.441405315254652209e-02 4.735856796958071158e-01 2.718771269682962455e-01 1.994501011250915390e-01
4.631990710073482509e-01 9.541814314700398647e-01 9.892979280875228154e-01 1.236723377611015362e-02 1.518135502773296786e-01 9.928618554223389570e-03 6.243452550791116495e-01
7.816774890818294352e-01 4.449764540207610253e-01 7.367622998193823491e-02 1.226670242198650840e-01 4.494631783282132531e-01 3.934459127913840781e-01 3.093877057567223643e-01
9.801022583297325230e-01 6.223823256183714375e-02 9.689838736343492354e-01 9.664174333112311999e-01 1.294239571930581589e-01 6.819087111343513641e-02 6.882004798722725081e-01
1.212933087098464480e-01 7.738651514038501489e-01 1.890962893389858124e-02 7.434087062331666829e-01 3.647672845168987710e-01 4.188088582655939973e-01 5.817213155533522695e-01
2.777226375288828208e-01 6.963535402383813633e-01 9.271977411010823289e-03 6.861335018270020569e-04 1.960087924038191876e-01 9.424178924087307507e-01 1.080963947512922907e-01
9.299268883101825534e-01 2.790329765106736026e-01 4.208117422284038955e-01 7.291106172370441785e-01 5.302846399272398425e-01 5.927009739363398033e-02 8.336760258833777470e-01
8.300021136084233531e-01 1.402775471073418601e-01 5.672717633352628575e-01 2.550080564826964213e-01 2.026839909278950122e-02 1.338856755208404359e-01 9.626226978382832478e-01
3.476999734763405736e-01 9.444916171654214529e-03 1.773405791002913290e-02 1.031716432400400230e-01 2.436993792018495864e-01 5.763896096699425708e-01 1.057499719653177406e-01
9.992941042279810393e-01 3.266619722127040437e-01 3.606251529330184447e-01 9.109185656416372012e-01 9.428941338967056218e-01 2.521409000965966207e-01 2.710597242488886893e-01
9.617737421300531775e-02 4.148520817397495231e-01 6.542999096862289754e-02 5.164499910072886113e-01 3.659434575890039287e-01 8.977646693848431170e-01 9.927452737307043140e-01
2.527367551338947083e-01 1.315867304652548198e-01 8.162354747933919796e-02 2.036983851592801820e-01 5.947193023371786236e-01 7.230275989497469968e-01 3.079803225100720132e-01
1.770773340767575199e-01 7.564110721488743749e-01 8.480377918004666782e-02 8.584377903825286538e-01 6.709325880147926080e-01 4.443386688544505581e-01 8.247645715274285472e-01
9.816172868700494547e-01 8.547614870280106913e-02 2.679250059536923967e-01 2.282389108649174325e-01 1.482088932404783677e-01 9.219978344487858024e-01 9.013963107450067014e-01
1.640081311885088766e-02 5.949082712898201564e-01 4.437724297457239508e-01 2.630579603614346951e-02 4.975195159791367949e-02 8.451904477001459526e-02 7.022567066474203479e-01
9.837871170308609692e-01 2.325553991058217917e-01 4.158235014019804332e-01 2.660602503409315034e-01 7.355382159733441227e-01 2.473405644640123136e-01 4.262039175371759026e-01
9.982010710169637591e-01 2.452206156771472578e-01 1.008347699158886890e-01 6.843926658214227743e-02 3.831036830987626374e-01 3.704076706898740134e-01 9.500124467896027269e-01
7.494915854318637827e-01 3.229237173987345444e-01 3.308309149657517878e-02 5.909318597541828311e-01 6.300385288293135488e-01 9.072006839988662197e-01 6.742307721284317434e-01
5.319358944638743480e-01 8.809940631097497032e-01 6.463197894463146298e-03 4.793630194258886590e-01 5.449215779280178196e-02 9.644934373214724133e-01 8.811198115499241368e-01
1.448890694008522217e-01 7.961032581171210154e-01 5.302117986818265516e-01 5.213342222254890856e-02 9.941610713998105808e-02 1.440682512660895753e-02 1.723978692657066603e-01
6.921838370301784948e-01 3.115449641395358071e-01 1.643460572510506701e-01 2.656896199379885082e-01 1.833993434637655184e-01 2.752467655971653215e-01 8.521682394423777396e-01
9.914576969134447637e-01 3.838409290661872753e-01 1.085298440736016945e-01 3.943261891142594844e-01 8.441069182659016734e-02 8.139877066956526797e-01 3.772875167334679425e-01
3.968996103353552574e-01 2.795992590919840204e-01 1.416331475075299773e-01 1.598146775967483890e-01 5.433090912462557043e-02 4.342878826324231278e-02 3.458587127848827270e-01
9.786571499909307859e-02 6.170146691873772404e-01 5.121576590426162034e-03 8.431692407647357612e-01 7.279615770496710159e-01 5.410416610694390727e-02 8.601828625504346348e-01
9.053427293703286693e-01 5.707882225913043506e-01 6.372117206048599769e-02 9.604336775975239604e-01 8.025491532698225683e-02 2.009073152591656086e-01 3.295941740607579717e-01
1.349993998454577238e-01 8.042952129291800478e-01 2.669401323375841795e-02 7.983458840227912745e-01 3.023766715293558782e-01 1.967152167239811789e-01 1.627666692820759486e-01
1.204779399839930321e-01 6.838943684504883436e-02 1.279844248499206194e-01 5.306313818816688066e-01 1.515866516793313856e-01 7.707709249776213412e-01 2.376147548192637515e-01
7.375996030779585766e-02 4.139177049278506271e-01 2.353811539857225688e-03 7.604868606246841800e-01 3.589984037282247797e-01 9.128490727441095354e-01 4.895716788111832418e-01
6.581139611749584617e-01 6.280561847157271060e-01 1.234511628986001419e-01 1.358919349703582302e-01 3.030880303929519570e-01 3.189117866162938242e-02 1.460081613616497354e-01
9.854760209579245256e-01 3.222088579944534237e-01 8.111364383793340238e-02 3.246290755157557051e-01 5.361764404305624510e-02 2.533562658914876309e-01 7.212372238898892007e-01
5.412633221742586542e-01 8.262624503435825885e-01 6.242950042004180577e-02 7.084911251492342910e-01 3.981310531353716708e-01 8.165716642572993234e-01 5.212675163913846887e-01
7.028924379027479130e-01 3.762932121651091366e-01 2.591655053481010107e-01 9.506871165265262658e-01 8.607341972043331957e-01 1.691623143497078541e-01 2.167628542032522532e-01
9.419205499204137411e-01 6.220125492696140235e-01 1.910152709829926465e-02 2.856007219619935977e-01 6.519862407779211111e-01 2.546114627018771781e-01 3.073803963604412326e-01
4.757362949083683290e-01 4.565968310471042457e-01 1.199440641465572277e-01 9.727931534818337056e-01 5.297270524884734044e-01 4.464547068439859712e-01 7.857000381444168013e-01
5.446599581695692471e-01 2.381322624761927909e-01 2.870451150561965648e-01 1.608150296025423476e-02 2.354758010561024406e-01 1.990196554157908082e-01 9.404366181698771143e-01
4.045683477590511501e-01 2.016114421586130689e-01 5.734789373366933063e-02 6.437295506266640377e-01 4.007290075984722144e-02 3.824194157983890063e-02 9.566956819054375782e-02
2.374113479226674372e-01 1.599997584311921295e-01 7.563986577418546631e-02 3.282140231928295515e-01 2.755345930167600876e-01 7.290261669763462571e-01 2.902963570078006539e-01
9.748213578007431934e-01 7.737248959521991765e-02 8.574469466232859105e-01 9.532794980163457055e-01 7.792450589070336608e-01 8.454369406281084243e-02 3.071699154994609327e-01
6.935094749891863586e-01 3.924049611770702994e-01 2.285500511154105463e-01 9.098105075521978335e-01 3.306678235430715596e-01 1.902651593335962232e-01 8.155544369380065550e-01
7.132840504725139752e-01 2.844057679026525398e-01 4.331108607989975212e-01 1.947722873563201007e-01 1.627189912058248922e-01 1.668580876253540346e-01 6.301706408191267705e-01
3.327773772724381129e-01 7.196532036104754670e-01 5.791238273887512611e-02 8.697112788854388654e-01 5.299816345647657689e-01 1.184652683843234328e-01 3.243223656888903905e-01
4.487036808410904687e-01 1.466443897027263077e-01 1.769513465066861746e-01 6.516954135443696616e-01 7.494488555231796356e-01 6.012113366006436310e-01 5.575069453702805600e-01
8.038239389194774542e-01 5.015454245199459926e-01 1.218676321454355005e-01 9.942988730426982613e-03 6.269627139422961903e-02 1.810761615892108600e-01 4.370430375248943733e-01
9.628697510438182228e-01 6.088339361449428971e-02 1.671684609343898065e-01 1.344557520531999839e-01 3.232120231696842261e-01 8.971680796752831699e-02 5.650496695521630697e-01
7.445367397987769920e-01 2.617257567772179883e-01 2.310218015742249165e-01 1.530205170005416448e-01 1.177075984240151252e-01 5.380441622891947162e-01 4.399913313397083581e-01
9.059791354374018280e-01 3.152332948226348464e-01 1.954062664089734058e-03 6.872253082579430350e-01 3.701340669167709763e-01 9.860805023930825364e-01 1.965841758422945673e-01
1.814299968429615717e-01 2.020477008774345662e-01 6.890054205904183604e-02 3.252545716265946574e-01 2.958928880073241618e-01 1.804454471752858780e-02 2.598134474990116405e-01
2.149982044726004293e-01 3.419781448604661822e-01 1.472315308449352322e-01 5.327874509239105549e-01 9.208543221471536810e-01 5.046340767232803115e-01 7.159050268757141122e-01
7.699318140256168341e-01 3.587856197146246928e-02 6.329959149618782366e-01 3.122563060651296074e-01 1.690060149352079488e-01 1.151302187720770753e-01 8.092724453655064654e-01
2.200471564653203593e-01 3.328402920870505710e-01 7.405623905716751665e-02 7.376928269138517402e-01 2.388433567530912072e-01 3.364393727430421421e-01 1.442001072886123225e-01
3.633979363342996205e-01 9.704832168290220551e-01 5.037401123859819307e-02 7.690850166016005574e-03 2.779088487325331869e-02 6.710551277722309749e-02 6.068826605055684942e-01
6.775662171340339768e-01 3.178856697380796348e-01 3.216790277533378983e-01 6.633367935182201691e-01 1.807604925204663315e-01 1.379565049427446399e-01 9.755708156720866997e-01
1.071093044015622442e-01 4.457523425032112740e-01 4.508098552734374209e-03 5.454463832778349008e-01 7.815867616679614827e-01 7.196028084987626805e-01 9.700502236663854916e-01
6.622577784471715967e-01 3.081652310127489525e-01 3.084787396926562675e-01 1.383626466419833889e-01 6.753974588960387493e-02 5.489024282853620651e-01 9.477688246121913629e-01
3.545643357132440832e-01 8.943658240093133038e-02 6.134579024042916551e-01 5.647339544855167759e-02 8.558007484845958635e-02 3.548628910063880149e-01 6.505717893841935773e-01
7.667608434519619376e-01 1.404343157076484438e-01 5.552647718056183956e-01 3.221241168555049050e-01 6.846861012508753674e-03 5.198686492466819686e-01 4.970680839107619597e-01
1.327138740713129650e-02 1.830098376372471525e-01 9.753996072801425221e-01 4.753608827257593816e-02 5.423405636927114415e-02 1.231932221139008798e-01 5.625225625555678732e-01
8.322935625525644809e-01 1.473382741347756542e-01 2.153965558568990968e-01 7.156808362827007386e-01 6.653735202291524153e-01 3.238989674973895561e-01 8.173173768811823336e-01
2.720172354882910426e-02 8.925343458670198515e-02 5.982815088720006003e-03 8.605965635209741338e-01 3.901363147868730508e-01 9.634672114458109338e-01 2.733914247290201160e-01
4.314129313198050153e-01 8.098610992800612252e-01 1.182384698009419921e-02 7.745338328774982184e-01 5.349621494684537737e-01 3.647536353264166920e-01 8.101287220829352931e-01
9.404015981760682763e-02 7.375693084694900925e-02 7.923762096218034401e-05 4.016071058226782231e-01 7.336175440953953686e-01 8.397862281983288213e-01 9.492169878377509917e-01
9.580534810247494093e-01 1.014543453929324102e-01 8.831550552701267209e-02 9.137925242438469375e-01 2.523265152362211272e-02 5.442142385391540715e-02 8.939936530098386847e-01
4.300618046546639817e-01 4.865033119026392905e-01 3.674668198656947382e-01 2.167584635853359032e-02 1.047283099561235886e-01 6.781814336729796722e-02 7.135156934570787701e-01
2.933794248262309168e-01 4.905267721104924483e-01 7.409730461415358072e-01 3.680894637415922654e-02 4.176916177268848174e-02 6.405689631123645533e-02 8.307832996191772956e-01
7.502298239405673641e-01 2.705390651360897181e-01 2.178109149124374255e-01 8.559663432322217602e-02 1.071795867920144474e-01 1.551909413209449085e-01 7.758107973366800136e-01
2.403613415119369989e-01 8.861637212737782932e-01 5.517168452350781210e-02 6.307345534700664613e-01 6.494793705516879179e-01 4.569759207475951879e-01 6.688178075389350496e-01
9.394107212915310257e-01 2.494838902850693430e-02 7.121642960733738370e-01 4.811354249099908387e-02 1.772896695704188341e-01 3.932556125519071077e-02 2.461522062637925279e-01
1.951743965933272484e-01 3.827114862780853777e-01 1.005237045454023814e-01 1.240145711827782549e-01 7.779654883185660452e-01 8.570059702872789842e-02 1.534832346439222173e-01
4.105533932983185252e-02 2.662821584080976578e-02 3.175718089380730191e-02 4.527070395669128278e-01 8.210947222461500994e-02 9.385922430506989933e-01 6.850932198272419171e-01
3.674860061208344852e-01 8.421707101118958150e-02 2.501889053802255347e-01 5.972780803426760432e-01 2.701104407949039832e-02 1.478351385672890261e-01 5.230096755528312880e-01
1.112687242553104250e-01 1.805388289701470583e-01 7.188874192565108956e-02 3.323874311768006962e-01 9.200122617361548016e-01 7.588654412722665166e-01 1.141638294319110569e-01
4.283438147628180204e-01 1.065913187891864497e-02 4.740873962382523565e-01 4.271226720862950077e-01 1.000627846375842962e-02 1.107967760623165647e-02 6.471602952908117601e-01
3.928551793110912627e-01 2.736134553403886116e-01 2.133567558507518669e-01 1.404046011218929024e-02 5.997435689948815707e-02 2.039299407767261041e-01 9.056993707763486556e-01
5.066911995610603459e-01 4.889825342459350188e-01 4.268732983629335009e-02 8.639353157397063887e-01 6.789376223464074211e-01 3.394612511435005642e-01 9.774011446992583174e-01
9.958014729532660425e-01 4.275335899169277476e-01 7.613543405224487692e-02 2.564330277205120190e-01 1.342047945901096995e-01 6.029961941295436390e-02 7.508280318984770219e-01
1.967301671954708175e-01 3.131808514567273605e-01 1.374927718333647242e-01 1.385142974157027584e-02 4.176415798151476011e-01 5.137352874601379682e-01 4.348768124623980658e-01
4.314846049455258736e-01 2.550607180231319049e-01 9.182512626082192653e-02 4.984822298779429950e-01 6.936824456525716442e-01 3.589250261887144688e-02 3.390428455350358306e-01
4.590484899975515454e-01 8.746645939502681877e-01 3.451403655552187644e-03 9.449146392160767682e-01 2.554744424713237816e-01 1.035881506806468622e-01 9.578223501084461855e-01
3.480990406015962435e-01 7.572514492864258484e-01 1.363402431342630727e-01 4.055803961811443870e-02 3.201570560515953900e-04 1.494504061050161425e-02 8.316626559273112562e-01
6.406948918200735532e-01 4.325409596255745670e-02 4.116927615725635148e-02 9.683248638723396251e-01 2.647738698187077633e-01 3.954090278134286263e-01 7.840974165833092258e-01
6.732851546870177728e-01 3.383946705427964829e-01 2.282186796405656359e-01 9.622690065193584275e-02 2.009617464146154497e-01 1.846928429655247950e-02 6.496859660059310926e-01
1.465805207486354789e-01 7.252806229176229635e-01 5.995660041247274918e-02 9.339188386378474149e-01 1.878615398160778938e-01 1.117270390339971525e-01 8.353967366945593831e-01
4.182835938024227485e-01 8.193800066532148652e-01 2.446853102348400810e-02 4.274051940816249173e-01 6.927070281893250858e-02 1.776242347217139583e-01 8.451458178465935944e-01
7.258263128721352819e-01 5.867094549541154724e-02 1.776996940129538238e-01 2.940184845725424267e-01 3.605250622113227443e-01 8.971576468310704655e-02 1.159475517095698294e-01
5.653942230617314824e-01 3.693749856192729553e-02 1.029138554117545734e-01 7.537799079719174067e-01 5.188075888272924985e-01 2.596857908167038431e-02 5.320944172341501854e-02
9.415088474732475898e-01 1.286133296383615843e-01 1.235342311463112352e-01 6.905540138682590978e-01 1.222540538095593377e-01 3.819159158372729124e-01 3.957514488883487891e-01
9.753227790451606261e-01 1.921688590326815493e-01 4.124958709864317008e-01 6.362649345038101645e-01 1.658465428333467939e-01 8.586398596731736887e-02 7.720722962079222818e-01
1.510069466965617835e-01 7.651877265062636546e-01 4.029882211121162960e-01 3.678356839954144419e-02 2.944867042819732106e-02 2.950074017128745396e-02 7.006336761699201165e-01
1.350206554387810565e-01 5.402978595445988574e-01 6.675776413992373648e-02 8.908454803491925311e-01 7.634998600321818429e-01 9.595848704461356071e-01 8.452968752029024202e-01
5.618547428206036032e-02 5.572533824459711127e-01 3.886808455003754048e-02 3.014008909206236098e-01 1.858691720936369585e-01 3.517419017857927876e-01 5.869155090418813892e-01
6.565557609085939106e-01 1.596792572110601327e-01 7.155121507011914517e-01 5.661824494086209469e-02 9.076404634266221905e-02 3.710012216790620210e-02 1.842768584535905418e-01
8.864769521258082374e-01 7.131034870893024902e-01 8.595311174971778101e-01 3.083709298873582583e-02 7.867791807881141519e-02 1.112228075614618561e-02 8.144500081494747690e-01
9.419362946936216119e-01 1.824659598404534400e-01 2.123174357547272795e-01 3.151495686228731330e-01 2.561329990548735225e-01 2.123497354625225597e-02 8.245980341283247750e-01
4.815124679211759684e-01 5.995948566805346935e-01 3.418907791765146698e-02 6.456342068311724525e-01 4.271390012989266793e-01 6.171662626097127458e-01 4.986362590858384181e-01
2.616170854299569859e-01 3.692014966970216250e-01 3.650564470718781207e-02 9.311497981430877369e-01 8.009341399505172099e-01 4.488762928286849641e-01 8.970714597003031088e-01
9.628704490559516493e-01 5.083286390159837964e-01 3.257509777697964459e-02 3.373195955257957124e-01 8.318489479944293219e-01 2.758016890780368158e-02 3.413762394742345663e-01
5.996503878791075159e-01 3.095829130245243421e-01 5.843836334816895212e-02 7.072651926506611127e-03 2.028505649168632630e-02 6.192064861255554276e-02 9.475263782430451975e-01
8.856805778727707690e-01 3.947664954671283866e-01 1.006669593134379426e-01 8.245152953731852419e-01 1.473369459383092606e-01 3.080475805936472300e-01 6.571267998308412128e-01
4.163408107413690828e-02 5.775189785987098201e-01 9.283194903289735400e-01 5.306831705950099121e-02 3.685691299118154518e-02 3.315219671988382799e-03 2.363284923683903749e-01
1.528752518651043668e-01 9.669659516464954030e-02 1.855116203017797005e-01 7.970687745827300663e-01 1.910852192601319999e-01 7.491014869192977876e-01 8.564368591571946965e-02
4.946277316530114376e-01 8.295184928956826909e-01 9.353726551942465051e-02 9.141060912973844044e-01 9.370116952621896367e-01 5.107496956181321046e-01 3.194046343659145970e-01
9.959001761891239646e-01 1.141548034824441948e-01 5.726396558734464515e-01 6.168380086646372273e-01 1.099491098427152203e-02 2.419595446116651338e-02 6.684314235656980685e-01
8.420049528237187886e-01 2.973448100236367742e-01 2.124561422384951825e-02 8.537019713680749078e-01 5.380667972368708973e-01 3.971958928236396513e-01 1.680273185104468325e-01
2.315884615173918748e-01 2.170221250993602524e-01 1.024787836386265027e-01 5.541769331155910194e-02 9.110340524354181291e-01 5.393357315285780551e-01 3.753252507839288654e-01
4.165876597350215427e-02 6.510786577009188836e-01 8.630440886705503800e-02 8.839743614605675148e-01 6.617511901806278907e-01 4.704040682558681130e-01 2.556559129680957554e-01
7.170495737159843230e-01 1.836787713288501322e-01 2.026433287961157403e-01 3.274477353458755680e-01 4.653934886186883446e-02 1.085564822278728414e-01 8.607143830631356352e-01
9.686477961778452439e-01 8.286247046789885218e-02 4.348732957021352319e-01 3.215547286236741797e-02 2.028645813580993718e-01 1.656763457649632620e-01 5.082865071008502156e-02
1.264895637488286650e-01 4.139364873905633235e-01 4.095827837561216711e-02 2.741819635523787824e-01 5.972565394308868569e-01 7.448789891234517402e-01 7.823648141942740608e-01
9.588842364206415780e-01 1.721029354833112923e-01 8.024231977602092059e-02 7.208062585892882623e-01 5.480522713390634237e-01 4.428575464944028983e-02 1.293410287421218330e-01
1.786508260765593548e-01 6.650320256426366372e-01 1.132070216414579611e-03 8.977805951381414573e-01 7.612456695682983110e-01 6.207866882100741002e-01 4.655147920689842733e-01
5.855927648805190344e-01 5.034076734845176482e-01 7.452807718054232922e-02 3.149999966696839238e-01 7.581694433811119183e-01 1.994640392330615519e-01 2.603991598196273571e-01
1.811881839079652057e-01 3.448377611616645355e-01 6.751857508316971845e-02 3.346055486554444514e-01 8.599171492435282449e-01 2.970644593255684640e-01 9.518240904844371686e-01
5.664738368373933852e-02 2.641461975439994836e-01 2.150806311910313795e-02 1.545961761379410770e-01 1.881125850303737579e-01 8.003819575467514547e-01 6.738045347199528301e-01
8.279926774710222315e-01 3.286968682828033117e-01 1.157891505780701547e-01 3.253934544559788922e-01 3.098168528396451626e-01 1.496967641803254589e-01 6.100694773723738251e-01
5.108301151981111676e-01 8.056530017767316032e-01 3.696155788138799636e-02 7.264675071465114264e-01 4.881716447391499791e-01 5.522047304794475142e-01 5.036862215110017305e-01
4.084441666845929353e-01 7.849472408214330788e-01 6.663576376213674324e-02 3.386656641342131180e-01 4.535284611221294115e-01 5.884134695707734508e-01 6.872249955077212036e-01
5.958392577663631506e-01 1.713618330491200048e-01 7.506544517776045922e-01 6.560353193537071803e-02 3.932614955568607823e-02 1.122027040064109693e-01 8.967851995655520270e-01
8.978345524918420750e-01 2.760470688468434908e-01 7.596634403924751311e-02 5.420281214255950886e-01 9.779717073016631623e-01 6.398323945056937356e-01 5.016849926523591074e-01
2.679323280833232346e-01 3.710807108101366047e-01 7.952666754184702924e-01 4.716755925042989683e-03 7.449062123816130310e-02 1.153712967542910306e-01 5.417635565469596237e-01
8.233527883371634104e-01 3.046009326664140815e-01 1.041668497353356315e-01 8.554539999551384888e-01 9.254245254323190117e-01 1.936824514516062301e-01 4.475203400354621497e-01
7.652447541370652750e-01 3.495693244662900767e-01 2.111142640352836608e-02 6.700976913344485197e-01 9.006507170182764810e-01 4.448470262421118093e-01 2.869333774373401535e-01
4.089926406248005630e-01 3.789714594682447313e-02 1.057712222491140608e-01 4.378031662193979656e-01 3.362944280121640261e-01 7.155303769350700449e-01 7.259927866926063622e-01
7.552655561945327278e-01 1.598826421022518929e-01 4.273621592360443699e-02 2.389591811581588399e-01 8.133587084256601596e-01 2.598146736404194357e-01 6.320263571961586280e-01
7.654876226640414671e-01 2.919897168503826634e-02 5.003319578150549063e-01 1.803327074511855699e-01 4.174897716886794008e-02 7.096131790810922269e-03 7.778897250577468947e-01
6.061167350594480752e-01 3.746545133408440975e-02 1.472879205942779213e-01 5.461853816182067334e-01 9.275631240857640236e-01 5.703887702758350109e-01 4.891741333260621882e-01
7.322214576508776496e-01 4.705495363723821711e-01 4.809403045060278714e-02 8.074013318471764400e-01 5.770648686255328563e-01 4.239850738345805059e-01 7.749589697123595577e-01
1.679320166763855759e-01 2.144809323413809921e-01 1.509690015449574041e-01 4.881170763355333619e-01 5.017007787359357707e-01 4.773534909802753523e-01 9.032111122939345815e-01
8.160784882260938566e-01 1.184562347158326645e-01 1.973029611939667305e-01 1.948603876745758079e-01 6.615796790520998005e-01 9.957744701187742908e-01 3.238685116688611032e-01
5.269386031243904478e-01 1.762587257589118273e-01 1.442216950984251955e-01 3.100052563831936503e-01 1.164707713843471382e-02 6.390864103503446358e-02 6.876613141451501932e-01
8.464999499037419994e-01 2.855247191765704073e-01 6.750111296346128498e-02 4.618909407167675063e-01 7.693906088333233306e-01 5.562224144571525919e-01 4.381559973234110394e-01
8.533732243242431181e-01 3.872589293681325540e-01 4.777264255793678416e-02 8.394441805333330286e-01 7.028019289696074701e-01 4.607354557099658798e-01 4.314775005303732591e-01
4.322560505975039380e-01 8.234590972256630170e-01 7.302425577675268620e-02 5.659072472982674684e-01 2.494169162722235655e-01 7.883003482398172335e-02 2.046094065425795305e-01
1.459279750964418421e-01 4.142056950679755545e-01 1.027070222947568112e-01 6.352034796688998952e-02 7.695700677298036307e-01 6.476581470407234420e-01 9.082936619058035177e-02
8.505291346142842546e-01 3.845315666106605690e-01 1.167361948392020565e-02 5.328862878314124529e-01 6.088046690268809069e-01 7.839799706574257510e-01 7.952777191928357414e-01
4.487073969535673168e-01 5.061713009337935887e-01 1.338481837973950483e-01 6.157457037359059804e-02 9.201844375698611245e-01 4.343875921578033150e-02 4.074927502452050376e-01
5.525379872844338180e-02 6.376341799661702225e-01 5.311745937567202702e-02 9.903353836731310089e-01 9.706404823051162367e-01 9.053579610378195142e-01 8.549816171502389039e-02
4.880668520379010111e-01 1.673593250735847526e-01 6.360093212812967245e-02 5.682361762492265100e-01 8.599062601875027134e-01 6.024732565753643243e-01 8.901505152612900762e-01
4.683146584703401505e-01 6.122662405118195483e-01 5.008757703885446944e-02 2.064249592070011019e-01 2.029626561273749630e-01 1.729755125742726274e-01 8.233407389727969150e-01
3.826627691124295794e-01 7.775323308355772678e-01 3.437058403839277076e-02 6.294521147851237508e-01 6.494824153978944192e-01 2.360800141468314683e-01 3.899658952299882575e-01
8.972051713094104652e-01 4.149174850731905673e-02 4.256325792870941926e-01 1.886973583783247560e-02 8.646833902435791929e-04 5.311597060279762278e-02 5.936583149732068687e-01
4.021011136461609681e-01 5.090795759402809706e-01 5.185580722864902015e-02 3.543483455306977170e-01 4.764499776784023588e-01 7.483887927570775922e-01 6.971834563964334208e-01
8.226111161094062929e-01 3.202674567270804573e-01 2.674107923328423730e-01 2.661293641997009018e-02 4.635390284270313188e-02 7.445195830402973058e-02 5.043422125752031748e-01
5.572767661832527253e-01 5.078640205080127146e-01 1.056676338303303986e-01 4.262975292952838058e-01 9.522435995473852444e-01 2.029180932850720431e-01 5.356893513658989026e-01
2.569495643883530356e-01 7.528199795547205753e-01 1.853214990273555074e-02 5.154524168936727158e-01 5.002262174611801226e-01 9.127933526437367329e-01 7.632927724260767377e-01
8.130651027143631637e-02 6.453564564737672704e-01 2.491709107397843681e-02 7.904478820917097970e-01 9.974122136465191080e-01 3.281780187662756143e-01 6.340093471447197926e-01
2.468882929098101253e-01 7.579145529773387846e-01 3.643392074662887836e-02 5.668262048192684865e-01 4.622862959270799266e-01 8.284659876678350798e-01 7.263157408736407028e-01
5.247002925983417221e-01 4.108142799969387582e-01 7.892525080367591983e-02 8.596637845272294687e-01 1.512150494282893110e-01 3.797373696700374612e-01 8.390475283241372040e-01
9.286307419213679637e-01 1.219265534227105263e-01 4.459348042525994593e-01 2.309950922237589133e-01 1.740262061954744865e-02 6.147643438904859536e-02 9.756442125099393792e-01
2.749961771652047471e-01 3.618998770937831289e-01 6.337401022666210026e-02 8.772750456321896095e-01 9.619909941093252037e-01 9.051929377034451107e-02 8.308577580304674637e-01
2.602308216120213791e-01 7.408553242910587144e-01 2.767384087417745775e-02 7.620743916306031984e-01 3.585285164736542463e-01 2.756523848360270534e-01 8.277764704310648369e-01
7.786328995549558485e-01 9.206619232458912450e-02 1.556772980370828563e-01 9.599696564216206873e-01 7.390033904158745948e-01 2.979456337795582388e-01 8.496681853737284573e-01
1.829731708872041618e-01 4.749332472609468780e-01 6.689942592953498912e-02 5.047299622808405495e-01 2.418087588526689480e-01 4.177981723960639826e-01 7.612226384509872545e-01
3.191272872445904962e-01 2.262332317372668378e-01 4.249558308788614625e-01 1.206233281339539332e-01 1.796230185360414566e-02 3.176317888416646529e-02 8.505289521857379853e-01
1.716328984730606244e-01 4.845804130850841496e-01 9.329460291878621803e-02 7.788924137020611926e-01 5.725402036124718208e-01 4.891467709253314866e-01 7.278586557680173375e-01
2.749600587765053117e-01 3.674695451539145008e-01 7.086892594598270811e-02 1.620337172585228080e-01 4.381839472130284463e-01 8.768873746380212442e-01 6.037454246115461221e-01
6.740782085894607700e-01 8.223428678067318254e-01 2.813395278433694635e-02 7.695085977573092872e-01 5.118041431955917542e-01 7.798058135458921791e-01 8.347046492898714254e-01
4.632701330027519937e-01 2.963421376146868624e-01 1.304090618224803544e-01 5.227804708581107462e-01 2.796759805316019754e-01 5.384463107502184265e-01 1.956524475367236171e-01
4.656599224052577757e-01 2.106793030687248436e-01 7.550495869993634201e-02 7.114014772552650356e-01 5.943482115948697242e-01 5.908591504083107182e-01 7.118229243519800242e-01
4.701810545129564423e-01 3.278613649371915351e-01 7.275323204180741965e-02 5.038161626030879248e-01 1.941997029660429419e-01 5.815880292114550265e-03 7.212739570959043611e-01
1.668602027481255745e-01 4.663068880035239339e-01 3.872597791787502075e-02 8.928067421604040099e-01 8.973252048844453377e-01 3.798392469448541586e-01 7.559219750800720838e-01
9.115310705312751338e-02 2.886322911105718703e-01 5.315497817909853318e-02 3.224467414938494425e-01 6.662890220489492421e-01 3.252396940924941471e-01 5.870868876791764945e-01
3.354037050761979888e-01 1.061998469915002019e-01 5.349227932193754143e-01 1.787439088908504559e-02 3.202029053160471150e-02 6.988558143013889890e-02 9.597696933553401255e-01
4.554674095453271065e-01 2.639204619241318772e-01 1.154236917447128974e-01 3.121731015909379181e-02 9.794635932558174440e-01 4.515918507733420739e-01 5.028194048471812394e-01
4.796883626651962107e-01 3.072938170802886892e-01 8.558137024575984686e-02 5.721734249466154942e-01 7.551433596332630671e-01 4.055322932708778083e-01 7.282542343421311015e-01
4.131036042796565333e-01 4.825850741398176602e-01 5.567985620635523825e-02 8.738400280444746926e-02 6.387062919126325067e-01 1.118599745021562342e-01 5.904485278848992102e-01
5.586527093331376120e-02 1.941880948213631497e-01 1.030761439376964711e-01 3.427023798941721683e-02 2.727001528336022718e-01 3.530868535640341865e-01 6.065392841753159958e-01
9.066819890890549516e-01 2.653723795757884085e-01 6.689864421534480465e-02 6.946426725896643894e-01 3.821725221188359001e-01 8.680254976736234696e-02 9.507917209296672389e-01
4.281949815272329540e-01 4.985599470737134276e-01 8.272642160229910779e-02 5.503553653035843096e-01 8.070320057636171107e-01 9.483641310248793754e-01 5.038777307051536813e-02
6.086052080689619004e-01 7.658860981469514662e-02 4.722283826716369703e-02 7.870140951616246827e-01 5.899261662897192261e-03 9.826047448701591414e-02 3.580179816748090271e-01
7.991033305700745437e-01 8.909421670649872449e-02 1.986790822283363567e-01 4.395385627176562338e-01 6.176404228515999240e-01 4.427462031854725866e-01 8.725580676076920561e-01
3.887971460007174085e-01 5.892723649487319193e-02 7.601296308213933983e-02 9.671949900877421236e-01 1.658015603215770017e-01 3.754539536156289437e-01 6.835967860925835637e-01
3.513599950564980645e-01 4.777781598163601262e-01 2.287134443897027858e-02 9.445249848417303085e-01 7.489484817147955553e-01 1.138610201945438050e-01 9.848592961824187419e-01
4.841461075795461255e-01 2.414858023717987301e-01 1.443319610276576626e-01 8.127160778209981951e-01 2.537913895369152684e-01 3.122517808010600859e-01 8.487760533364074877e-01
4.083625936566419590e-01 1.488214926737283506e-01 1.232467307764384401e-02 7.248616538292279587e-01 1.580094508727145630e-01 1.685976529957500247e-02 5.523744129140413239e-01
3.818402821739423914e-01 1.990399454714939509e-01 1.558876130936392990e-02 4.690562221092005046e-01 8.413253713520842947e-01 4.706772694634382415e-01 6.153079758826729417e-01
1.067258358411762309e-01 1.153118560051304975e-01 1.388282012629895590e-01 8.266359994929990407e-01 2.952455641961091448e-01 7.176684925995209241e-01 9.523787567600705550e-01
4.351544568181515693e-01 2.736412785327657637e-02 2.227082093880486391e-02 5.996942552608928168e-01 2.682619800323771120e-01 2.287905834110319780e-01 2.964558156279297751e-01
1.973172065068423686e-01 1.959648002245444331e-01 1.339437400945244772e-01 2.990978096120699981e-02 8.661530527138512348e-01 9.164744824057670103e-01 2.352770224157563206e-01
5.654183341648554295e-01 2.598086286583800586e-02 9.655883146317156829e-02 9.187478517049498805e-01 4.355417052295776359e-01 3.265258112254976197e-01 5.785605454760878175e-01
4.329352036201754572e-01 2.809279238305322224e-01 9.215639721939528073e-02 6.216455150199591273e-01 9.793381533587208754e-01 4.433637554015374960e-01 9.807678642077708453e-01
1.837237810192853260e-01 7.273898031995398306e-01 1.271875636499357753e-01 9.119066499663004421e-01 7.132435737308560064e-01 6.185272489101967253e-02 6.277500630168367790e-01
8.000281788429699503e-01 4.090144515887121912e-01 6.102675273208638118e-02 2.811800199215477303e-01 4.141590330567126443e-01 4.661727076128951985e-02 8.024259503853139464e-01
1.275229296269709545e-01 9.801596037497972702e-03 5.510835973461736259e-02 2.035187224754153590e-03 5.435700637818197123e-01 8.381772308406612026e-01 1.096958507463963173e-01
6.981597023842796013e-01 8.292762802293220936e-01 8.819509276571710354e-02 6.681517901129017112e-01 6.495147390283477762e-01 1.240523110452768640e-01 6.582229518355084963e-01
9.116547440500275545e-01 3.638786612764473016e-01 7.522477966360380242e-02 6.245327405740139781e-01 7.385610069735101257e-01 2.884094585117167320e-01 4.518898849443608867e-01
2.697276880834955648e-01 1.797509988219334609e-01 7.005789615795493530e-02 3.742933638607669478e-01 9.462344381334881760e-01 3.504503828315659320e-01 9.693728132062724434e-01
4.995568183693306352e-01 2.172955851270161887e-01 8.292688469903986004e-02 8.239146118292595133e-01 6.448504195048041510e-01 2.901539956902468020e-01 6.509085726508381242e-01
7.699244500795571211e-01 4.874884812581790905e-02 2.355234032715987080e-01 5.353413324576160592e-01 9.413994140118557563e-03 4.667099087294241389e-01 4.676723187650190794e-01
4.082176802471198518e-01 6.653254803708918974e-01 9.875156721260533454e-02 3.507358722606531698e-01 3.144820233140621646e-01 5.323600143114903815e-02 2.254624323484260007e-01
1.254665533695455970e-01 2.759602667673424770e-01 1.135019893875672814e-01 8.915731184123434350e-01 5.732245498782579940e-01 1.517796676734985972e-01 9.746030140024487531e-01
7.934524743992488194e-01 4.056441395741177125e-01 4.553643436710215209e-01 3.046071102974501343e-03 1.650792229012321144e-03 1.156325808856522031e-01 9.655260010572656038e-01
2.113048130117736179e-01 1.167224062374714322e-01 1.375143664607894056e-01 8.339667491583769854e-01 6.123931086011852321e-02 8.415290954432310677e-01 8.939248864509212744e-01
9.133907996557077968e-01 9.347264629395033442e-01 4.122596271991503247e-01 3.767022204173420263e-02 5.401741971443163592e-02 6.126700737041435030e-02 6.431568816335571093e-01
8.191291125868938039e-01 6.339348290226776150e-02 2.082005473690049513e-01 9.543828659929243230e-02 4.864210481463182578e-03 7.208823108020467885e-01 7.430754869839417687e-01
8.874022499013562992e-01 3.183877480479515576e-01 2.842039696502762780e-02 9.782998816480987792e-01 6.800890293931542985e-01 5.753256369436674511e-01 2.281916964032477679e-01
7.366197242887961849e-01 3.340535720304960154e-02 2.132429901737662448e-01 9.695354184883804294e-01 3.016090486405906823e-01 3.373239388186384247e-01 2.024308453707284183e-01
2.796449916074169595e-01 9.015586283070491369e-01 8.197388772954194991e-02 5.552179500965137571e-01 2.058435482583190757e-01 9.444322554073991682e-02 4.446493375456355146e-01
2.196935877504593293e-01 1.796243380514992438e-01 1.184361265266727220e-01 2.588247330711865857e-01 9.437204446269382707e-01 3.237206375847874185e-01 8.138199341639359430e-01
2.338270106795293790e-01 8.380252451680982873e-01 4.339543743407503484e-03 9.825994273675904278e-01 4.050673066369130382e-01 3.029043278079831536e-01 9.965817907248766261e-01
5.168790964576264191e-01 7.853080042555102835e-01 8.606683556467951135e-01 2.133263880010094482e-02 1.053475607026642391e-03 7.196768511736650886e-02 3.464590228031441121e-01
6.417735077278470257e-01 8.423106107855151681e-01 4.718507288466256000e-02 8.928301350939669145e-01 9.238467634068938672e-01 7.479257285029294877e-02 7.346325439770260424e-01
7.441486651606974423e-01 1.732539065506015774e-01 8.446551142658087485e-02 7.298845799997564221e-01 7.044007833112431172e-02 6.499799626748183901e-01 6.886635299502466001e-01
1.246092909685865280e-01 8.065599319694624625e-02 2.369592106111282348e-01 9.384800030752393774e-01 1.663274206227871588e-01 5.822724921842654666e-01 3.201592132649149214e-01
1.086982288789510864e-01 2.321504009444705918e-01 6.359389466105680455e-02 6.039047125737511124e-01 9.305057808366667960e-01 5.784576655989581706e-01 3.021209984150434735e-01
2.298145040851165000e-01 3.744962144030313800e-01 5.570168675679694481e-02 6.693414527596109886e-01 6.164651789552757499e-01 8.697431498219831969e-01 6.822523725390313709e-01
3.881753990538922561e-01 2.518619296133732810e-01 4.803201856471359110e-02 7.754577323155784629e-01 7.407462668280186957e-01 7.944475231628661538e-01 2.549704225975039096e-01
4.105600084487113222e-01 5.257075579134404819e-01 7.190447832750512802e-02 5.709460368840426625e-01 5.361611630364411241e-01 6.711971258536042484e-01 9.031025991986711965e-01
6.791005520763766512e-01 1.284004126319511219e-01 4.542583069594948592e-02 5.947282902228097079e-01 9.179453290769923335e-01 9.620835501626388009e-01 3.439573743661843430e-01
4.912586235905734289e-01 1.411826376521494453e-01 3.059428585385060018e-02 7.757258850083348367e-01 3.781450473170249182e-01 1.867535114144607267e-01 5.545416402049980764e-01
8.536520174458757104e-01 4.506479269883416627e-01 8.024328418794568485e-02 7.732058975863784767e-01 3.922266589300255624e-01 4.929682091662845878e-02 8.271192519202816840e-01
1.769890371120892425e-01 1.677023010813769588e-01 5.215153265308591912e-02 8.000934947318163459e-01 8.825788172909099227e-01 5.268158573942374190e-01 2.351687512875861863e-01
4.259708376430819676e-01 2.007526750969226836e-01 6.402136851596162970e-02 9.844404988631834108e-01 2.646346081600392530e-01 4.152762454599669972e-01 7.217869867469550726e-01
4.934878722092138625e-01 5.334876711021164786e-01 9.963350006823024074e-02 8.498252776655683682e-01 5.971227659380460295e-01 7.325321712457926182e-01 7.661096319302380664e-01
5.680826860350737251e-01 5.257299910564672274e-02 5.134085500807517022e-02 9.067137736967207928e-01 6.844860596626463067e-01 6.487925143987625098e-01 7.955733527212993650e-01
6.268657993833528508e-01 2.490949981082614395e-02 6.860180629816670095e-02 3.182748297872345922e-01 3.290913050861180023e-01 3.347374730543556387e-01 1.447640923890096409e-01
4.195790516985412610e-01 3.226582351385047787e-01 1.780251378286656916e-02 7.524869547505830258e-01 9.035283386193992961e-01 8.704353326154914416e-01 2.631046991322421036e-01
2.399988224424216554e-01 7.363904567457288941e-01 7.068718261262321723e-02 3.421138608671670522e-01 1.996541358266327171e-01 4.081292412605236342e-02 5.689435235092870080e-01
3.871184598592996018e-01 4.878641161744075028e-01 3.959801203721236007e-02 9.114683772136054074e-01 3.781691711710821746e-01 5.913453317251713415e-01 5.393291319391008143e-01
9.573332610997723480e-01 4.715797415462854580e-01 4.178344410567236267e-02 7.710136972323926585e-01 9.727709669288735483e-01 7.411350332712863809e-01 7.899704478612081804e-01
1.495448983539856558e-01 1.786624022116243826e-01 1.357712255468895568e-01 7.962172950327324195e-01 2.132442538351388972e-01 5.256738734669290647e-01 8.804402675537428280e-01
9.016974668213080246e-01 5.455758122622889061e-02 1.455033457863021962e-01 7.232340003729600397e-01 2.934345138413654297e-01 6.493750618904448046e-02 1.318613452484667103e-01
4.725274647303550069e-01 1.907960720295354129e-01 1.026107577910837926e-01 3.585815802159049159e-01 4.696485718960550226e-01 1.061236170183459393e-01 8.805479273241707538e-01
4.099767275371939412e-01 4.989113728055452057e-01 4.173565190032224592e-02 5.811534148790675758e-01 5.340193643098531950e-01 6.534291279620030313e-02 6.339143065669052834e-01
7.621235243727078057e-01 4.091402423245016351e-02 2.297357481354724840e-01 6.311066574353138003e-01 8.958917399047745533e-01 7.118874313957554989e-01 3.803372157015015853e-01
8.583343076090161894e-01 7.335286657461970172e-03 3.728481803425085506e-01 7.714746041170394975e-01 3.459726998452796742e-01 2.082908012751074622e-01 8.853849090998395788e-01
4.000802617854056775e-01 2.650335264994011508e-01 4.722616422514991363e-02 6.968302540057900174e-01 9.888731630431544239e-01 5.896374234244718959e-01 7.071399397033191203e-01
7.611620872503443991e-01 5.463668412064550672e-01 4.630206790889139778e-01 5.344834286698735282e-01 2.159836060436326477e-02 4.501404587059321116e-02 6.189879770438491136e-01
9.758980170066506865e-01 5.571938978785704322e-01 7.287581920929070423e-01 1.909580122904941391e-02 8.683309605102484952e-02 6.561686449786030551e-02 5.039716688299067382e-01
8.837588978602008982e-01 1.342087930113748384e-01 1.304598987624672191e-01 6.516648537740249436e-01 5.202919627374119615e-01 1.912500849001685377e-01 7.000085926969559225e-01
6.941964951732955136e-01 8.312901840997208858e-01 7.842910253778578866e-02 7.128660618790907400e-01 8.835084600266185362e-02 1.705984345335043173e-02 9.870543362110222319e-01
8.564876985371672191e-03 8.426811981727024836e-01 8.123761790334648181e-01 1.517222588457898258e-01 2.303679713831703613e-02 1.078407249686117175e-01 8.431824844111390771e-01
1.686813977381801111e-01 1.671005331868394284e-01 1.294718730507984639e-01 7.917317464140171124e-01 8.829377036463535999e-01 5.905992537213649030e-01 7.445194683531348723e-01
1.031245240226921212e-01 1.814407166411111660e-01 1.092398544328467835e-01 8.328053012200014038e-01 3.837214147238867668e-01 7.835259656786597304e-01 3.562430542042784865e-01
7.083481066339802901e-01 5.975174102316580527e-01 6.590008527161321517e-02 4.331638707258739229e-01 2.343241514383862523e-01 2.051537227546547659e-01 9.376497126817531225e-01
9.067759249962261681e-01 9.523006938285227818e-03 2.226501875759745452e-01 2.733706582608652624e-02 1.037190104147978076e-01 6.438398556748041734e-01 3.907907842063162995e-01
5.133570237424258664e-01 5.063820352624555099e-01 1.538848984317922053e-01 7.069840463228740379e-01 1.527603846256118114e-01 1.905169015475469685e-01 5.409602245302275181e-01
5.094934381131084322e-01 4.846456963718437372e-01 1.667330608967128314e-01 8.750640427780504993e-01 8.646319583098571737e-01 1.307384894853107771e-01 1.390216469505793917e-01
8.714280359648642893e-01 1.080516385078604813e-01 8.606305513704759491e-02 9.595158964872874119e-01 3.865276951853200416e-01 7.625786427031964188e-01 7.080630998900574458e-01
4.863997069525725081e-01 8.038844449484194854e-01 3.617885684908284105e-02 4.780919176476765564e-01 6.622357421366480423e-01 2.953455062677312615e-01 2.622561198236965097e-01
5.737636078017749330e-02 5.550673023297948427e-01 1.602732734568897144e-01 6.486143995859627864e-01 3.984740380609093080e-01 4.042340391237686514e-02 5.219957926113141244e-01
7.503506540941231595e-01 9.936867070563515369e-02 1.484528673991434289e-01 9.721529920616049925e-01 1.254442539926584887e-01 2.323031655942022766e-01 8.083169231995834814e-02
2.349850450754176201e-01 2.012757545365249090e-01 4.097148547374529493e-02 9.294313462525611858e-01 9.545157982410534814e-01 4.261000539882424665e-01 4.300851700788833609e-01
9.541248668941411104e-01 5.694099324350943014e-02 4.141005440340475574e-01 9.122359805171771363e-01 7.476877952749457767e-01 4.303073926014418932e-02 6.290702892713704308e-01
3.528687880232365126e-01 7.343646467796500765e-01 4.083769368863896521e-01 7.172941692101719724e-02 9.239725952695416328e-03 1.231908928137459731e-02 3.551363519705696969e-01
3.919535195074375089e-01 8.156714144900583108e-01 8.337272633754366780e-02 5.035789922190385681e-01 4.028765445895956532e-01 6.843566240622611652e-01 8.333966410618565135e-01
5.373355254567089290e-01 8.335479838160404498e-01 7.352519557555758922e-02 4.862461686403846128e-01 1.469552292512887881e-01 5.022480455899469565e-01 6.589806872992471920e-01
6.985971136113848790e-01 8.319503509073011838e-01 6.384473928309652990e-03 7.487777623972255991e-01 1.590975916686900860e-01 4.014878455939383528e-01 9.743380751311105925e-01
5.000890933315050857e-01 8.175242598734440147e-01 1.562334430417346154e-01 8.106662958980114242e-01 4.735230555220873994e-01 1.015195031826796324e-01 9.989732411834575387e-01
1.026268540044354277e-01 5.430599338062448433e-01 8.199672761030252222e-02 7.433207832622137357e-01 4.846739325802328913e-01 3.068105282909160403e-01 7.500486786295810226e-01
7.328154594899454199e-01 6.050729245739994155e-01 6.759190858866245821e-02 7.513816474531949119e-01 5.795711030651125029e-01 2.124199320145866432e-01 4.864080337804095322e-01
1.710597549030890008e-02 1.585937608124634579e-01 2.167018991512814630e-02 7.445945222987986334e-01 6.991437349204360219e-01 1.009008555704733467e-01 9.310945051822232532e-01
5.489008491640454679e-01 4.534434115670901155e-01 8.742166396027362119e-02 5.678681463653472150e-01 5.173393689251897243e-01 2.402923643522889563e-01 5.781853841844561970e-01
4.838492014244805683e-01 2.992207366646849054e-01 6.671471312814647447e-02 8.101845814244470478e-01 4.013525105062671905e-01 5.426471750911018299e-01 7.839007198918932495e-01
4.305882741026669791e-01 1.921718102436902331e-01 5.636838929168519474e-02 5.045898332157507937e-01 6.015635888385690855e-01 2.314531135789971161e-02 4.742684364552745002e-01
2.956116152486733539e-01 8.514532159428824798e-01 4.319876505910746900e-02 9.274747523535227245e-01 9.350127992045320635e-01 9.531798713265835499e-01 6.191303083749362113e-01
4.766106735086372836e-01 2.135855541239375377e-01 1.318581054435263855e-01 8.294714708413875037e-01 2.885490101214311931e-01 2.569771067913272367e-01 7.037352463191206553e-01
6.555745751320637416e-01 8.055342661928197590e-01 3.104987475500754490e-01 2.084246302939649631e-01 1.010794695634587015e-03 3.690662977551228963e-02 5.614906361102134369e-01
5.095123489742059419e-01 5.385970336851739759e-01 5.977896089637013688e-02 9.026519055997019869e-01 1.540868023387244601e-01 5.017176031637204936e-02 7.104048336388979479e-01
2.272587300617727735e-01 8.626148006929641454e-01 5.704545174769123927e-02 4.578959823631780779e-01 7.111501147584731175e-01 6.977634441915991914e-02 2.288721792858507964e-01
9.112143760460822417e-02 6.267467218350284419e-01 4.789084970324020141e-02 8.054784970235404629e-01 6.277384591835850625e-01 1.037201050974134731e-02 4.455736458315163739e-01
4.791804349466355362e-01 4.528240197353436969e-01 7.575948911419683185e-02 5.827890512626918706e-01 7.695480858154764015e-01 4.130556580907480679e-01 8.197724721569761286e-01
1.033157690705044374e-01 2.096619337569549657e-02 3.721055562304877995e-01 8.976289616164616625e-01 6.828330385910155176e-01 7.249800972504547580e-01 9.128372791149550469e-01
6.810163819878601865e-01 6.805211098783640056e-01 3.925802661169305319e-01 5.829667047658704249e-02 3.747743124012107435e-02 9.389589136788931145e-02 7.928986852195987201e-01
3.224299874037895863e-01 7.675052188921327456e-01 5.725187423817867938e-02 5.160302389646393983e-01 6.444301407365548018e-01 1.484713030148432367e-01 8.665553104406420459e-01
3.589457430922394776e-01 8.350787573704260280e-01 1.694517558052879291e-01 9.819534357987531603e-01 6.856969908560701932e-02 7.184289950437994232e-01 2.023688569401500548e-01
3.810451032872848032e-01 8.221921103290066313e-01 1.284794899087744469e-01 7.836068767732369267e-01 9.495193118249873887e-01 3.475661572081188422e-01 6.482736343278550084e-02
4.579422559453121266e-01 2.291176873909148703e-01 1.064053190375617852e-01 9.376451627229438479e-01 1.197185313726585321e-01 2.610963016744869414e-01 4.815156995328702116e-01
9.722676702062524323e-02 5.959171541155577900e-01 8.505872622894061763e-02 6.174652053644329452e-01 5.326425066200379810e-01 1.985137191496658404e-01 9.841483978734059113e-01
3.889436519838991302e-01 4.759294523585662073e-01 5.777670694670877793e-02 7.965305947267120601e-01 3.553359430768749938e-01 3.367770642697096584e-01 2.344303875745790133e-01
4.888586585160655806e-01 4.903199589860447460e-01 8.954533179589324599e-02 4.988827069974535178e-01 3.995909076191452303e-01 3.104121652603581208e-02 8.772333931357276793e-01
3.379506638547913333e-01 8.589825721162696048e-01 9.978688147773784323e-02 7.437109915762125656e-01 4.815864549591426513e-01 9.068453024740286139e-02 1.320659107710713265e-01
4.453789682603612743e-01 8.270895509890765496e-01 1.334785135104761267e-01 8.309701382379692802e-01 8.541229452655221266e-01 8.989731329093958445e-02 5.944970999533667477e-01
4.463610958255941341e-01 1.734678627334513834e-01 5.643713437038014313e-02 9.460265487759749181e-01 4.116848273518440848e-01 4.725918530483506075e-01 4.613292471246592530e-02
5.348035884860253830e-01 5.339274258068034129e-01 8.747239336949830246e-02 7.664220654806819244e-01 3.857052673259704356e-01 2.308243851996836238e-01 7.204642850895162098e-01
4.916630911542282378e-01 4.809547275900656338e-01 1.373690492399735064e-01 5.250877539756646506e-01 9.170804683132538493e-01 4.205427048600948181e-01 1.349947134537714533e-01
8.310580144612664810e-01 9.567492298127309169e-01 4.948610889767994792e-01 1.485156105854326114e-01 7.486479923142441706e-03 4.676511059359045319e-02 2.136487982784307516e-01
5.407483624084887808e-01 2.703507231800512667e-01 5.159331150250053011e-02 9.547423041948144284e-01 8.372539906868907700e-01 4.880031758998653046e-01 9.124317196748248371e-01
4.486949656204486381e-02 1.130398135407428839e-02 1.907493472461219142e-01 2.336897309945831225e-01 4.641692646092479557e-01 1.021284338985126716e-01 6.750032916776667058e-01
8.831747407992898147e-01 4.417700819087402309e-01 9.322078586116688825e-02 8.145331787228262677e-01 7.039120242153936724e-01 5.787875566658886584e-01 3.261622222362614565e-01
2.908705398409439646e-01 1.403253004972845330e-01 2.009419451920482214e-01 9.869194516292254526e-01 5.620219303771778474e-01 4.475557033931657491e-01 7.021718390932727427e-01
4.888082932271071712e-01 4.698584978079134444e-01 1.054477678017574777e-01 8.562141961106739529e-01 4.747605606639562215e-01 5.382327453772515202e-01 7.221378095996828783e-01
2.435677157405325977e-01 8.405795616440600027e-01 1.324335911417762190e-02 6.517675968664420338e-01 7.843072144097300580e-01 3.348652482866987246e-02 1.782365251793933680e-01
3.988652387029292257e-01 7.829749204074865077e-03 1.549154133644501385e-01 5.400622082923962619e-01 3.272735613793671394e-01 8.197383837282343766e-01 7.425124015842214931e-01
9.945641541553884579e-02 6.006197782111140082e-01 3.474770398106175051e-02 8.759376844702102538e-01 9.466550479185489309e-01 8.215919684362305020e-01 3.524307118306223563e-01
1.211470823047360312e-01 9.638758430731009241e-02 1.573872152084012654e-01 7.788171372674657089e-01 7.526944694083081977e-01 3.638617266155674823e-01 2.810945129597834935e-01
8.543062032938326666e-01 1.744609174153408659e-01 7.095414092736809786e-02 9.755204779771784462e-01 9.286573095818124735e-01 3.058393373677406046e-01 9.499365552908223265e-01
3.150656371884088536e-01 7.465375526299833364e-03 3.051209646867745207e-01 8.455237598716203173e-02 2.622052100567637822e-01 5.515619059342391495e-03 6.565535737731420518e-01
4.798220911509725184e-01 7.942204843458530172e-01 7.442658884751374160e-03 8.474720294673807608e-01 4.192718130095700602e-01 8.642775792453472050e-02 3.511288764193309930e-01
5.189533614809533901e-01 4.245628701230227953e-03 1.980570457024084519e-01 5.781429797330321918e-01 3.086149845375252276e-01 1.280297674108494266e-01 9.141567521418207942e-01
4.290455326073394637e-01 3.101505708028273745e-02 8.655897213381003041e-02 4.500918010045000806e-01 7.163156306930122952e-01 5.301350629784815638e-01 1.767780859208303301e-01
4.138490240537198162e-01 4.768527565922300870e-01 9.002701495529263909e-02 8.158310946081153148e-01 8.158620184432168188e-01 9.029045888225089023e-01 5.136346540576768316e-01
8.168022198468899431e-01 1.857298145024262048e-01 1.996987050624722815e-01 7.374973338924034616e-01 5.696472464515818235e-01 9.731550181114355380e-02 7.062401021963833347e-01
6.590969018591930073e-01 8.228819487712604186e-01 9.543307739660011890e-02 5.870607573230459675e-01 5.359780332282113591e-01 2.337632155374116394e-01 2.268909022770198014e-01
1.608595468047084864e-01 4.621391498905493833e-01 8.532432292296254772e-02 6.414437338966278990e-01 8.600539332724623787e-01 5.050558369107618351e-01 5.387418537240049599e-01
5.197497122164388417e-01 4.666071908853901551e-01 1.716825481560209088e-01 9.312259305173475887e-01 3.994783663143111063e-01 6.011720878949637914e-01 2.572458273468667400e-01
2.832164653593314263e-01 8.604077264945901860e-01 1.908355046856824444e-02 7.556184267862491311e-01 6.452202374128357398e-02 1.157680486577588042e-01 6.470517612875775759e-01
5.862371995308193195e-01 2.724028906993625210e-02 1.405424046420347961e-01 7.820295839801473248e-01 9.386410217487721752e-01 4.787847321159568459e-01 3.405322827799794894e-01
2.769111327603273054e-01 3.723393693281682459e-01 4.793995578002259172e-01 9.702582687798622096e-01 8.553758814802048249e-02 1.894269045711620691e-01 5.516504609129508907e-01
2.997413855369615021e-01 7.643275269119114146e-01 4.640497072986438098e-02 7.758216223427525371e-01 5.235083185619067159e-01 3.160313480341518932e-01 7.571799214108034803e-01
2.848832530849483291e-01 8.905724544764539452e-01 2.982194764181673313e-02 6.966718610808122492e-01 4.199581066513813354e-01 5.237271449645750643e-01 9.900543566741237811e-01
9.788772469834502443e-01 9.889722791403152136e-02 3.762436679411004237e-01 9.906128898342874134e-01 7.673368862874812013e-01 3.235482308020958264e-01 8.969202134579274954e-01
4.496930991932464039e-01 5.028684577159330260e-01 8.544830937815950378e-02 9.803258872112295963e-01 2.858740350437594668e-01 4.695837368543409607e-01 1.954221472155248662e-01
1.223376579479151793e-01 9.767751741604513427e-02 9.998701678045260333e-02 9.589722956433599510e-01 4.679806627463831692e-01 5.356543133437546844e-01 5.721028883219267946e-01
8.802104808910051759e-01 1.699710361340374121e-01 1.073804074903148276e-01 9.679428782112591279e-01 6.452772985309620513e-01 3.509680214697379341e-01 9.819833416179812868e-01
7.500049518917102365e-01 2.419472455294539304e-01 1.218481350044482853e-01 7.498670794576313414e-02 1.324675668674519802e-01 3.718969992096575750e-01 4.026382531600674608e-01
4.705856525698960402e-01 4.783401637872655154e-01 9.362791340076818958e-02 7.281895959871012014e-01 9.020263337711738050e-01 4.757033889139101746e-01 5.421301982221020666e-01
1.707008146077259592e-01 7.407939406196317744e-01 7.342471933433727949e-02 7.672800719942396430e-01 1.002824143939430868e-01 3.112455052901965669e-01 4.037529707872484219e-01
1.919698344592315475e-01 4.740736994777565716e-01 1.444294955197125141e-01 1.397901761074660243e-02 4.123536216132131504e-02 2.219444317403300726e-01 4.644143106840745716e-01
5.005335066894689433e-01 4.989611725946256904e-01 6.598063731225001227e-02 9.109490611467290222e-01 9.382042546876836475e-01 7.356432020791185966e-01 6.162581309850727607e-01
3.124010656449058843e-01 6.100688899861017589e-02 3.420278805023473367e-01 9.310307948888425500e-01 5.369740670953060402e-01 5.177750329987009792e-01 2.992624183561103379e-01
9.230685208968064659e-02 6.265779862893041674e-01 3.047945917116385850e-01 1.422159488192242804e-01 1.194648591316540553e-01 4.317671269410183754e-02 6.872605095832051703e-01
1.852636191039904734e-01 2.963881467571294337e-01 1.470312677079951280e-01 2.900405204208855725e-01 6.415434288897792214e-02 2.835447630947343090e-01 6.907683187420081694e-01
4.065607085989531022e-01 2.013118883612863286e-01 1.481510628251411221e-01 7.673631707122974266e-01 6.112249662054805022e-01 9.657006079068075621e-02 7.673580855454797955e-01
3.325794415857519781e-01 7.716365841088160815e-01 2.257756818983993469e-02 8.905090738295522446e-01 1.402805418234245316e-01 1.395199755245161710e-01 8.301828746727991648e-01
4.606998774210497860e-01 4.820689714767203427e-01 6.937441699034740950e-02 8.779708869837001828e-01 8.222983590858559122e-01 7.240351270383698079e-01 8.844482424956305877e-01
3.669408329004895108e-01 5.003570183282270989e-01 5.511137291154040441e-02 8.422843228399954363e-01 6.435748716398876912e-01 1.695547521239520461e-01 6.820126788529343731e-01
4.948055758969609474e-01 2.057871379218657315e-01 9.333818893721418375e-02 8.736586387399076781e-01 4.475697434570142796e-01 1.493446068441833530e-01 4.319410395557471416e-01
5.046381728440545444e-01 4.562405025560861693e-01 1.385866168396079345e-01 9.203192093114598293e-01 9.501784505307653284e-01 4.625114411218526622e-01 4.636468551158650087e-01
1.488918408101624902e-01 3.681275141731097378e-01 2.238834153665312243e-01 2.276552328702581285e-01 2.814554517980449866e-02 5.319814536558498119e-02 5.027563124047151888e-01
1.460696441801296874e-01 7.450509233020999877e-01 6.495407207719357257e-02 9.899149080613789398e-01 1.742474253204661094e-01 8.003393182341669299e-01 3.756063949363312032e-02
2.719111518921190074e-01 2.154729189537323009e-02 3.746335203424519533e-01 8.252599375534184212e-01 4.221367790354161875e-01 4.971407129407146713e-02 9.384042985081544885e-02
9.787472845499686214e-01 4.720711464715696692e-01 1.314140870422981777e-01 8.818659515672395699e-01 4.943988876813487643e-01 6.197110084820178777e-02 2.368414234706661681e-02
1.345710149964727265e-01 2.717678043429638812e-01 1.469531580793934644e-01 7.640518202859380992e-02 6.935407483597327838e-02 2.159325610388416194e-01 7.684634603088877913e-01
3.376657481420618501e-01 8.485654156143334070e-01 6.672977570733040764e-02 8.962134803932384486e-01 4.385157525594914896e-01 2.907564823935615550e-02 7.602277843874096774e-01
8.107509427076995401e-01 9.330429775186714902e-01 6.739154048056934521e-01 1.073081038774847951e-01 3.952799071199875058e-02 2.555535291021371336e-02 5.559554982568106762e-01
3.184616757836682410e-01 8.015667314695527068e-01 1.054614177153703203e-01 9.875544181903905816e-01 7.307336290737906914e-01 1.316177845571777638e-01 7.835310055955941877e-01
3.500668099466484051e-01 8.082879015590567207e-01 8.960798621352628057e-02 9.173203806090119983e-01 1.677265954395829040e-01 8.529018951386380110e-02 4.214342698922741159e-01
2.496385796043365524e-01 1.185706145512175347e-01 1.534585828412171615e-01 7.950023411125322070e-01 6.495890736170162327e-01 4.983301349028681493e-01 9.692792841905646384e-01
6.811664766142779825e-01 4.906718228623421219e-01 4.680997872830250373e-02 5.598858812979711219e-01 1.063551740463815065e-01 4.555749068786973943e-01 4.901889034068662721e-01
2.576628459597174459e-01 8.875705438216311416e-01 3.997301872589931193e-02 4.381818196956781541e-01 1.048459385574440628e-01 1.336269214390040094e-02 8.964129357067387449e-01
1.237201183629821344e-01 5.496834821615942390e-02 3.817884431157954062e-01 8.933576140877190763e-01 6.048660378050814135e-01 4.926961098007254236e-02 4.463263960190873014e-01
4.204095529454745517e-01 8.233419512237517557e-01 5.987322339436529361e-02 9.812193860879023788e-01 2.364243832159709235e-01 3.347143509110908632e-01 1.208814006711023126e-01
1.565922265738950436e-01 4.883340669271420964e-01 5.608810625420002083e-02 5.138956690320473086e-01 4.233585084687205846e-01 4.971925065577091907e-01 7.333566964107660624e-01
4.302309666424557477e-01 5.035062271187271676e-01 1.665716167408357595e-01 7.320810760946684370e-01 9.968451816602978965e-01 3.984895024272552821e-02 3.758794524458819453e-02
5.665340691368299098e-01 6.118530308574476884e-01 1.437503421413190985e-01 2.831306452332404966e-02 3.121497756349711494e-02 2.824684316589487487e-02 8.820425260959721125e-01
4.971780146375657239e-01 1.872954955499905871e-01 9.136935433693382791e-02 9.532844358529446449e-01 6.999121207514176213e-01 5.230875722453256493e-01 6.462757842832544952e-01
2.505026134102590341e-01 8.627972100642109510e-01 5.285588160245335843e-02 7.084202249924747008e-01 5.479238284640908230e-01 9.645079426616609553e-02 2.147728180222356897e-01
1.932615885651414178e-01 1.510490652842504389e-01 2.139964133629943532e-01 9.075146966448719432e-01 9.703412479910968891e-01 1.735136037031945744e-01 4.911734519558996759e-01
8.574240096629299757e-01 1.937342234693950616e-02 2.386454642679112226e-01 1.988914131145835817e-02 5.086979185983775409e-02 3.254742976610813798e-02 1.673607004478236959e-01
4.284359386560367966e-01 1.031957588972527429e-01 9.854186821297172827e-01 3.224439875371138964e-01 4.634839397208465606e-01 4.246083197496489103e-02 5.106736038667429867e-01
1.984742143826867533e-02 4.456194138852613840e-01 4.938099326528735400e-01 1.607779565177009928e-01 1.615057121720777644e-01 4.428443911878643391e-02 3.683602188289025747e-01
