8.640578274921234536e-02 7.450902742651736022e-01 9.434957687565198592e-01 3.342103682756467631e-01 1.736407741674695915e-01 1.998987839463860217e-02 9.320139341943591837e-01
1.591412717860449522e-01 7.036539024329979686e-01 9.978484248610282048e-01 7.497141736896579811e-01 1.028184799995199815e-02 9.233210771063365963e-02 6.209340064085582256e-01
4.204051865055812298e-01 2.920195157901325084e-02 9.971590961852130341e-01 5.500215513892194041e-02 2.706843363308200079e-01 2.774955337789086068e-02 9.345399360076064310e-01
7.682808294288812068e-01 7.684835501689948334e-01 9.200653053016201177e-01 4.159450967529072507e-01 2.853483950410580783e-01 3.508553656968455559e-01 3.572961268089109299e-01
2.204211427688888836e-01 3.605929956302165174e-01 9.810214593928464621e-01 1.985251257714954476e-01 2.385342556065391667e-02 3.215827739782418648e-01 9.707669165072329021e-01
1.377047758713249026e-01 4.713678091189216768e-01 9.740941905057529659e-01 8.802172972155337949e-02 5.547445803732705197e-05 1.800642027575639209e-02 8.624156524785799860e-01
1.655436349847516364e-01 1.475537101843664156e-01 8.652005222073633206e-01 2.536850060674723795e-02 1.993380664810956437e-02 7.912778480714476315e-01 6.949129351647165276e-01
8.492746227587244512e-01 1.705304190280213517e-01 8.957597423883958410e-01 1.699175285408374148e-01 9.915528387526678644e-01 6.548902340647068110e-01 9.750540796234740126e-01
8.389149159642832476e-01 7.014341226261722184e-01 9.683561834139573499e-01 1.766706814832091355e-01 1.662779562032744018e-01 6.565115626396179557e-03 9.906245165750545700e-01
1.457256683419208554e-02 2.329754689215005337e-01 9.883282289252726116e-01 9.166905133757178442e-03 5.210661323389785549e-02 1.578821137938096197e-01 9.719348545425355868e-01
7.911240272088227998e-01 7.151795819611956873e-01 3.504028504374487318e-01 5.005372105347664219e-02 5.150134715095484594e-01 5.666708727815182867e-01 9.296019106812587474e-01
6.957237243537722771e-01 2.237168345365394273e-01 3.440990073286621931e-02 8.320320307174347008e-01 6.858951672249854470e-01 1.740639947747999461e-01 8.675293249393353223e-01
2.592570363384400500e-01 1.745567300872692129e-01 4.793830431037751638e-01 8.642525052257246099e-01 2.615973397310752402e-01 2.041159414510067827e-01 6.757931140136093084e-01
6.444384338582261895e-01 2.935062975080143799e-01 9.817993707134154979e-01 6.682085173302005909e-01 1.305128211866505017e-01 6.141731738115429988e-03 9.860870841549090882e-01
2.766037872484839247e-02 9.917255169032437312e-01 9.868551130666110005e-01 4.327938309679826151e-02 4.989456130560048219e-01 5.588765061120242184e-01 9.357002876838168559e-01
1.384900844604727566e-01 7.059529061885784218e-01 2.760248950087947906e-01 6.962770608009404283e-01 6.545160009051319561e-01 8.653572170089782745e-01 7.224339094497947977e-01
1.465842814901426594e-01 5.225359184612976549e-02 9.301254939915126752e-02 6.591695855958330796e-02 2.333453016761052878e-01 6.387253495950231397e-01 9.267262572903219864e-01
2.182669612297157835e-01 8.745157780668000314e-01 7.782737569516863241e-01 8.539690033672754643e-02 7.921608506262052540e-02 3.281339996594245800e-03 7.634258245515037622e-01
1.274727033565245526e-01 2.550856311527575637e-01 6.655866284532778732e-01 1.145023176545951257e-03 1.103076238352756894e-01 1.822294764919350218e-01 9.562286753134516815e-01
2.179716972724615037e-02 4.640842394136094340e-01 8.878254237219433964e-01 5.624924394547742290e-02 8.669714245297735489e-04 2.582082654725061932e-01 6.961602729332673212e-01
4.725734909774681469e-02 3.994034774507455587e-01 5.731742548393696512e-02 5.630236144865953252e-01 5.706563421483715759e-01 9.041199292917269092e-01 7.441756011917766145e-01
9.619631069087541952e-01 9.936431827966124564e-02 2.574815311199278312e-01 4.555787933485294650e-02 3.526985690167144805e-01 2.764272894793987079e-01 9.033438261963415705e-01
8.879674801459133127e-01 4.494191420352435795e-01 6.895258934061504474e-01 1.219661440124889112e-01 4.377126171404975286e-01 3.343322861988554801e-02 9.280358686885632480e-01
3.445421617372254053e-01 5.979257050126535189e-01 6.748647984526616739e-01 3.992116252412480915e-01 5.713996963424173847e-01 7.597422214685781716e-01 4.221887998247568496e-02
8.602928007496182250e-01 9.418255401505646329e-01 7.155264126676534886e-01 1.449582938520917741e-01 3.269890896567300559e-03 9.488121331194337982e-03 9.198832702290272723e-01
9.211456859774376227e-01 7.357116097990471504e-01 9.800773907018472952e-01 1.558026748867518407e-01 6.500616671447173762e-03 3.046878712997854594e-03 8.130251318904991864e-01
5.368115115645725188e-01 1.798837483282668404e-03 3.324899193495901017e-01 5.391653467574993863e-01 6.247694981863908259e-01 7.739239482134546710e-02 4.028617588402870764e-01
9.990880566696642706e-01 2.872510122844963432e-01 2.637051168364392684e-01 2.384393153307251545e-01 1.940971037028579871e-02 4.973610455508204464e-01 7.443682681515098043e-01
2.970764911670685168e-02 1.685366345347527606e-01 7.498936970845547778e-01 1.711826905612998106e-02 2.240289419438519850e-02 2.672612358877621969e-02 8.879144355061807659e-01
3.732083469607551662e-01 7.255718389401132340e-01 8.614180145900240948e-01 7.044959199869833544e-01 1.404390261431329445e-01 4.626236613309184786e-01 6.620187471278221603e-01
9.060746921701640089e-01 9.204086336000526503e-01 6.963699715245096344e-01 3.878213165172773175e-03 1.530697719231797517e-03 3.042401147439482978e-01 7.490912007210820400e-01
4.246834205974520660e-01 6.784447741641388419e-01 2.036988202332553066e-01 6.610737924593332870e-01 6.113912786913792974e-02 5.644455091100391009e-01 2.677494544555513722e-01
6.596063525411476336e-01 9.110546127656684590e-01 9.537565130903570276e-01 3.500349028489417591e-02 1.569055230503894373e-03 7.668514918950461445e-02 5.313093538473621091e-01
8.993344707464648868e-01 4.741586172019701673e-01 5.620854706803923850e-01 6.308071143653737334e-01 2.319391542852466178e-03 4.299157855393700434e-01 2.189987120484321870e-01
6.177963082369737624e-02 7.533743058630886225e-01 7.455210077672624891e-01 2.389636870144132980e-02 9.650729374694706070e-03 9.754563960435208569e-02 6.716516364134633710e-01
9.354645236189602642e-01 9.476819290517465300e-01 2.980063477276533035e-02 5.217386780549421177e-01 5.579647735847580448e-01 6.173050693559565261e-01 9.954145519193713376e-01
1.054736489428969026e-01 2.611547937263825059e-01 1.880241797499119238e-01 3.073553332275484329e-01 7.880397190421971620e-01 3.241388277251925909e-01 2.675941056457190048e-01
4.119443821283024221e-01 5.904580216096253498e-01 7.836098926781024376e-01 9.534138934260426579e-01 8.868638377639602721e-01 8.461124103205112101e-01 9.785884371139861315e-01
6.644927478032797152e-01 5.733475294951891899e-01 4.273824713099192985e-01 2.094776444192437137e-01 1.215865926336204828e-01 4.009293552288468315e-02 1.672921368232657136e-01
6.578216855859773116e-01 7.227341559063911181e-01 3.171676722947928129e-01 6.633351207051960685e-01 9.032184706454304823e-01 8.345272750306341747e-01 8.174005478686012793e-01
2.004462627687316756e-01 6.280059402950829428e-01 3.614709925202098662e-01 9.695284969897675076e-01 2.227136784550098614e-01 7.236502493702924310e-01 8.442349467883362157e-01
1.243482140964322948e-02 9.135020876293995507e-01 3.418289617521111934e-01 1.040373292671478017e-03 1.099231740204538732e-01 3.002255271850252233e-02 6.445017446742037359e-01
3.341999107610795772e-01 7.835974717069341677e-01 6.823886692377981733e-01 2.252559462164653581e-01 9.167038355938345040e-02 9.219661487857978496e-03 3.921085179934238885e-02
5.548256174737655755e-01 6.494389123771564243e-02 6.300899336593349109e-02 6.597832456072124652e-01 8.291550870587085509e-01 9.725533895007050234e-01 7.467865754340682338e-01
2.612183169763451218e-01 5.531578916439493510e-01 4.833796425648156925e-01 9.993330916527326524e-01 3.907285749353437976e-01 7.755083496245277486e-01 6.567986003537452655e-01
3.886271227243879300e-01 9.916371130567998016e-01 1.479178161165035366e-01 8.643874560965013609e-01 2.159059900952246813e-01 4.228939792125320229e-01 5.213110240586175115e-01
4.191950956272394446e-02 2.568673382581576625e-01 1.351370550296151496e-01 1.478800809903488833e-01 3.215814870393841618e-01 1.624651775235028683e-01 8.629691276872704098e-01
1.512659938239547808e-01 5.156189949698970487e-01 1.097690750873308863e-01 3.222953864215992170e-01 6.933951081890550316e-01 4.823191530350897094e-01 5.899478455989274339e-01
6.832549874418261115e-01 5.131525463871717818e-01 4.771345625957633119e-01 8.371363079729679524e-02 1.206171230930978971e-01 1.483914544694381055e-01 4.822448524149804960e-01
9.729430100402904902e-01 2.561626617026881991e-01 2.708236723681035074e-01 2.771024364839517196e-01 2.982036189156675454e-01 5.201093286518192471e-01 7.382763521720834277e-01
6.068503091341718170e-01 9.909810267337436640e-01 8.578233217052507742e-01 3.487532469385772327e-01 1.230093675675885123e-01 4.300685445153122101e-03 8.097439730747121311e-01
7.112637669843561161e-01 2.327624439834632963e-01 7.233321019975581523e-01 1.379728169645348945e-01 8.956336004874005940e-01 4.979306453270319621e-01 9.430412207949175896e-01
4.530224983934000860e-01 2.458889544947155392e-01 8.999925646969096915e-01 9.076123533519590003e-01 3.045918723526013228e-01 1.143770822568029449e-01 4.530502126480557279e-01
4.692479593752364453e-01 4.684955167011611854e-01 6.230455096189977393e-01 8.587588087390543579e-02 1.477598537610111222e-02 3.199323040050349731e-01 8.541483490240819876e-01
7.662291669713992004e-01 2.620269152052923656e-01 4.727406405032624770e-01 7.863380930912917954e-02 5.828570115722500056e-01 1.602084908654704057e-02 9.407910255795657317e-01
6.086770383270188045e-01 3.687709541528150226e-01 9.877664329706047353e-01 1.930102195512065633e-01 2.945542020756676538e-02 7.348609471690020767e-02 7.901289233835544490e-01
3.986882240193827531e-01 5.764223907989387552e-01 8.108132849349132254e-01 7.982496747437530793e-01 1.102593304654501671e-01 9.799950614294966611e-02 5.098689842455395027e-01
7.628357563859688995e-01 4.194802181936495566e-01 8.010754285719543510e-01 7.935329527521564619e-02 2.732993018596229645e-02 1.019492350185510765e-02 8.665439606964532304e-01
8.315779219381250198e-02 4.543849239820257901e-01 6.183073694490831551e-01 6.569478516879284635e-01 8.115752192408123844e-02 3.905022255027681445e-03 1.202567764383298543e-01
6.469120353216716371e-03 1.700880173822224423e-02 8.535536467462786492e-01 9.419202912501428368e-03 1.164289686805445312e-01 4.477431773238154111e-01 7.881925945263408284e-01
4.191628771169061407e-01 4.916710092959896139e-01 8.907565036802258529e-01 8.229244985162511572e-01 4.315995241920345116e-02 2.027202607681081459e-01 3.819671192793281517e-02
4.171926760216675967e-01 6.682094916331431378e-01 1.562476739328703124e-01 2.568569200834366351e-01 7.462273895725877182e-01 8.202324857448205497e-01 6.782608256853837059e-01
6.269179241401683367e-01 3.439656320207759577e-01 9.297899690549454865e-01 4.260105449326591631e-01 2.451945890399511233e-02 1.160822819716867682e-01 6.875059074466312037e-01
9.834084691029033876e-02 5.090247660853730594e-01 1.970654575113951756e-01 7.122785482319832218e-01 7.686687651193182536e-01 4.046611739287466758e-01 9.452676832175983812e-02
9.559559287521715576e-02 1.771062160642485755e-02 6.532250229518953288e-01 6.815513967403384610e-02 4.110404515777448253e-01 2.795916590503778054e-01 5.577085638508381127e-01
5.012033166930891792e-02 5.380376037519258858e-01 4.088647497256225893e-02 9.941748736327997715e-01 3.951696967961103035e-01 5.106702308060240281e-01 8.573820674265444364e-01
7.975102278207547579e-01 5.290820735036633887e-03 2.926523149703930127e-01 1.373910768524610679e-02 2.831642115183270469e-01 6.549028600194422012e-01 8.341256070466439576e-01
2.630809278291748599e-01 5.013351239554648675e-01 4.560138225868666795e-01 9.830823569292065356e-01 7.743376206357875935e-01 3.245960725977731220e-01 8.331998356222304336e-01
1.755897526815225207e-01 7.265648952754951706e-01 5.206081794764438886e-01 9.646167733439967584e-01 7.718168135427450061e-02 6.397638942310496235e-01 3.536928771691477680e-02
1.299448328647496986e-01 1.685129674169505709e-01 5.042861498809287912e-01 8.049232397861640909e-01 6.092576257935075068e-01 3.038419166638282043e-01 1.020002762436786337e-02
3.884123366302043023e-01 6.092131702478594812e-01 7.778694383202314766e-01 9.818729150619245338e-01 1.781213150737666340e-02 1.465068609445819604e-02 6.644226746423350649e-01
1.624359861037135977e-01 6.023137195478656808e-02 5.039866203566041591e-02 3.534370685957735070e-01 4.876538246577634683e-01 1.348267007337477230e-01 2.170080523198121558e-01
2.514676200617864121e-01 6.330738586277180335e-01 2.657490532519176663e-01 7.028069075689010736e-01 1.148784232177075260e-01 3.417140116485497536e-01 1.717937794670852947e-01
7.320843174748057347e-01 3.330253211619937925e-01 9.079167252044394454e-01 1.141427868043752986e-01 2.259696484641176423e-02 6.371406542722976574e-02 9.793193149582876122e-01
8.710477334608116018e-02 1.557108784078302666e-01 1.478285613534731924e-01 9.175865270285504804e-01 3.302180139335693654e-01 8.761735239671556430e-01 9.507160047319412888e-01
4.595424475686439858e-01 7.220514432347318046e-01 8.241417433472137954e-01 1.848741599774245126e-01 1.509954157735492186e-01 4.658088051958045317e-02 3.652703278853311475e-01
7.085629787464013951e-01 5.959027441334291408e-01 3.252210469354869793e-01 1.174401241041668764e-01 7.412111664226430641e-01 2.477701816180721828e-01 7.130375563098309555e-02
7.985656092014967178e-02 6.255463303258066432e-01 1.340001588875312510e-01 7.416035346234712833e-01 3.121370093322284323e-01 8.859648998043104240e-02 8.791295516017649803e-01
6.116163432568104685e-01 9.291215540224965208e-01 4.559026294328972218e-01 1.334137556735454089e-01 3.555722032014391742e-01 6.699517591939719852e-01 6.427557244136170578e-01
4.081801183357949836e-01 9.125004441324741089e-01 1.299959836512987743e-01 6.213997397325247141e-01 2.009186131008263571e-02 6.688143386304912230e-01 9.140835085770745438e-01
9.044396176314606350e-02 1.507414060955255819e-01 1.609517424143454278e-01 8.509300223844130651e-01 7.145294124419061532e-01 2.086240249432463334e-01 6.398073853089418783e-01
8.404490631246415155e-01 3.461236600982013911e-01 5.769714039751435708e-01 2.200774574400725381e-02 7.126275588788861803e-01 1.358122791072891578e-01 8.683564793449723984e-01
4.407269589853650416e-02 8.225873167470911795e-01 5.253251054238696760e-01 1.652907696297398477e-01 5.349337391929142455e-02 5.434810649404052674e-01 2.581170474431739303e-01
6.422774738341041623e-01 9.566326233856277117e-01 4.943024608809186149e-01 1.620113453683362514e-02 2.504124484774217785e-01 9.129483956878786666e-01 7.552969539233637120e-01
5.353784848572582522e-01 9.782667060366735390e-01 4.042265288115689525e-01 6.580532584297050791e-01 6.611484139013106276e-01 9.886061474578712316e-01 9.212702703147707117e-02
2.216237114509460315e-01 5.326721414425867884e-01 4.364173944081906620e-01 9.596632750924604105e-01 8.063121835113791214e-01 2.085567846313711171e-01 1.646247789042664111e-01
1.398594244868024139e-01 7.800370738813827698e-01 1.846788925722821773e-01 6.319940926009185445e-01 2.117067145491164162e-02 6.741756003198835501e-01 1.548632381328111374e-01
5.000089819089954535e-01 3.339473856479727165e-01 1.725639592423216240e-01 3.475724401493627824e-01 9.840980404269846771e-01 5.499395954458354829e-01 8.480742574273605339e-01
5.212231419758827089e-01 8.602246516145879429e-01 2.444299806778064410e-01 4.748939200218652568e-01 9.418925869764580572e-01 4.834736511963034777e-01 7.779684266428136263e-01
1.057167702476382101e-03 9.240211709508138194e-01 9.632649212505268732e-01 9.560295187659859084e-02 2.036608761457169708e-02 4.037661260844974814e-02 9.937909789338417177e-01
9.440148324794995771e-01 1.410964326900872590e-01 2.133811254049997053e-01 9.722733953226277981e-01 1.966675583389428383e-01 5.277852640419764541e-01 9.639383710726581178e-01
3.955442643934224956e-01 5.965607315268457445e-01 5.189951049606557065e-01 2.704997787746841742e-01 1.514422379391250906e-01 2.450397944572865472e-01 9.935849715894538026e-01
3.992430918986443200e-01 7.005365322129651628e-02 1.148995007706261895e-01 8.237818262946311476e-01 5.933221339734725541e-01 8.264393563413192645e-01 9.167701807226324995e-01
4.756174664864215584e-01 5.213422437337814630e-01 4.235486850382814694e-01 5.476577486926398342e-01 6.998699771835824313e-02 2.279711646540263092e-01 8.451115013612859883e-01
4.377810213459838451e-01 6.214006789357578997e-01 6.521345347067117881e-01 1.418628092718609290e-01 5.935812127160841611e-02 1.234828924191193333e-02 6.516651561869577503e-01
1.307054666955506372e-01 6.888716569776125453e-01 2.316152407765829091e-01 8.559558311985625556e-01 3.984969325901559500e-01 7.366200599476007138e-01 4.994417857226003954e-01
5.328044592575545968e-01 3.142173317538565769e-01 7.539838853440761213e-01 6.528446498113653872e-03 2.820530442198971796e-03 8.036111650812441387e-02 9.946351136562664452e-01
5.827421534389506386e-01 5.042648276450913958e-01 9.063744892043397172e-01 4.594076501013411723e-02 6.645149611762464492e-02 1.269491184552077323e-01 7.437986252875325999e-01
7.758183231244484279e-01 5.864929698355688670e-01 4.975572180688430518e-02 8.288498514299948994e-01 7.151333550286337326e-02 8.064049852769938909e-01 8.740138121959968309e-01
7.362998573488789555e-02 4.835619568032512028e-01 1.329548128127748530e-01 7.412727172938879949e-01 6.330459190687735826e-02 2.095205575203958059e-01 7.799708058348122641e-01
2.065806266140888248e-01 2.267247518907233861e-02 2.366992638070503086e-01 3.614224876000607933e-01 3.476778471501847934e-01 8.489118812439481188e-01 1.905621612632718564e-01
4.780544876103344221e-01 3.583070854233104119e-01 8.538109745948134488e-02 7.655145742960631772e-01 8.649640471830396526e-01 9.278768875043181819e-01 4.747603617089527495e-01
5.341909192822710262e-01 4.203478651561000645e-01 3.063088717512542636e-01 9.628209772802742705e-01 3.354021618138844363e-01 4.683441780257596027e-02 2.341820482190591357e-01
9.821367220847869728e-01 5.637394352998695846e-01 2.102174576041627718e-01 9.937154660371787518e-01 3.125108886252438434e-01 9.156492004621750169e-01 1.585494687334204345e-01
9.569286101779250764e-02 9.228109441428097859e-02 2.171288534111190938e-01 1.080398978593665425e-02 9.827257873830661516e-01 3.604169395121730179e-01 1.490158349932234616e-01
5.814267458846954506e-01 8.160471790968175654e-01 2.834901093017266338e-01 7.508200162519055310e-01 8.892705543185429606e-01 6.783827000031522614e-01 5.990205679153214335e-01
8.455516084716917513e-01 4.829308627496727013e-02 2.416148744216018995e-01 2.898707713967569877e-01 3.783308833942919946e-01 9.610282024927547795e-01 4.448941203377821951e-01
8.638233110488885425e-01 8.443155838662687040e-01 7.398821064414090598e-01 5.773658912405728316e-02 4.067531212447690614e-02 1.823117961649156071e-01 8.622929816593455365e-01
9.693907324440868001e-01 6.052550502772150454e-01 1.049110369413631949e-01 6.915600331706551751e-01 2.386666917024181656e-01 3.486862652119249867e-02 8.980353056780878696e-01
3.344942490817779390e-01 6.181081635065703850e-01 4.050617191501724168e-01 1.492954713118438241e-02 1.519498766775484455e-04 9.389818325977564717e-01 3.616250803486741328e-01
2.179150258672704898e-01 9.131749472783052823e-01 1.650736737393704578e-01 7.901451027705608254e-01 5.705575266379665500e-01 2.439565226650462770e-01 3.900646465553093134e-01
2.034206255768047644e-01 2.139391341229776589e-01 2.944016695830345420e-01 6.695317417600089582e-01 8.851113858240644561e-01 5.776139024071412775e-01 6.489557709364905946e-01
1.342337976438238434e-01 3.501967525627832090e-01 5.590978001804108866e-01 1.098314492715983179e-02 1.506283279549985032e-01 8.279988898120804741e-02 5.797568038498760457e-01
4.323259435030613052e-01 8.246747355835730708e-01 5.373632211544189241e-01 3.170930281814405838e-01 9.399522856996802567e-01 4.045559325944545481e-01 3.684077690885220191e-01
6.340017171027445553e-01 3.122324238211494629e-01 8.570493938210494989e-01 5.296430974472986913e-02 5.562739564018030769e-02 9.983280128578252838e-03 9.013057103932712311e-01
8.941300879464780804e-01 9.118119034844938131e-01 4.800289465855463455e-01 1.999847526118094243e-01 1.100415003248681259e-03 1.241027738188779476e-02 6.678353263949305951e-01
4.487048734954040552e-01 2.248176202006470503e-01 3.178941697076319572e-01 3.280478588864493839e-01 3.795652707133385234e-02 4.558304827942515070e-02 8.319815794928453467e-01
4.049225245303682552e-01 6.367229134306876537e-01 5.603426466721016519e-01 8.537042112343379285e-03 8.166430487808445937e-02 1.405019690323451031e-01 5.913672239853595691e-01
7.088225364002561646e-01 4.334005983857218136e-01 2.763745036726104054e-01 1.529120749567690861e-02 2.388320413197444481e-01 3.056298923408883872e-01 7.304536987701220063e-01
6.325445485370542187e-01 5.556867581494572272e-01 9.689251091758530610e-01 3.481753069533248535e-02 4.228316340892357417e-02 7.801859536326957723e-02 9.468223457601611104e-01
3.401845747681216947e-01 6.065378736407861515e-01 4.085048567332649760e-01 1.373751322665633934e-01 1.117099792373319085e-02 7.855492564917006260e-02 1.347933258587045713e-01
7.911474846203259137e-01 5.816076486962294956e-01 5.124840739102837911e-02 3.718360729555796884e-01 5.636925313969616269e-01 2.312197627873735228e-01 7.961887875998748809e-01
7.824930116676913627e-01 3.605039565141446856e-01 1.113676189441527992e-01 2.285492474585216205e-01 8.145084319746942469e-01 6.481841742846415899e-01 8.892457618430581467e-01
8.457958385415341729e-01 8.714974542977542704e-01 8.190932137755853049e-01 3.540197096418756795e-02 2.010903013738643899e-02 6.984129446661796470e-03 8.031661432827439384e-01
5.689164017385553995e-01 8.319171432675519506e-01 3.606350902114028312e-01 3.880990212114253657e-01 2.144824643893669114e-01 1.453836479647070412e-01 6.445145059574088897e-01
7.466260995769886943e-02 2.219084967705553246e-01 7.593129752365141982e-01 3.431761265445402165e-01 1.626712479975177261e-01 8.358401805789750227e-02 1.571987171520748960e-01
3.651495185557286360e-01 2.126181742702916988e-01 4.217744787459507677e-02 8.020106324903435169e-02 9.352209520724281688e-01 2.014636234087829325e-01 5.497339072185093434e-01
6.508136554757547598e-01 6.601270456885305338e-02 1.584285324936782757e-01 5.778850205185341593e-02 5.241826881313766950e-01 7.509181516040286386e-02 4.878068668453039991e-01
5.630450488943254950e-01 3.923011150174457451e-01 8.621053351299368117e-02 8.742885221056734268e-01 1.302292243067480759e-01 5.085400897774594586e-01 9.425871248218546938e-01
2.070401211447577550e-01 6.732799869995785835e-01 8.432904452055206557e-02 8.543554088211758879e-01 8.078891113023278781e-01 8.330063099019200390e-01 8.818951022332507383e-01
4.666628995293334858e-01 2.085741676655802901e-01 2.295599558326947287e-01 7.111589953515471407e-01 9.112697992462384655e-02 4.470004760539663669e-01 4.258917185766807334e-01
5.236802934140534216e-01 5.060078456515413325e-01 1.609771269955361239e-01 2.664519194200318797e-01 1.669290417129294102e-01 3.954229806946836512e-02 5.989814398724840894e-01
7.090024502017228114e-01 2.110599357950921073e-01 5.412102465170705312e-02 3.140230266103126167e-01 9.330750735222613779e-01 8.391193111497138313e-01 6.331916229765055526e-01
4.935999510693768189e-01 2.649416804086499044e-01 2.712524139330159123e-01 7.085891960467023409e-01 6.487503970232032513e-01 7.782531728532104953e-01 8.243120617734193134e-01
4.870279919390522183e-01 6.293375659427463686e-02 6.020220042648432024e-01 1.601922313512922635e-01 2.770263377273468781e-03 6.992866082777006095e-03 8.773335236892496614e-01
7.044127536205711804e-02 2.483377558752893344e-01 9.352895241080812216e-02 3.919133011498916463e-01 7.918333383942718351e-01 1.186778853176480852e-01 4.658362141013919766e-01
6.972171658171326669e-01 7.837462484404262852e-01 2.631101160308523812e-01 8.969910243036741671e-01 3.884607433398347132e-01 6.111231268158258123e-01 4.223132154064841992e-01
6.545908765234238758e-02 6.406511484354968644e-01 1.182695630935376857e-01 9.111181380497617166e-01 7.331181378304374441e-01 2.956815335273468293e-01 3.123767363120762419e-01
1.232222376944471787e-01 9.142193499701186665e-01 7.532128450201034386e-01 2.649650010366529918e-01 1.044424443938944853e-02 3.508651555023923480e-02 4.347795944900975651e-01
6.717274100323437080e-01 7.205530320542541389e-01 2.791591079266668718e-01 4.327543454675528145e-01 2.032728195838866547e-01 7.094372945492444238e-02 1.189309937081263896e-01
9.539166631955636744e-01 2.689966138158513820e-01 8.532834153762751672e-01 4.400463516710955564e-02 3.486215749769573657e-03 1.151871420963688011e-03 1.786490849301984596e-01
4.460543737741611836e-01 6.092472113908498077e-01 1.764964812653888326e-01 2.417347113079441889e-01 3.295414417604896479e-02 6.190293566376681156e-01 9.787204712838390996e-01
6.079050847376572531e-01 2.940141095906368407e-01 3.848459809773220330e-01 2.288484231719177531e-02 3.946446811627511014e-03 4.385854958209680493e-02 6.164278914057105263e-01
1.675394345315780187e-01 1.850856890148969425e-01 2.591847311641151119e-01 8.727139769017746573e-01 7.228011411708977763e-01 2.329791999804171621e-01 8.420908030458399418e-01
8.285173531195132446e-01 1.979546772821480505e-01 3.218604813469423953e-01 1.136876082665808502e-01 9.326990885848288615e-01 5.714954884832553761e-01 6.016016039712933638e-01
3.737104361490430904e-01 5.560943711450196947e-01 1.941965985906539127e-01 5.868150141164908407e-01 8.895656669904218328e-01 4.324760633855888603e-01 9.821387894077764358e-01
5.819841728401397019e-01 6.165573027074151558e-01 4.477145678342616675e-01 5.061918792861879179e-01 1.207091998750727951e-01 3.976976396157494431e-02 4.558568804220133330e-01
2.175891748444901130e-02 8.210457233920668285e-01 6.249831237281582297e-01 1.936504779483448069e-01 3.817312870550558512e-02 7.381599653476043910e-02 7.207419674055289827e-01
2.314179106343406678e-01 4.754504550428976239e-01 4.200299346867047284e-02 9.596365306100133052e-01 1.521674618929173550e-01 3.863747274755838235e-01 1.450820644322205477e-01
2.776380052854139358e-01 1.217414523243331714e-01 1.801847014843288020e-01 8.584548729209617868e-01 8.494076509635708483e-01 5.802603861755528669e-01 7.578058559393432425e-01
3.025134249650605067e-01 2.418933541399210518e-01 3.203275223106176461e-02 5.426740733726223009e-01 5.643673060122521568e-01 1.264948722353964605e-01 5.662408989115943481e-01
5.109446039675695772e-01 1.822756674863798554e-01 1.107054821828039187e-01 7.882772999504793487e-01 2.661712279530143443e-01 6.580935630887077004e-01 7.648424551339354505e-01
4.639463514529851285e-01 5.571332815188329013e-01 1.885532277716626959e-01 7.377544252737050501e-01 4.216796626045860030e-01 1.295751845013539683e-01 8.524891155003219145e-01
4.800854507346278277e-01 3.929546671078025799e-01 1.015952513318512385e-01 2.982610434300894675e-01 2.523469647837043861e-01 2.874236084277086156e-02 8.372818062397771044e-01
4.422065041851365730e-01 2.839487557715547061e-01 1.522552566247757089e-01 5.795882007492177967e-01 8.778051807117812078e-02 1.468675388231708290e-01 3.138412203930297517e-01
7.572498021633939924e-01 8.142288188002454463e-01 7.768255144918799759e-01 5.600540664625731913e-02 5.496745787197390709e-02 1.140225823676601150e-02 6.165949644038521971e-01
3.161499089123215311e-01 1.231324408922774838e-01 1.152364027593075213e-01 9.557142734300384523e-01 4.576850821788746027e-01 6.544276623620233213e-01 2.283628723975315300e-01
9.436138229041747261e-01 5.010810520896280540e-01 1.470227470132283443e-01 5.397299782154464376e-01 4.947462596585934236e-01 1.562629358511081340e-02 3.312323637153594125e-01
8.032941028551521256e-01 3.011461826445179790e-01 2.869109740448315682e-01 2.769878346438997899e-02 5.949663068795654070e-02 5.969364194929246276e-02 9.402606958278226790e-01
2.597952317724045446e-01 5.960636147854735389e-01 1.286393326260949418e-02 2.758162611113740281e-01 5.062866981832637309e-02 2.417048679725494198e-01 2.127624639555559249e-01
3.167667030344188950e-01 8.162350017387952350e-02 1.760344080361503916e-01 1.744540611231690519e-01 9.344570116481109023e-01 7.663846476264959406e-01 6.641835629054493317e-02
3.329590220918414722e-01 8.446554447857045345e-01 8.441242568663001045e-01 7.336709686079273540e-03 4.125880829841330200e-02 3.333131455800273507e-02 6.619551824456298972e-01
6.987010533696363934e-01 1.456569814402908780e-01 6.435580578748756331e-02 8.241365050912993206e-01 1.176474779726850162e-01 9.940803608767433408e-01 4.827470822974021525e-01
4.812929011532667833e-01 2.092099980756003119e-01 2.505536747534194419e-01 8.031599581996823334e-01 5.143848597018740865e-02 5.999503817922150484e-01 3.830734361519766984e-01
7.814597525979470882e-01 9.723851585132128328e-01 9.184055154563766088e-01 1.726221911340640458e-02 5.359230627894759173e-03 7.937128926907975612e-03 9.322293650389479325e-01
3.594896246100002801e-01 2.844978056063411920e-01 2.689443746927428491e-01 7.227366239313269825e-01 1.206193798650414539e-01 1.391341124930558226e-01 3.101512822513946555e-01
7.067467195538720270e-01 8.446491590469631383e-01 1.567304005595743233e-01 4.577351507847233769e-01 9.195266185257573444e-01 7.557897570800878873e-01 2.768125428790443876e-01
4.781690836421880197e-01 3.047403544735339254e-01 2.034207141884769310e-01 8.101231444354026756e-01 6.272368425437779837e-01 4.394479874258123697e-01 6.421934034989448814e-02
4.753454262942741759e-01 4.794547819529299537e-01 1.822677371861000650e-01 4.795091480995348765e-01 5.813290595411513273e-01 4.819204856319603270e-01 9.745263106648979212e-01
2.148957637548888910e-01 7.231755402953322642e-01 2.572304338448343497e-01 9.861262257057334946e-01 1.182704258418709742e-02 1.820673464878287129e-01 6.057400265548396057e-01
6.120598174215516885e-01 8.433927697267181722e-01 5.859559868476152955e-01 2.874880335301425310e-02 3.274502561760842673e-02 5.262969671124957671e-02 8.990773478301746779e-01
5.639431611618355156e-01 3.552688699141312578e-02 1.771099664565445042e-01 2.935647718277994977e-01 7.439710786854926150e-01 2.424369466070923906e-01 7.654089505929304593e-01
4.483974830234384035e-01 5.933482764804742793e-01 1.968907113279009802e-01 8.314565171737802185e-01 9.673315242686711946e-01 5.553397115614534113e-02 7.854058646909246599e-01
2.457228091912529166e-01 7.842683983314922003e-01 5.573102999675889624e-01 2.735334618945160085e-02 1.994437606321092238e-03 5.712545708808820094e-02 4.598131253779079719e-01
2.639543396382825202e-01 1.089734782026987869e-01 2.377491090250978545e-01 6.861014312754939448e-01 3.257422521113629843e-01 9.322504436669365457e-01 5.664544682325365343e-01
4.710101621938456717e-01 2.043172313282666241e-01 2.859959371081118307e-01 4.295653289680194109e-01 4.928308718762683949e-01 3.701301769412292109e-02 2.494330293654232200e-01
4.355349997952177588e-01 1.517186538258137318e-01 9.277325606403041824e-02 9.034969780436491460e-01 1.456642349823745464e-01 9.254969884498563948e-01 5.220383049874814940e-01
7.650138437616665898e-01 5.842308451158336746e-01 6.989434563396640376e-02 7.186709787169112129e-01 1.955270579505029027e-01 4.014224428996056998e-02 2.570858432363338220e-01
5.351671281593028962e-01 9.783296314859334375e-01 6.614383987442428170e-01 5.917591333301904649e-02 1.095645564646298420e-01 7.773438746821034750e-02 2.014682863725838491e-01
5.802020622535380978e-01 8.297837175655926600e-01 1.244083187214514857e-01 8.490940237646060762e-01 7.811460945087149721e-01 7.552008915208057171e-01 5.287676760523664088e-01
2.745759362049386976e-01 8.666689893350053575e-01 1.469197215111035237e-01 6.951602959595348796e-01 5.621409879502637930e-01 5.208034927699898287e-01 5.190477165865892140e-01
1.494656836012351886e-01 1.712803562755650100e-01 1.068947143656261700e-01 9.137031218183312431e-01 7.741302322120673374e-01 8.515693596937827514e-02 6.105879889419439932e-01
2.426376719410112126e-01 3.677272933337947247e-01 1.492504146193329995e-01 9.253818800112284526e-01 4.649280081385407382e-01 1.733409294934176725e-01 2.465626982910239517e-01
7.888400051737243235e-01 1.053058238633945709e-01 3.281228996735285897e-01 8.821820855441810938e-01 9.840800739702255662e-01 5.066858219314631651e-01 8.553129663041195707e-01
9.858403823699397606e-01 5.328634601539438131e-01 2.011931939931377034e-01 6.010853823914835692e-01 3.611383851929016453e-01 6.251868031562553621e-03 4.420688659389961361e-01
8.491565185669660565e-01 3.058221698291587187e-01 3.182558980439215146e-01 3.659824465397415461e-01 8.239073813048931605e-01 2.603369178303794884e-01 9.571709785567447115e-01
6.755188691187601346e-01 8.324791090628093082e-01 9.730703184109966430e-02 5.954218028759024062e-01 2.474020902212068218e-01 1.687660779333922112e-01 8.599179354404490327e-01
1.278220210514780242e-01 1.141634372759973981e-01 4.045251881749171163e-01 7.221172761023431086e-01 1.094326581075601157e-01 2.624701002106148984e-01 9.835608953690194722e-01
1.674552116918346656e-01 9.928875658333888854e-01 6.548971123839891773e-01 5.465538981011729830e-02 8.718619077094523495e-02 1.632521942872269469e-04 5.040341479645435996e-01
8.576058760781249957e-01 4.362857120814200851e-02 2.336200226140107972e-01 7.257549796036379119e-02 7.487140628803090614e-01 7.468534289147781280e-01 8.238031545478509132e-01
9.709514106737501260e-01 3.895632940945786826e-01 4.068627080666072371e-01 1.964612383837583964e-01 2.140453879597815634e-01 7.007548499720978041e-02 8.239518835216537163e-01
4.076008953362748599e-01 1.984496700624623633e-01 6.746998362975785424e-02 3.168326465018360683e-01 3.116141439770129806e-01 6.206621520271198289e-01 7.560855654281114502e-01
3.176266999161415083e-01 5.645936461312833776e-01 1.427710828921018305e-01 3.473312554116174677e-01 3.451039328108991555e-02 3.531659402588525620e-01 9.593914623878370129e-01
1.388408692801635924e-01 1.229446298444398372e-01 2.306284203077988704e-01 8.718089544300124949e-01 7.695401996863406868e-01 8.072678470135559170e-01 7.770295287154087571e-01
1.288813059273777317e-01 4.284460110970030877e-01 1.466728139708010081e-01 8.584871671438314422e-01 7.578339436143907148e-01 3.951361166772618394e-01 5.737380157631769562e-01
2.497493308289844283e-01 3.963636534218396568e-01 2.460097221526504896e-01 3.237594244753939088e-01 1.082974853863259701e-01 1.507450450956664689e-01 3.239375890249912016e-01
5.793634097633123536e-01 3.928259650236110567e-01 9.859141273396257454e-02 6.520488158060601114e-01 7.831220164170515918e-01 3.070871480149711674e-01 9.566434260594834926e-01
2.936040865598542049e-01 1.225242364201912793e-01 1.378849959097693534e-01 8.955140157535428358e-01 8.973530870216119837e-01 6.165072847271317880e-01 8.247597018304692051e-01
5.770988884396851537e-01 8.166594583931446882e-02 3.987144465256147602e-02 4.777272333122640768e-01 9.636819068490920515e-01 9.184323337434762147e-01 5.078030066899413830e-01
9.071787051016911851e-01 4.641124053988634479e-01 7.262985872152780131e-02 6.501324823565289845e-01 9.763528448756924050e-01 3.270651198589591968e-01 8.580069665973337756e-01
3.755974721099523683e-01 7.705032608468691258e-02 1.037363290901154589e-01 5.457751338323898471e-01 9.639055863968122306e-01 5.120683905189317153e-01 1.139776636063127985e-01
8.812956715522117790e-01 3.368761971714261394e-01 1.221864953523127406e-01 7.686002531171396424e-01 3.929949489740507396e-01 8.747322951351275133e-01 4.007354590632735136e-01
8.490946703352960645e-01 2.025103162015557678e-01 2.282720610750489931e-01 1.536195516390664595e-01 3.592631750239494992e-01 9.120195982771053256e-01 3.975314445055771473e-01
8.179425012615993973e-01 2.466285907079093231e-01 2.918314911443704585e-01 9.078972062614262817e-02 8.385971248443476744e-01 7.200686365075900097e-01 1.273088891175185866e-01
4.844997776573412018e-01 1.502594389685537601e-01 7.385065916885173720e-02 9.083914517906520603e-01 9.641194592376078898e-01 5.571265274707467574e-01 9.211447647805994787e-01
4.062055048410222469e-01 6.032019683788601982e-01 2.367917567612713992e-01 3.739569503074272050e-02 1.789813187936266925e-01 1.648404616784077681e-01 7.341926898674923097e-01
6.260054745904110041e-01 9.092279502184131071e-03 3.490033393411849372e-01 9.538664125372458003e-01 2.423277168547426086e-01 1.598118988443856248e-01 3.247572112276599365e-01
6.335137664467682672e-02 1.554151856496735762e-01 1.546272656163830694e-01 9.113269892155297924e-01 6.479421113708638824e-01 2.166375600848138849e-01 6.750326157074881817e-01
6.653516859825907570e-01 5.022874539036757957e-01 7.746714925806573449e-02 6.596008190010093086e-01 8.427486339995883258e-01 6.286115705894710359e-01 9.969199979816778523e-01
4.655140094707180820e-01 5.179729033022925089e-01 3.406369376363378998e-01 5.664799002809687289e-01 4.957966622459824557e-01 1.018664139564032095e-01 2.163981256858756863e-01
9.623982111820497121e-01 6.281352547260224961e-01 3.587573297112828241e-02 5.811784498219959572e-01 8.253531708153443169e-01 1.677021691015100902e-01 3.598755111347954339e-01
4.451805729850424886e-01 1.564860780261781437e-01 9.008961635408165025e-02 6.479730718760575714e-01 2.684199742584039150e-01 7.643344838990460133e-01 8.811926653061915582e-01
1.913220947427029250e-01 6.421381065509450536e-01 7.619729717834058391e-01 6.132639887108188442e-02 1.376032212731579107e-01 1.627987597454091245e-02 8.153840218846082344e-01
1.668688340865290276e-01 7.599622445148844774e-01 1.534024533647602440e-01 8.743144923606928076e-01 1.701950265059667122e-01 1.119447815944141222e-01 1.899714875527505620e-01
6.761747418958810041e-01 5.905334995957154387e-01 1.860002498997976039e-01 8.419826968157344549e-01 3.557933274959739767e-01 1.707708653835409152e-01 8.071173886390492491e-01
2.086637074494249733e-01 1.356777005773062983e-01 2.884170765275800297e-01 7.068885368470295694e-01 7.102992993668549859e-01 4.580429315355208364e-01 9.051032021465308386e-01
5.709387538022395736e-01 3.886471884848245739e-02 2.257826292159926806e-01 4.504750222816841787e-01 7.728716502767931651e-01 7.042851138083766616e-01 3.420529400624183064e-02
6.082798429014755204e-01 6.683975228525734780e-01 9.845509797819520514e-01 7.855412748000908940e-02 2.399066936222993968e-02 8.743641971095636109e-03 5.876227872376291739e-01
5.454684332060290020e-01 5.122666541412858043e-01 4.661143895602138931e-01 7.313821600937946421e-01 9.018537811091227249e-03 2.086506278423677641e-01 9.974910910520115581e-02
2.834152891312529676e-01 1.646374630529980065e-01 1.121844079014608780e-01 9.818398477947436476e-01 9.709276388426799631e-01 7.617059618668627075e-02 4.908918051707727992e-01
3.476813966207629170e-01 5.060445433594696896e-01 1.391917938992387471e-01 8.679137384682986678e-01 9.498782145859518966e-01 1.704008194868462112e-01 2.841395025186410073e-01
8.033820659210796356e-01 1.992605365360987923e-01 2.511981808458507714e-01 7.269218734209758059e-01 8.871461199086320137e-01 7.596644934577458930e-01 3.584012374273621293e-01
8.998506842100304493e-01 1.015846428260036433e-01 2.880095615104571460e-01 6.702092134054263850e-01 6.111070629439961932e-01 4.129303986927627124e-01 7.481489184191935093e-01
3.176497980796127441e-01 7.441307430230763575e-01 2.890310974791764076e-02 5.639048061496931830e-01 6.765950277879636543e-01 1.527391364091836568e-01 9.134939501919194793e-01
5.337723859068260746e-01 5.168564991542011766e-01 1.192005936229251217e-01 8.038113711224625924e-01 8.982269771786308699e-01 2.791936658579182162e-01 9.670397495490526962e-01
3.128606259973772397e-01 5.383771398430716726e-01 3.485873630786896077e-02 6.502325670390575185e-01 7.372698911200733507e-01 6.880866923316819594e-01 4.112411011230245883e-01
6.583769001570134449e-01 8.247754273567913241e-01 6.773785025630496559e-02 9.802468565675193091e-01 1.764881331254437025e-01 7.132822093922970286e-01 3.527029169760536043e-01
3.697050200439049861e-01 7.956366438635545726e-03 3.723498631121270608e-02 5.122219530107375435e-02 8.943298871682345830e-01 8.557243181526336118e-01 3.154574110411809129e-01
4.812294103420639013e-01 6.018314137929531293e-01 5.184561501316723581e-02 7.918384329935940213e-01 7.196587451595242158e-01 7.636373604512191049e-01 7.225798852877039768e-02
7.710042754523274144e-01 2.926043374773163591e-02 4.351883860651321045e-01 7.639007737507778062e-01 9.361638009554159590e-01 4.742704511008246637e-01 5.338248587978118298e-01
3.697308557439049070e-01 6.268465406264026041e-02 1.420827703736158298e-01 6.333507797929238681e-01 5.917246338224483315e-01 1.140599954308585753e-02 8.410421622001743591e-01
5.181900204569260537e-02 2.417103223467390039e-01 6.337853199950524430e-02 1.305843950803787235e-01 7.287225764351780155e-01 5.332798937737237566e-01 2.086572920891566485e-01
8.307134561355545843e-01 3.590138003160519564e-01 2.859986174729143849e-01 1.658586710387812413e-01 8.743569214759948638e-01 1.231074068728574000e-01 3.476343809674470875e-01
3.726857637027047310e-01 8.761134100700195271e-01 1.033214868858822466e-01 3.226305691249410912e-01 6.096525073466433492e-02 1.747521527445719536e-01 7.654015475718104478e-01
5.754829816912389040e-01 8.235900984174885364e-01 7.467350173956088799e-02 9.529275430390825585e-01 8.244886066680944259e-01 1.497789989211092271e-02 8.789432647247353847e-01
2.657804412353368950e-01 9.986696939594679190e-01 7.707941765383149457e-01 7.060532308388264844e-02 3.475197765034050701e-02 9.518025583685498642e-03 6.381727807495104488e-01
8.508521482822809512e-01 4.001717621221159149e-01 3.186844102169509862e-01 4.320572513756420485e-01 7.869112159903651760e-01 2.291825960626567849e-01 4.076463714980573805e-01
7.416467981843783974e-01 5.882117857665557503e-01 8.103985322483872600e-02 5.679579742975957579e-01 9.909669562261602671e-01 1.917553732000119027e-01 3.586300951259339120e-01
6.496419100493719956e-01 5.390420821325142553e-01 8.781683680301936024e-01 1.504930944773140988e-01 3.992844395462947279e-04 5.031660227911232720e-03 4.834376090836725592e-01
1.712946613630079995e-01 1.325586449973047976e-01 3.764407180079971105e-01 9.761674056087269458e-01 5.686399532230816956e-01 4.148807512921602325e-01 5.092315230637901591e-01
5.034999899459717820e-01 5.195162594164873804e-01 7.758952452890406637e-02 7.310299273068322501e-01 4.431132928683288452e-01 7.624638017688978309e-01 9.424922732495305544e-01
4.567230145419571286e-01 4.911671707601141801e-01 2.068075548091219129e-01 9.085888506819819188e-01 5.460575285466122697e-01 3.686788808004156648e-01 4.586589835578874230e-01
8.904791664598066259e-01 1.033637540239269736e-01 4.352155659170775515e-01 2.273708673413257428e-02 9.396705411661754326e-01 2.910350086500315681e-01 9.978444151607028800e-01
3.664227893505214162e-01 8.114231396145468178e-01 2.149763841676999299e-01 6.510197240710091648e-01 4.990620997606006748e-01 4.728528128043352208e-01 9.882312638668647731e-01
2.661770170828560711e-01 8.226435049550925305e-01 1.425069128816103814e-01 8.718764822993575470e-01 9.873402106060873429e-01 7.953279743933099333e-01 5.702937771639848830e-02
2.005270330344497143e-01 3.354324228439339306e-01 2.193122211570568969e-01 4.780394125072092160e-01 9.970225415283624493e-01 7.703648964163704038e-01 9.763420768672653738e-02
3.154529165546902103e-01 8.639963195667096918e-02 4.786470866689553350e-01 9.363379287142159502e-01 2.794285477316152400e-01 9.478981450720579127e-02 6.331148023086460297e-01
9.367500850980277072e-01 1.707066614701251428e-01 3.645852009787144965e-01 9.316287971411987279e-01 3.594965062681198531e-01 8.346312895767786788e-01 8.787347327289594112e-01
2.931719785644338327e-01 7.725605725645708910e-01 1.101401778263425280e-01 6.956104216200799106e-01 8.775845084915042671e-01 4.289579322403476447e-02 8.652105441044205536e-01
5.253480078065885239e-01 4.266531915581999179e-01 1.816124140948915111e-01 7.245258255912538914e-01 4.610541344600456171e-01 1.194380082607834070e-01 9.543238923410478636e-01
3.714551083313892277e-01 8.532287895565577873e-01 2.588765329160932493e-01 2.966427658450276339e-01 9.499006159127428017e-02 4.660398572802955386e-02 6.286608670895624806e-01
1.164611266937313622e-01 3.699681846665747176e-01 2.789231537008152184e-01 1.563855597672404729e-01 3.397069200523948340e-01 9.812120646598747331e-02 3.017687420802980247e-01
4.978846315870069095e-01 4.798984809091237924e-01 2.146407981672847631e-01 9.504357906648620569e-01 4.009041403507687673e-01 6.999786682123615433e-01 8.401181580199728050e-01
2.454851740845843677e-01 2.088298814961860872e-01 1.640092084660045579e-01 9.963805812726067579e-01 7.596882662078819903e-01 5.197959414905510833e-01 7.713248761160742539e-01
5.618815308283675591e-01 4.626724492736188354e-01 2.213613369430059152e-01 8.824176269882915147e-01 9.235623078207800818e-01 1.461552152327897647e-01 7.499499581926539760e-01
6.624688896302322050e-01 4.659876636602311439e-01 1.719212021453407624e-01 8.257047408427090618e-01 3.544480427334121275e-01 1.104126484198571928e-02 2.160294142568013886e-01
4.551067788662524483e-01 2.692258039101464995e-01 1.378372799505159230e-01 6.655174998637443107e-01 5.073728181233568835e-01 7.174161147342179579e-01 3.644533148649142240e-01
1.745636413900751027e-01 9.685533432315858449e-02 4.414824177884779655e-01 9.416953936589055330e-01 7.688923686776353295e-01 7.453913108369537854e-02 2.983232553482064731e-01
9.437608039282253669e-01 2.377060073433554244e-01 8.856702367660505004e-01 7.502083768281105070e-03 5.449763727531987956e-02 1.023344731868391366e-01 6.403696942047234497e-01
7.233216608139443338e-01 7.485171659119111975e-01 8.149468698045182480e-01 6.513502590558947758e-02 8.857572387004804260e-03 4.129537787561009254e-02 2.447045882877509904e-01
4.467520525023818689e-01 8.335492254603604767e-01 1.896007130014731312e-01 8.111783328569784901e-01 4.718437124786682424e-01 1.237692381613998138e-01 8.849394689418060844e-01
7.379046991108919595e-01 5.457728516630361293e-02 3.161897963909877651e-01 7.150197758193260755e-01 9.478425395494513017e-01 5.452108002212248117e-01 1.252603333103483318e-01
4.843681916824962852e-01 2.889048825404563203e-01 2.229932822074831567e-01 9.326239525871364844e-01 1.459427782346786884e-01 8.419015939276880411e-02 5.084598715591099882e-01
6.838963838305172072e-01 7.041520174352264294e-02 1.606648321887320097e-01 7.394659678052439844e-01 6.657545417258314835e-01 5.883993573768585561e-01 7.625610727952424339e-01
2.386878289888807458e-01 1.864319589415135425e-01 1.853491760555965595e-01 9.981159700206696517e-01 8.516319604820236089e-01 4.393307616411886163e-01 7.865021265266864958e-01
5.121286632787993565e-01 7.143693233068997700e-03 2.018207272763132831e-01 1.604611956015827567e-01 6.739667700852803867e-01 1.031456652751300274e-01 1.451940711428784947e-01
9.735610442290985045e-01 3.874477069485017244e-01 4.057767635895053737e-01 1.422877022492120280e-01 3.052199626555617273e-01 2.755817418369010258e-03 3.248546334575868055e-01
8.752076014527339076e-01 1.289258389062548915e-01 3.063054834890301392e-01 6.381296311793696052e-01 7.596435466742084142e-01 5.729413910804851406e-01 6.803077837775904912e-01
8.389288852645446770e-01 6.838001759678632996e-02 4.932112454349301678e-01 8.976786303205824824e-01 7.744858408478026979e-01 1.233670168427394576e-01 6.075136881511269404e-01
1.860335405941802578e-01 3.722478796859740036e-01 4.453262380611119897e-01 1.445331453021990176e-01 1.030583473317645687e-02 8.803275641326242795e-02 1.442264760526423134e-02
2.738044968095479925e-01 3.758175594784938234e-01 9.234351073898156015e-02 2.453680967194959706e-01 1.733096370048494150e-01 4.310549236831998643e-01 8.989101815236991699e-01
4.489830659390112166e-01 2.448296551375389041e-01 1.896259062889788793e-01 9.665347630166617465e-01 7.129717528523532577e-01 6.069477807098739436e-02 9.250271147927868753e-01
5.410534955989148020e-01 4.985065029680673665e-01 2.212679386613686516e-01 8.048299400433153172e-01 7.387142382157709797e-01 1.651418776299225788e-01 1.014903495602849787e-01
6.437921913416201347e-01 6.213306753783831571e-01 3.090243902272886700e-01 6.198481652507603634e-02 1.815525229963042483e-02 4.771432656368787550e-02 9.958858459835751020e-01
8.361767935743262825e-01 2.355904922669787016e-01 9.298835377553666959e-01 4.016109059238996415e-01 3.087167853038907950e-02 2.427859622760907346e-02 7.375719946531844595e-01
9.612224784665402977e-01 1.528620096866678268e-01 3.802868143563881143e-01 9.938609773220944410e-01 8.586009241195148300e-01 4.486822874869099420e-02 1.151807913569012076e-01
9.113366679853552865e-01 2.263028862191546753e-01 1.350136380987117246e-01 9.484964814367732311e-01 3.208852437254662293e-01 5.073196359507523012e-03 2.358920351209153332e-01
4.864910721486709888e-01 4.888575013616099363e-01 2.357584251322841773e-01 9.940583418376047753e-01 5.142798696419541571e-01 4.806253293946483041e-01 4.075647394666052081e-01
4.687917779821999531e-01 8.438223517604889201e-01 2.023230866530023320e-01 7.652185404873763641e-01 1.932824678903199422e-01 7.775714535903513469e-02 8.750945223210023771e-01
4.383359704855555594e-01 5.599014895590678081e-02 1.214660449111923668e-01 8.298757950038293529e-01 2.336221438316699317e-01 1.804586088327096993e-01 5.522005956038026353e-01
5.285323546045004317e-01 8.687538313874266782e-01 3.232031167232588681e-02 9.989426160170370439e-01 7.978572876580731776e-01 9.836855122026255671e-01 3.111582646702484301e-01
6.615913096514592917e-01 8.284612420049284331e-01 9.300765172834402073e-02 2.782557286953593056e-01 1.522440556015310364e-01 1.388611947800444738e-02 5.301399643251714089e-01
3.108768460279081047e-01 8.286095358735811045e-01 3.071394237796928883e-01 8.694417724140475201e-01 2.678354069971215501e-01 9.141123401800820003e-02 1.354743298830769216e-01
7.770857101424917535e-02 7.208488981996804545e-01 5.027170954127089253e-01 1.291879794838039497e-01 1.091594971050928731e-01 3.912747189075869991e-02 2.994432916872591943e-01
4.951951828192670546e-01 2.742382069350422502e-01 1.934965204854053322e-01 8.331572572594324599e-01 2.690880402716449571e-01 1.792111847755733234e-01 4.282787894013420082e-01
7.003470335507450129e-01 4.591069375940016323e-02 3.185904899357824283e-01 9.760031971712460619e-01 6.709001276659350976e-01 2.023062257416187726e-01 1.136080395307572516e-01
4.969945033258877376e-01 4.628437491586998576e-01 3.610138903013836442e-01 9.172190628385227251e-01 4.368610708439886747e-01 1.139727246228621621e-02 4.927807583774179018e-02
1.742499391020246313e-01 1.734830097689619433e-01 2.136874054927361821e-01 9.930426282460085297e-01 7.856792161621760640e-01 3.870363578390210169e-01 5.537979390599171436e-01
1.095450426667673172e-01 4.921662108745525899e-01 2.653775604046267889e-01 7.924057350145596867e-01 2.034075693277342667e-01 1.068015885679553800e-01 1.275046227996027293e-01
8.665846160400697551e-01 1.666918863169972731e-01 2.629594913163621483e-01 8.758300322622060152e-01 5.823920519564844689e-01 8.292247662391979413e-01 8.161635599287541121e-01
8.266828995824010429e-02 3.211173200892088464e-01 8.926757552296669951e-02 5.366143374726054516e-01 3.849785493823190130e-01 1.921320534466203489e-01 2.888751895491463717e-01
9.672399458150396923e-01 1.235659337162066246e-01 1.799206708896929907e-01 4.482382733842347755e-01 9.289264420847213044e-01 9.587332837148471176e-02 2.827847380970287539e-01
4.017899749081417782e-01 7.951673483251722185e-01 1.197780408962972887e-01 9.829936178571238026e-01 5.060071080825555567e-01 3.064980345311822951e-01 6.986345421010113910e-01
5.176663455111167877e-01 8.356076586211127477e-01 1.082398936036965409e-01 8.992491028146581966e-01 1.992040034025999717e-01 2.191661852181326364e-01 9.797941846061456461e-01
2.733389644014232456e-01 3.743857910883128248e-01 5.704521683280318334e-02 8.007558056243729849e-01 8.372865551962955788e-01 8.050169829341692340e-01 3.838806279945181643e-01
8.604872327439558877e-01 2.371768685796081244e-01 9.121860672594904740e-01 9.709744805093326395e-03 1.277125546092353348e-01 3.193785797879389321e-02 3.064719144773792592e-01
7.404100119035922356e-01 1.132002232602630221e-01 2.012773252554719838e-01 9.168432212995040187e-01 5.313897496109083463e-01 1.814863453570008389e-01 9.999931346024013568e-01
9.338621167917814381e-01 4.682288229591668460e-01 7.483892322965605970e-02 7.853296112194647627e-01 2.950157410856141804e-01 2.252137162765901479e-01 2.562120860288428781e-01
1.263535226305325110e-01 9.689328746863140607e-01 6.451470542761651439e-01 6.264832296451548765e-02 3.294972054143781651e-03 1.873149461069259780e-01 3.429351087497008455e-01
3.701005709233168295e-01 8.080226806802868200e-01 2.460568206828788185e-01 8.661215076792772027e-01 9.334914242347822633e-01 1.447582404410198420e-01 1.679460054857299101e-01
9.992144952412752579e-01 2.394761161538299168e-02 8.542380288162060298e-01 1.510311295525593456e-01 8.177522968139822046e-01 5.363791810929363635e-02 2.927602408746806661e-01
2.519069713354692430e-01 3.337816092247165162e-03 3.389343129057379445e-01 2.947689222936501485e-01 8.635551616243146433e-02 2.674183957418907465e-01 2.344148175774709297e-01
8.563343129064174830e-01 1.269930554135044742e-01 4.309601218994408844e-01 7.166845313474263790e-01 4.376941178388257248e-01 9.572285342053221679e-02 8.439672657701958736e-01
4.426538737558118330e-01 1.694630169005979237e-01 1.466440299624011678e-01 9.754029206867080859e-01 2.440733427154409829e-01 1.708676760359822272e-02 9.244162537595571605e-01
8.619157141218714013e-01 7.585732097818798612e-03 6.458985463774616909e-01 8.135762786814190184e-01 5.286655596588664130e-01 5.050312567756403137e-01 2.704480792122063160e-01
8.753576855546476576e-01 1.923214527141402785e-01 2.946472730017338226e-01 7.400227369211704875e-01 7.082746208286845313e-01 7.766290892372867960e-02 7.293820745752211954e-01
2.236464171587120853e-01 8.691792330741424655e-01 5.296702518131760767e-02 5.876882179593460043e-01 5.581408002310729310e-01 2.362902635057791967e-01 4.984198089989265168e-01
6.780862590964636949e-01 8.415170319936923216e-01 1.600674985160899511e-01 8.020027835007789152e-01 5.194446498572113241e-02 1.035507358626831798e-01 2.404709443516762357e-01
8.123932225350641856e-01 1.280273958018755542e-01 8.283313983381158929e-02 6.953252702581027567e-01 9.971662231238607177e-01 4.004161354129831540e-01 4.425570258458017547e-01
4.652348612430631802e-01 2.549088044180264911e-01 2.289375217813729435e-01 8.455522848639530631e-01 6.763099978141443591e-01 2.742802147035236504e-01 6.996529436776743882e-01
3.930542741974956678e-01 5.134232987706912610e-01 2.260971919595005375e-01 9.656364246358860592e-01 3.300324874730212188e-01 1.267500681635455317e-01 2.270659205975023576e-01
8.774885332514317238e-01 1.921386642843214698e-01 3.835833013354091880e-01 6.648160282384321107e-01 3.616782158465116082e-01 6.543766433809418415e-02 3.145034888801927497e-01
7.307580541777757288e-01 6.036066536484893108e-01 1.259187920421919460e-01 5.718110214466310959e-01 5.075967696389761530e-01 1.792455532183416245e-01 1.437738237910028347e-02
4.921584819123684396e-01 2.272185132991012546e-01 1.961219701634724644e-01 9.841364242516947858e-01 8.421939911452048788e-01 5.618295961555638124e-02 4.119180259489748641e-01
4.799473995451375430e-01 4.945658737991830978e-01 3.070402460644541254e-01 9.132977451359605148e-01 4.264036398811625883e-01 1.598234578105755740e-02 2.461386909378371624e-01
3.821414929166125352e-02 3.189060452243622917e-02 7.877873514193566296e-01 9.872904075396704560e-01 2.665293573040646291e-01 5.726376145870337719e-02 6.757288543555718396e-01
1.693747487374292759e-01 1.492485415122894385e-02 7.449681214001336871e-01 1.602292721412428567e-01 9.226808942595802199e-01 2.928398796752393340e-01 4.718509597117896970e-01
7.098035829767890270e-01 1.429753645245095961e-01 6.955825104841426021e-02 6.705795478705157686e-01 8.481275392178840855e-01 3.532611188929359325e-01 5.586174020900501747e-01
4.742840752741970256e-01 6.561608382142433138e-01 4.124376214581342293e-01 7.287018168525033479e-03 2.804924831769533417e-02 1.791166359439790370e-02 3.457576075028263030e-01
9.305319718503296533e-02 5.385703944359566675e-01 1.050031661500975821e-01 9.829130355235166094e-01 6.560439270377750320e-01 2.442969012775976501e-02 1.772352111584347689e-01
4.971639506473249370e-01 4.606672177135739399e-01 2.669832154594704576e-01 8.047350481012073287e-01 9.872046768613060852e-01 5.793784178970140530e-02 2.129502636630079271e-01
8.981711772033450503e-01 4.213036523262482791e-01 1.363100840599961450e-01 5.654084799698296804e-01 6.636856354142677272e-01 4.230143890225966374e-01 1.076842523907021593e-01
7.665598824973317571e-01 2.442993713582206627e-01 1.362231616498314479e-01 3.543963876373752986e-01 1.074782202477958526e-01 2.517763857201667579e-02 5.938640215002747302e-01
4.653268691911704447e-01 3.153730702183549228e-01 1.218785326314855560e-01 7.405355993652850133e-01 1.995091212871606956e-01 6.125556793367314262e-02 9.572998187290000516e-01
1.480930874699121769e-01 3.974863771043667948e-01 6.575851675706506638e-01 1.821473762963501941e-01 1.618006293247662430e-01 4.692971957974678525e-03 6.255888031172542885e-01
4.695146863029833750e-01 1.884314618051259049e-01 2.376267684075574482e-01 7.083671298535932914e-01 5.598301082506020876e-01 6.563785730095508808e-02 2.332145643904123544e-01
6.456019196558078210e-01 9.669371648450058032e-01 5.084035929538139875e-01 9.349606439009323922e-02 2.545788188796214643e-02 2.038945929606530982e-02 9.701677190550036523e-01
4.376905835263285582e-01 4.837353618967269453e-01 1.882229182384007049e-01 9.025589324938618763e-01 9.105361652814952800e-01 3.898591945606029729e-01 8.174566138506448310e-01
4.886251553953802618e-01 4.676228287781755144e-01 2.234260228269941417e-01 9.614268458097391390e-01 8.185950701705382304e-01 2.475552820870462190e-01 6.319626313912460880e-01
2.804392648724587378e-01 8.120966054293990988e-01 7.557801130625636521e-01 1.317600174557585768e-01 3.672209503005686992e-02 1.413683242268303289e-02 3.357160627163470745e-01
1.482112362895077751e-01 6.480421535992785254e-01 6.067597710238914477e-02 5.409762262728469440e-03 4.608472795493286089e-02 1.284665674896764455e-02 4.899516926679414741e-01
3.876674116059440345e-01 7.833102271271872308e-01 8.301193478487609023e-02 9.528089153877470352e-01 8.122109820285001724e-01 3.050597859418663349e-02 4.756627993561405310e-01
1.654193490409378298e-01 2.736699526737264021e-01 1.798403938500241495e-01 3.353935577242633803e-01 2.428048687456206278e-01 8.561530650070116322e-02 8.489592746785058486e-01
8.921749612190021939e-01 9.379498318716114613e-02 7.818202023546454438e-01 6.944929948832468947e-01 9.492230595880447597e-01 2.190718692129932088e-01 2.135377100441163967e-01
5.714853249614179065e-01 7.745220113242287652e-02 8.709821535665420722e-01 9.655508554260785470e-01 9.937072578168614223e-01 2.738301576648181079e-01 2.977059656827981543e-02
4.781077930577823931e-01 2.177936577717342059e-01 3.287392563716187155e-01 5.938340193738560480e-01 1.159077583790677490e-01 3.373947750115924293e-02 1.188865095828578466e-01
5.590405604505743753e-01 4.305440927751909563e-01 6.776180741578810007e-01 8.529652638644257268e-01 8.476333519513947756e-01 2.265212457966937487e-01 2.544957753838423820e-01
7.633379603547283399e-01 1.612628724709774253e-01 9.998660238478731532e-01 6.960687015249510390e-01 7.012315560579757134e-01 9.938490715131083064e-01 6.804105207812663481e-02
1.170306115742492797e-01 6.186610133621627261e-01 3.923381282948068538e-01 9.043876913679753660e-01 6.042885427405112475e-01 9.437698620356395340e-02 4.252383230537852277e-01
2.277695509481467151e-01 3.864537734845528982e-01 6.128400838108416515e-01 3.277856969900150297e-01 5.736053723674042759e-01 5.519854714445079358e-01 4.095311103835195254e-01
7.117294567586651688e-01 4.922637922374184516e-01 2.009129933120042122e-01 7.577276506503624054e-01 3.004941830784252366e-01 7.583558052013948669e-02 6.524552393744235124e-01
2.697006046815103586e-01 3.751452595439996318e-01 9.204376440259572911e-01 3.125880358124531466e-01 2.804331206781888186e-01 1.071803825377345420e-01 6.551167087862997951e-01
4.260234279567328142e-01 4.733574235332136393e-01 9.822932228984566638e-01 8.119433906427663272e-01 9.236463534610325210e-01 7.604853380841934962e-01 3.975197229920822140e-01
1.263775588639912406e-01 9.040614343372374573e-03 8.296903197690522758e-01 2.640198547528785911e-01 4.531592943849713784e-01 3.737058602344546787e-01 1.970895695589973406e-01
1.318499454586499753e-01 1.683323920751702008e-01 6.332241997230140251e-01 9.357707997895385876e-01 6.477959884379291822e-01 4.683575759728710319e-01 6.332879160247634198e-01
4.625772126069158108e-01 4.393414781057861651e-01 7.610237700697746188e-01 9.365544224713767685e-01 4.505886478492708846e-01 2.407934347559413102e-01 3.077222668791735893e-01
9.609114637668573211e-01 4.745782748972838805e-01 3.895131144467416373e-01 4.718745492328802471e-01 6.257589623004137236e-01 2.071715946790617102e-01 9.346586771535327909e-01
2.786911250685932817e-01 3.749303315898112055e-01 9.763380074934095987e-01 8.981046123170486339e-01 9.690391233932462711e-01 5.153243117929730277e-03 7.517363990207857546e-03
8.078137443427054754e-01 3.900949847846150731e-01 4.556886334054685572e-01 8.245596923581869353e-01 5.809295149861368746e-01 2.972810366435754692e-01 3.298440957085057024e-01
2.766937440380344837e-01 7.498016444845965189e-01 5.437260642708648950e-01 5.376146296086008469e-01 4.391350893370468134e-01 2.131419998758761203e-01 5.388946481791923038e-02
2.308105148956635377e-01 4.746789287623361941e-01 5.340357419493760860e-01 4.157246695440355300e-01 3.420925238820761716e-01 4.274837761776566492e-01 9.049930955329878179e-02
9.642126115439297873e-01 4.893001678487830519e-01 6.545581536888800400e-01 8.733797643258647270e-01 4.314268776994706345e-01 1.519033715426482967e-01 7.209546945764919723e-01
6.971742329952970718e-02 2.658156983180632316e-01 7.681165850557689634e-01 9.442753336088716143e-02 3.872960846625761455e-01 2.912525892562241037e-01 1.355936483649602953e-01
2.787889951053004189e-01 9.159795124203227168e-01 3.831318007558085492e-01 5.654927913588633226e-01 1.692710052490301320e-01 3.651351409541562232e-01 2.819498149335465942e-01
6.592966767305865616e-01 6.526907160882025605e-02 4.570520543460784291e-01 7.159840922316668133e-01 6.699369796647114406e-01 5.548741143408099097e-01 7.060628091035986431e-01
2.943596117917114396e-01 8.440471052202431768e-01 2.900939345462635877e-01 6.042236881778640933e-01 4.431603711776413990e-01 5.764618025800236634e-01 4.072893694051259450e-01
3.382483174231580292e-01 5.005613077220790741e-01 2.775014976669353817e-01 8.436852207729974573e-01 9.531284274352260777e-01 6.867846020313462807e-01 8.679526721526835686e-01
5.214066899122388188e-01 2.221284404783067101e-01 5.601047632281271893e-01 8.667895812820135271e-02 1.476041326711220181e-01 2.400396974758872426e-01 3.582721327942144374e-01
7.248143779311804202e-01 4.839999455478689039e-01 6.873623786016966886e-01 4.978607400553337614e-01 3.820484035182081239e-01 1.134588872311481644e-01 3.225656135888403386e-01
3.679370411364036308e-01 5.177177043142057178e-01 9.713323150713895626e-02 9.925122031097375341e-01 7.648682217510309744e-01 6.105903656470157426e-01 7.906989040008206571e-01
3.455137890130060563e-01 2.059689866572368133e-01 7.123856560375150249e-01 1.492137577641755863e-01 1.181515928188390102e-01 1.232635557940450419e-02 7.346098489727646008e-01
8.725405483998425193e-01 4.637425994097730819e-01 6.790889996672113682e-01 8.597925419985665840e-01 3.408666012077766760e-01 2.318998327559510519e-01 4.769386694462954268e-01
4.036565079523002919e-01 4.616715573028460917e-01 6.992229349659416782e-01 9.712969864443901091e-01 1.481694214788205344e-01 1.227604371664803816e-02 4.080391090584051250e-01
4.317600244607800453e-01 4.534100696576696676e-01 9.231413978753608696e-01 9.579090983977547324e-01 7.137473229576650757e-01 1.340678065350740800e-01 5.487539708711010045e-01
7.485405441740696775e-01 4.799505631770916159e-01 5.088562388425607041e-01 3.447389638567382453e-01 5.758393881048206042e-01 4.689472869634166985e-01 9.177996839184603128e-02
6.413986624269972792e-01 9.138950778888045579e-02 5.867322387730696809e-01 8.764355282382592094e-01 7.340913471434512561e-01 2.195376005533139774e-01 3.851439823914045713e-01
2.655320382004970892e-01 4.225942467621859877e-02 3.277612024660406242e-01 3.041030159283741180e-02 1.712729619885426935e-01 1.440164994009917876e-01 2.254330723126823921e-01
5.144603733086149377e-01 2.610131793338124062e-01 7.958415775738351128e-01 8.633299379044248045e-01 7.612623114269009283e-01 4.775077822271273087e-02 6.241673697208716121e-01
1.484743629688832778e-01 7.594238874294926278e-01 9.615174834373637625e-01 5.162708239125910481e-01 7.828808077262383591e-01 1.793442340285575087e-01 1.909133980587154888e-01
3.267214349651663130e-01 6.022585943545657461e-01 2.133006424762849962e-01 4.900587869608712954e-01 6.348400401092476608e-01 5.123589329265866299e-01 7.081092222027599026e-02
2.915655018574604962e-01 7.748748817233964692e-01 6.993241795100817448e-01 7.273173938302286423e-01 1.624497853467965491e-01 6.532096860772498848e-02 8.160545520963716770e-01
1.624373332270217032e-02 2.117959613321114820e-01 7.109617125841751761e-01 1.988961869692566775e-01 3.486873658638703355e-01 2.651097548096290751e-02 1.238876545934247675e-01
4.610430930040789188e-01 1.634249226520881615e-01 9.980927843020275247e-01 8.863421955230450511e-01 6.572824396622557463e-01 2.214888235354172952e-01 7.601321361172644897e-01
5.942611190147238931e-01 4.781734713124677905e-01 6.803085468163282412e-01 7.817397460471714465e-01 1.994250830024158205e-01 3.102740120034729737e-02 5.309985938923142967e-01
4.911347794183800741e-01 1.004150256214653425e-01 6.386350500551444265e-01 7.022472189923645303e-02 1.731192395105864840e-02 2.765220811589377270e-01 4.833994702190433923e-01
7.292170243577204003e-01 8.058228132272537980e-01 2.359615548193247092e-01 8.568649695138356170e-01 3.367260275890345822e-01 1.886853074248473483e-01 1.916619713216419774e-01
6.621749052771817023e-01 8.018808937251487023e-01 3.347779875713476905e-01 9.922283003803463730e-01 9.637843064304467688e-01 4.756437276082458032e-01 1.038283533490164945e-01
6.458334114978326879e-01 4.301017446357169316e-02 7.805782157354450579e-01 8.029441962711740821e-01 3.944551843520803791e-01 1.495411159648056820e-01 7.776737916335514367e-01
4.426081788469163336e-01 3.297930263650042382e-01 6.853512278074956887e-01 7.702119537226367330e-01 3.751944647394301890e-01 2.544845842505656375e-01 9.821933446617193697e-01
2.115742711562021428e-01 7.424011753356211107e-01 5.667937371846352157e-01 7.576187125667662725e-01 4.619622765106614626e-01 2.013449145799411089e-01 5.201944373229764329e-01
4.862083734975813365e-01 7.289169480082924313e-02 3.291950656707596234e-01 9.646606695908838125e-01 8.836108450608869402e-01 1.872812933835387716e-01 2.439904634694368135e-01
8.564218474335673070e-01 1.754248399369007227e-01 9.373740820872221713e-01 9.149571902374903365e-01 8.733973871587559223e-01 3.949923364029915840e-01 7.295902125557324203e-01
8.828686267111092167e-01 2.116302132069304842e-01 9.471560998833897793e-01 8.401391445859096585e-01 6.945674205411576096e-01 2.523544253048932706e-01 9.857894836847476139e-01
5.303242171661135540e-01 6.036083125341413363e-02 7.296526539766119424e-01 7.678320545202276248e-01 7.966583011023242733e-01 3.315524452612740591e-02 9.498843840402174665e-01
7.253644858945852425e-01 4.849090017358462790e-01 5.156927487827828172e-01 6.992961402547464012e-01 4.359741042318859283e-01 1.059898116287335545e-01 1.983115505922429245e-01
3.639256443248439221e-01 5.120574198763359064e-01 7.239116998913063261e-01 7.783906359831338495e-01 8.195362573893960612e-01 1.760734791332243532e-01 6.212384406299287232e-01
3.494919226421352998e-01 5.051938212216277035e-01 7.184840727043858566e-01 9.360019848553159383e-01 2.111638817218120801e-01 7.202311182703109715e-02 1.405461427660487927e-01
7.081087284597592513e-02 6.119887508662672504e-01 5.120443879545385490e-01 4.159982587396439113e-01 6.146648131738907672e-01 3.748598593435832627e-02 4.155122333192263206e-01
7.156464487975116029e-01 4.914648758304160370e-01 5.914272977209897308e-02 9.065332603234577125e-01 8.956679134761507122e-01 8.269311825147498407e-01 2.049452891577481228e-01
4.318382840778443033e-01 1.506366740799453263e-01 6.188030826402476370e-01 9.471697719306375607e-01 5.899062101894744226e-01 9.277471830522646123e-02 4.169994238780904139e-01
3.956274628862663789e-01 3.151739342876628269e-01 3.523380661418928916e-01 7.446526562224424772e-01 9.626101130493039948e-01 2.211509915572270474e-02 5.817202193890721462e-01
9.133538082677931103e-01 1.824809536051368863e-01 6.518765198915009718e-01 8.022372477300688809e-01 6.489204310465735981e-01 1.994709157203759242e-01 8.612149533676591862e-01
1.811706568678894402e-01 2.370957178361633444e-01 9.162236138451975709e-01 1.446007347749472538e-01 1.642646956430586780e-01 4.300878886198281764e-02 2.275435726423121752e-01
3.542676764369689368e-01 4.918221103725081145e-01 6.002085127549126042e-01 6.000592105245570185e-01 7.320208581924168012e-01 1.826036456925988760e-01 7.640919586178172851e-02
2.941135649332823898e-01 5.083476111775455664e-01 7.016389814109807999e-01 1.608124642442611829e-01 6.286842077684401398e-02 1.262481052603650344e-01 6.523143284019586874e-01
5.596203914809768643e-01 7.882555404840267677e-02 2.727416306482089992e-01 7.423082994837160165e-01 9.523910004465975243e-01 5.361357915938408381e-01 6.673057572938256854e-02
5.082436528286742305e-01 1.125584756898429795e-01 2.995851094661421410e-01 4.591941256632614890e-03 1.643725795622804631e-01 8.503593213839902298e-02 6.317642862438082041e-01
2.894865410388606231e-01 7.951954335799754636e-01 3.060083253136844927e-01 2.132820907130136001e-01 1.191731174335983606e-01 8.016812084450188058e-02 7.354834604565432254e-01
4.070013489085316793e-01 2.501605708579576759e-01 6.647652537094463909e-01 7.972618578615525697e-01 7.740642256612932925e-01 2.569145829656985791e-01 1.970119948947335886e-01
2.740190375155748259e-01 8.755830881745705341e-01 8.381259134548815215e-01 9.206779699051562682e-01 1.731920384301353089e-01 2.823574650957348942e-01 4.304491456753488099e-01
9.166240100426028548e-01 4.561037055677350516e-01 7.848881167191580355e-01 5.808584526970204109e-01 6.239567062357698202e-01 2.287987916104242125e-01 1.533634619741497951e-01
3.497721163976088565e-01 4.835413138067113925e-01 4.449053107712277466e-01 9.916008891379287649e-01 5.407388505821472124e-01 2.179995111085487186e-02 1.440841396422978815e-01
4.707825676205388277e-01 7.989488266211963730e-01 3.140351406198026996e-01 4.616445725447596016e-01 7.200406554677895032e-01 4.958333151175459697e-01 7.382293217434142685e-01
5.634069841527982181e-01 1.896714632490320851e-01 2.435068495312804615e-01 9.851038624773296171e-01 6.209085345865469341e-01 4.389041883255501708e-01 4.097227894644169810e-01
3.966306458849740424e-01 1.749052609919623524e-01 7.913580120312189159e-01 9.503327003855872590e-01 6.843180588569345302e-01 1.830367256433203249e-01 9.600523997977800095e-01
4.822295820695412516e-01 7.977293821354249914e-01 4.280839271578344429e-01 8.511875139981932570e-01 2.803863523019063317e-02 1.968950262427213507e-02 6.555997298303991583e-01
5.611251130095364914e-01 4.290027430541661912e-01 9.188608232327863945e-01 9.930485978561842675e-01 5.092476340580941452e-01 5.507800773125318822e-02 4.448605002439074418e-01
1.090015624427470853e-01 6.061334318954001432e-01 8.514910110873252780e-01 8.449012764039869339e-01 3.948178224881048193e-01 1.348512888413385714e-02 3.151399350923780318e-01
8.898353923694730661e-01 4.211433858829463084e-01 7.595828869372426295e-01 6.144499575477562203e-01 7.996570418860980967e-01 7.846830350517914887e-01 2.782449726642675092e-01
7.103927647283526658e-01 6.057477287068852023e-01 9.304406755708145571e-01 2.887013101150270183e-02 4.220995201759780158e-01 4.357318445929850986e-02 9.682456609731338038e-02
4.747814217307353424e-01 3.191831667537805561e-01 9.979394392553999626e-01 7.133561499443087373e-01 9.909756957149962187e-01 2.780967370510284975e-01 8.203697288652052333e-02
6.800541985647793330e-01 8.397624784070013559e-01 6.431921242281300743e-02 1.393031950104862415e-01 7.934833810904184936e-02 1.860327057071872736e-01 9.057630089492348935e-01
6.425848867108416851e-01 4.820379654024932181e-01 9.178709937570505017e-01 4.079253488161889152e-01 9.893960319414424331e-02 2.502316780362243490e-02 9.796681972624904366e-01
3.385857946196991763e-01 4.940700519033466853e-01 5.172282036113948767e-01 8.715655733622150736e-01 2.099306737305987880e-01 1.078065457686941814e-01 3.775188187707411158e-01
3.937470582024737986e-01 3.063119764323050664e-01 4.736360015587580130e-01 7.858325234856895491e-01 8.297713835188602616e-02 2.257582157191217187e-01 6.222378059004539663e-01
4.039993818890570410e-01 8.879645805324433150e-01 7.801334027190199860e-01 1.021742209757447173e-01 1.414974385457943296e-01 1.424993122099251115e-02 8.498469339769888498e-01
9.426936121407251123e-01 4.557625318733382613e-01 1.344297714623556295e-01 7.838683174814323751e-01 7.036644969520527981e-01 2.303286242875682982e-02 5.072985019469159473e-01
2.874873414521800230e-01 2.057915191058398430e-01 8.350630168141346399e-01 9.756733641648913657e-01 4.709321186938046910e-01 1.760443164759787349e-01 7.611888000892256256e-01
2.992691076859972932e-01 7.586291876883324292e-01 6.731511352743000387e-01 6.291164204535716342e-01 6.016327334435105367e-01 1.255448637394505074e-01 9.650884454982190386e-01
7.190208973568499307e-01 1.666146417986855144e-01 6.968132378992069054e-01 9.277485605403250624e-01 7.944285840061079407e-01 4.271712810493583090e-01 4.654847998022034194e-01
4.042457732345426380e-01 2.248099450574266300e-01 4.683555820948417381e-01 8.411048360473084573e-01 1.115820762516934045e-01 1.262883710184488084e-01 8.022009206650695390e-01
3.343316435456175073e-01 7.641747445815114670e-01 7.018670131682821500e-01 7.746708064061537113e-01 7.672552138844024316e-01 4.206625341551699093e-01 6.645649085580797033e-01
4.502238759595017514e-01 2.998507406766545147e-01 4.447573500503794186e-01 2.199293430808534622e-01 8.650232975875435382e-02 3.920364222970380147e-02 6.764528268504886865e-01
4.956731554683392882e-01 2.223432337892218558e-01 9.467285567885881381e-01 2.627217454292646859e-01 2.167435300185858310e-02 7.794555615179507568e-02 2.532737796599917601e-01
9.347226202750339441e-01 5.430454297270356223e-01 1.326944337612817326e-01 6.184720533547758414e-01 1.686051425441233431e-01 1.714237336550474278e-01 5.227150625522343219e-01
5.522259521460578524e-01 3.926729152516660326e-01 6.439812586931686900e-01 8.081870418250308719e-01 3.941593782583256433e-01 8.937276557814140265e-02 6.323709996309666570e-01
2.547746637533733760e-01 2.199067266408984145e-01 4.580137997165621977e-01 7.379463411059663525e-01 9.858685246631099242e-01 5.497877973715304956e-01 5.058505014116821963e-01
4.381356470217902532e-01 3.378716589320159280e-01 3.239644661484190613e-01 9.483407300006861940e-01 8.946086604261214159e-01 3.007484635107998683e-03 8.130987857452636192e-01
3.473860935580080356e-01 7.728810829923541403e-01 8.779656196748771846e-01 8.995374900460800793e-01 5.277330073177610714e-01 1.107008783148838611e-02 9.836477936264775845e-01
5.365991370845328845e-01 3.738274200686368953e-01 5.758021411430837011e-01 1.376736789777947556e-01 5.097633226233231479e-02 3.628860248241080888e-02 7.641871892603682159e-01
2.634904695451930068e-01 7.630805727790189730e-01 5.290012148620802934e-01 8.106927999346160707e-01 2.791498382240245046e-01 1.188761956613365867e-01 4.881448696882060845e-01
4.286752677690058300e-01 7.902459351758372996e-01 8.466261311012855950e-01 6.383726106776677067e-01 9.143295304267528012e-01 5.399274971853165045e-02 6.232342097003951142e-01
3.012991285318616375e-01 7.741272112143511297e-01 9.017514034974916104e-01 8.793331476458812190e-01 9.570145785983220632e-01 5.569074900384216598e-01 1.569147214611525953e-01
5.186213355725868279e-01 1.967717211827162416e-01 4.655760434277199655e-01 9.736015150146514197e-01 4.095300126562146925e-01 2.339085810386244413e-01 4.648072317669981190e-01
4.776228747233554617e-01 4.042978127789566001e-01 6.837652489797723110e-01 8.234058940827880813e-01 9.603040086099755290e-02 1.355909300285998986e-01 3.002483819099996398e-01
4.930145566507139199e-01 8.032719427068253371e-01 1.505471286048819246e-01 8.585740598607798368e-01 3.659844314231143203e-01 2.487782829105781301e-01 9.087235636945354411e-01
4.835346179407050138e-01 2.481765502134660739e-01 2.950004815048531959e-01 9.202904637321907000e-01 4.714231365642940208e-01 3.843824843022508042e-01 8.123308992575479781e-01
1.242726663936742082e-01 5.846724332005340807e-01 4.204638357804650339e-01 4.006752318941393942e-01 9.512922417362745797e-02 6.882132244329276782e-02 5.197886022160118635e-01
8.945844274222135573e-01 4.034392499307691282e-01 6.278399733723081244e-01 5.133265302251335260e-01 4.531061435939355841e-01 1.072467392629177507e-01 8.759115882026222710e-01
5.073362758862892674e-01 2.507648993886057442e-01 2.708391465110822072e-01 9.926829144670479277e-01 6.660825314714904355e-01 2.431721007806311730e-01 8.590021357111772282e-01
3.808169876479983174e-01 4.983662793593843232e-01 6.515975626731145276e-01 9.691293074331849278e-01 8.601181081265205641e-01 3.523373378376095655e-01 6.923174963671727689e-01
4.629076577504531165e-01 3.791279218720984279e-01 1.366844012208509040e-01 9.329600942593212487e-01 8.607848645556968048e-01 4.723362393142051530e-01 5.176818290562764657e-01
3.421211428788736297e-01 2.254541489762450501e-01 7.551260410336575468e-01 2.517247123512519891e-01 1.964660330517691011e-02 2.229345704479420570e-02 7.279907323159615640e-01
1.164962676245689527e-01 4.821789537166215611e-01 6.566250907511184121e-02 9.835081623423638231e-01 8.723946505151252140e-01 7.228659998020745547e-01 2.981659567347460377e-02
9.103245601255760544e-01 4.731840810753331072e-01 4.562511508079286626e-01 6.148092282932390296e-01 5.249701012324110572e-01 1.921484163072421925e-01 4.748055120096036363e-01
2.998638457006581048e-01 8.501133154167801464e-01 8.659540410236240549e-01 8.813075810905880436e-01 3.793835641811103554e-01 1.904841706112329891e-01 7.555781394442236953e-01
4.868283003514520813e-01 1.755924287323684663e-01 7.737885180108805550e-01 7.902968044721738750e-01 9.007521914159686283e-01 1.506783668758397005e-02 4.053089697564016269e-01
5.425419037045217108e-01 8.622096493654860527e-01 7.134636623184993365e-01 4.426160478911921881e-01 4.243498187442057978e-01 1.165377033975910498e-01 1.231696256765109215e-01
4.492115007619474909e-01 1.734531751956130963e-01 9.986779487100978514e-01 9.877677108569944409e-01 6.849711838808384412e-01 1.955575549646498545e-01 9.187341854534309959e-01
4.229706969558515439e-01 1.643626968594127380e-01 5.266343289814254813e-01 9.576991665008923738e-01 9.217601080288653215e-01 4.737633369444166909e-01 8.532667803946438756e-01
4.108056710470758266e-01 5.768626378852953485e-01 5.834636059741715730e-01 2.071052532723911266e-01 4.182785410741288734e-01 3.700426256851619966e-01 3.644904943603921588e-02
3.936885699288949492e-01 8.852053709806640969e-01 9.562359237705426729e-01 3.456962623584067945e-02 6.819775879947091030e-03 2.030912371007377593e-02 6.495215354679645392e-02
2.940738455432865828e-01 7.562450676872043420e-01 3.240892510594856057e-02 8.965647944972675587e-01 8.526087584428506672e-01 1.585758721682201666e-01 8.749127542801619084e-01
4.770571307483423840e-01 6.930565917640643669e-02 4.336381134757532063e-01 6.825041745043798347e-01 7.532775779101262836e-01 1.433273762692814299e-02 3.542184919038589008e-01
4.079127604231074233e-01 2.150872157195449774e-01 6.880464682589402733e-03 6.964939485922223561e-01 4.515558620190044392e-01 5.647854106831089877e-02 9.158319544421273939e-01
5.029126298455701694e-01 1.752217552740078510e-01 8.291791636304074453e-01 9.775358646735970991e-01 6.937012271313867107e-01 1.920848067979966101e-01 2.356102063333433971e-01
3.807379899691080150e-01 2.069574015276781920e-01 2.692979588541576930e-01 6.596251458714246230e-01 8.655382052775071333e-01 3.521013211285807243e-01 2.917114513575436718e-01
5.601163632433520112e-01 5.234839167352979550e-02 6.303152972108838625e-01 7.116985925979651961e-01 5.314958958278733769e-01 1.746704434509478709e-01 2.517265357508459145e-01
4.067316558017641248e-01 3.925401154178821406e-01 8.422552036995917257e-01 1.517076850931049770e-01 6.683298649223309504e-03 5.017294177315191617e-02 8.040736422376357773e-01
5.674670683251936687e-01 7.140802124803691253e-02 7.211723241210359348e-01 9.298836500862531773e-01 5.613213762356871195e-01 1.281597961510638484e-01 1.930112265404984040e-01
4.547975667000345723e-01 8.481952067761372449e-01 2.757955390012239993e-01 8.283147343631562798e-01 5.629037523772940643e-01 8.166848366556372918e-03 7.384365398241627965e-01
2.773888780552475897e-01 1.892190484819363250e-01 6.051349580249091309e-01 7.030617780131811489e-01 8.584371103716624818e-01 7.354676910192513573e-01 2.215254094926573381e-01
4.000852459118371396e-01 7.964893530879363359e-01 8.836990973913131375e-01 9.769007188112118767e-01 3.892853472049605523e-01 4.887277812726091922e-03 7.565540603948476273e-01
5.125406103028535831e-01 6.560730492941604930e-02 5.908134363919912424e-01 9.132860573930214887e-01 3.935406015477168618e-01 5.417803451736327158e-01 2.961477746173022396e-01
6.039242901188749402e-01 7.926809058918626860e-02 7.072275123692365328e-01 7.399301820105618210e-01 7.379686028912734175e-01 1.913860426729327713e-01 5.079655256631390170e-01
8.968051631507533150e-01 4.464786811201063021e-01 6.208661132521839932e-01 4.087630919505069738e-01 3.468107191715332216e-01 5.796951370112830154e-02 3.820588709508608294e-01
2.536678631993621313e-01 8.484966434449303652e-01 6.334518858559892163e-01 5.781668735947605997e-01 4.250386336068328053e-01 5.299605884873665601e-02 2.221453611012526863e-01
2.706239507600221583e-01 8.791872722120371852e-01 7.602142197416213998e-01 6.244880788516337100e-01 3.445335195898853176e-01 4.855222035661486274e-02 4.697927994459502044e-01
5.049925904079827221e-01 5.188918572874493540e-01 9.646489527091970384e-01 8.259754587890526523e-01 8.908774558769436691e-01 2.111191123950438564e-01 7.988697872984623638e-01
4.025419723972126218e-01 2.303446181789038372e-01 2.238894582352142851e-02 2.688920129973967899e-02 6.169344468662302239e-02 1.874746661331957442e-01 3.551206755442688490e-01
1.869171572121800518e-01 5.020346225191846257e-01 6.990211149920235734e-01 8.385302755704695521e-01 3.341844832655379571e-01 1.776038498666812071e-01 8.563698328945543725e-01
1.406246678089629054e-01 7.372718708391042819e-01 5.600895291298917389e-01 9.257170938932751669e-01 5.051885476748601000e-01 4.308165630969106041e-02 1.874695120797421621e-01
7.140279817761648884e-01 2.617645135217969710e-01 4.482009282537120498e-01 9.453483818231245284e-01 6.177063786113213828e-01 1.205276719045244443e-01 2.488900039069743275e-01
7.483918997585860267e-03 2.668847330576221144e-01 9.703447689467646908e-01 1.040636326499626285e-01 2.014990666389402663e-01 3.911766407978403692e-02 4.715681189905733817e-01
5.033261675709803651e-01 8.198883011907329710e-01 9.372448785452084374e-01 4.305811843897845437e-01 9.487089886952062567e-01 1.252648640222833731e-01 2.542002934784691748e-01
4.536690886874381601e-01 5.177975949697006808e-01 3.928428436912154709e-01 9.299568252096734877e-01 9.551237988541232404e-01 3.040238163472105959e-01 8.846111756191615827e-01
4.646431242210685708e-01 7.993210534938746115e-01 5.795715927440554527e-01 9.990879705264757993e-01 4.188811661221893412e-01 4.746114972781427521e-03 6.322837177709913492e-01
8.834033507576698474e-01 4.168638269917264716e-01 1.197411821132666337e-01 9.195863084093990336e-01 3.521808180691045065e-01 1.742071388530709308e-01 7.443850702850236534e-01
5.895159099799771596e-01 8.329498224940583562e-01 9.261446529568089225e-01 9.259697207073498415e-01 1.372325158720985872e-01 5.516273652675651729e-01 2.561784832101789977e-01
7.785602210234933152e-01 2.293936209839512463e-01 9.803301053665237630e-01 8.418400587836098736e-02 6.631911214990922065e-01 1.522336538436518949e-01 1.607055369736927475e-01
7.948676932483906832e-01 2.351895550897935561e-01 7.151016762197401899e-01 1.476064566290665944e-02 2.772495368693917439e-01 2.885016573660744155e-01 3.473100497440858581e-01
2.714717225799644362e-01 8.520680325524916388e-01 8.281897067608749996e-01 6.277824999020018559e-01 4.957444468715003771e-01 6.792462429969330084e-03 6.606282682050816923e-01
5.896424051173102532e-01 2.744267121028228229e-01 9.634824422856632653e-01 2.025964057922177708e-01 3.526858017229045350e-03 5.333974901735964724e-02 6.288096914454617270e-01
4.050942856777350887e-01 3.075773795364518670e-01 5.541358300989362995e-01 8.384532893832415956e-01 9.011911278315488660e-01 6.757123972004537571e-02 2.305861504998683864e-01
3.955297878641536591e-01 2.555266482231994818e-01 7.990978786630366093e-01 8.732720708191866743e-01 7.393935784388901977e-01 2.699636342017104895e-01 2.931708728833431477e-01
3.209493232662113393e-01 8.613248349651106972e-01 5.527675629468919993e-01 8.619284275789875771e-01 4.672511376624184365e-01 6.886027398861771509e-02 6.132445712777926383e-01
2.284436214328279535e-01 4.749722412106693881e-01 4.416460635869644547e-01 3.608169837017465853e-01 2.998003046430818275e-01 2.146629684613787226e-01 5.248758822701146132e-01
4.243648352303771576e-01 8.334784559925859648e-01 5.245433821059205526e-01 8.753273076351153481e-01 3.312114614766734078e-01 1.535524523938296415e-01 2.869389803946580941e-01
3.474827459622916725e-01 7.985430588561220899e-01 7.827740715032749375e-01 9.649515591732412689e-01 5.291295649598896089e-01 4.487239777252348405e-02 7.842329379437312786e-01
2.689612847154460029e-01 8.106031945031428876e-01 6.170806450718557823e-02 1.623510571254778156e-01 7.804718644190100987e-03 1.457918330671828522e-01 9.595839484423429600e-02
8.807029453980589340e-01 2.542606268847285578e-01 7.263298559714289615e-01 7.975072650680850028e-01 9.020153886947260835e-01 2.310523344012325175e-01 2.248911628109128980e-01
2.338831560459126990e-01 2.526573426195964645e-02 7.286280860908966872e-01 2.524610843904613877e-01 4.275091497143877484e-01 1.999896880949032785e-01 3.036138836327497703e-01
1.486996876440045967e-01 4.695242398660585681e-01 5.269921978770625293e-01 7.477521252780476857e-01 6.590669872679385533e-01 3.131989187421661547e-01 4.953891827111163160e-01
6.620410245536865190e-01 8.189262012002622715e-01 8.816889291028701114e-01 4.085607495230473840e-01 3.247124551319700014e-01 2.921074068450697087e-02 5.035764705690640719e-01
2.888598657891071619e-01 7.587110513815391588e-01 5.567419805296079938e-01 9.934473644086367905e-01 6.581922278762469825e-01 4.870261561993059485e-01 3.469895770536821078e-01
8.400567912248937397e-01 4.429434457165320471e-01 5.273493058975304848e-01 7.253970140158035873e-01 7.242533723688382441e-01 5.758276012488286466e-02 8.000285273025125043e-01
2.301855376983266144e-01 2.697226758053270501e-01 7.579698230246501023e-01 1.385311388090973705e-01 3.488544628094908950e-01 1.706323219069369457e-01 1.910031159147891622e-01
4.257250096240655646e-01 4.771579218005529976e-01 7.826632042195422745e-01 9.828746565468075014e-01 9.643831268371791943e-01 1.049999559915585495e-01 6.810543954865574401e-01
6.311092093283149351e-01 5.365587325161382815e-01 9.124819091334249177e-02 7.490124605420241943e-01 6.597953473467177421e-01 5.807112873486088844e-01 2.587086615678758222e-02
7.267860130348047232e-01 6.002613989760432478e-01 5.775339079498388317e-01 7.904555729638385042e-01 2.198545928622157863e-01 5.131432352215205273e-02 3.173449844536476716e-01
