9.930693772936838304e-01 6.758608019553012936e-01 9.937828479687699224e-01 2.276407621227812261e-01 8.064471748397933348e-01 6.969042036663380957e-02 9.963344051862440542e-01
6.895640135823566386e-01 9.137635342681538209e-01 8.172884807888357583e-01 6.171342928291800867e-03 6.113128471662645797e-04 1.565078093074538657e-02 9.951942790066611311e-01
1.267346140424656376e-01 8.103966146156571515e-01 8.171694494003313158e-01 2.849559415562768691e-02 1.791800414244497652e-01 5.523780356253320534e-01 9.505139642963116309e-01
2.565138113080094873e-01 8.718504462017033774e-01 6.924574457206607025e-01 1.481269617833761224e-02 7.389505314201527198e-04 1.901164374843681559e-01 9.958346741011989689e-01
3.768868096968304160e-01 5.115828134526569787e-03 5.221561136250344459e-01 1.994540006812786925e-01 2.504845847224742017e-01 5.452748569418012226e-01 9.333003957570548126e-01
8.236141912406854670e-01 2.097631988880151177e-01 7.211082735951634959e-01 4.818221719083743970e-01 1.173637170241087629e-01 2.782766134753730247e-01 9.932735591631697281e-01
4.213576306867089505e-01 9.061534349605445682e-01 9.956051601632470716e-01 1.347138920051014002e-02 2.373822139136325983e-03 3.762441134422573330e-01 9.955909864976523194e-01
1.950300163481684668e-01 2.301346682038820646e-01 9.389362733361916735e-01 3.657244082144656128e-01 3.267815410515038932e-02 3.179907188353911507e-01 7.579519049704117606e-01
2.712634454061565448e-01 1.281799805767247155e-02 7.221324394693890980e-01 6.414728621184132527e-04 7.823067469494522641e-02 2.554130779861968903e-01 6.464839527555383825e-01
7.160371172194832656e-01 1.952554940383803006e-01 8.678029874680237565e-01 9.183456558098213041e-02 5.096539397818156125e-01 9.796767707467587613e-03 9.685761623855650981e-01
6.807763394886268138e-01 2.915643818696480039e-01 8.322058835631189755e-01 9.783098077252159186e-01 6.750114838952584462e-01 2.384565272276359116e-01 9.075705495873909179e-01
6.643135960864667844e-01 5.099578299877504106e-01 9.301161741806210914e-01 7.003877841096034333e-03 3.212952968195564307e-01 1.222763247946979546e-03 8.842839310349424053e-01
8.682677715992797030e-01 5.347108359393604182e-01 9.435887995140531670e-01 6.898026308403723550e-02 2.188445257115524678e-01 9.803473607368400414e-04 6.879510867949715225e-01
8.724364982768425536e-01 4.211042817383247039e-01 4.890282910834424790e-01 4.682418393150929864e-02 1.591078775076369949e-03 2.881787636717275929e-03 9.941139670731077294e-01
7.732518056564580133e-01 2.793841271443970459e-02 2.195375744696874964e-01 7.302758947345196552e-03 7.821327245603830469e-02 3.568740140351764345e-01 4.201855178946705127e-01
6.905488754481183822e-01 6.796176479841559148e-02 8.353011519987103561e-01 4.172825970836025467e-01 5.759901226492158965e-01 1.346847796223069223e-03 6.632408507710831902e-01
1.837377474734657734e-01 9.705606756582982886e-01 9.161037304770801581e-01 5.953089165823886864e-02 1.674750091926613046e-03 3.863190307357738940e-02 9.461905423174803431e-01
7.923875444615071650e-01 5.083266759432980564e-01 3.485353166219358201e-01 9.721327314531784669e-01 9.490173481749173412e-01 4.688730974565133436e-02 8.866451042186213050e-01
7.302699313581412222e-01 7.901479982044692374e-01 9.743910596019336179e-01 1.021812341995206735e-01 2.612475738114905521e-03 6.806939095781930696e-03 9.567376213347921210e-01
1.595830717446735381e-01 7.373931603713378413e-01 9.885010691678433048e-01 9.611993775824086150e-02 9.663066848884747104e-04 2.330633949185706433e-02 8.309513908093854040e-01
5.377134137500926281e-01 2.905682539644033335e-01 8.167094123741331924e-01 7.793140394839085383e-01 9.592103063204711066e-01 5.426929009241160395e-01 3.708924786143086849e-01
2.268919936280032554e-03 1.166296391277135552e-01 8.089488467324760235e-01 7.328735351071325940e-03 2.618562441814333286e-01 9.773750659985633304e-02 9.734229416033662874e-01
7.410287429821773575e-01 7.220233944978170226e-02 7.643226351765900484e-01 6.823440115557870556e-01 3.658227270199912451e-01 1.273237719183246963e-01 7.961470604432486775e-01
4.597326373906747143e-01 2.499971537213104000e-01 4.900180662446268487e-01 7.359490806323089052e-01 2.421336441671652871e-03 1.914821963449879136e-02 7.545676157767383652e-01
3.662841213740678503e-01 3.780114177277474341e-01 9.075365123622973762e-01 1.099099527047670277e-01 1.513752815493843440e-01 7.066697151792544762e-02 9.880817807770004846e-01
8.141011617319061922e-02 1.630794326775770464e-01 6.349795195815228777e-01 4.494171908219636146e-04 2.077477591766817844e-01 1.402532794364073354e-01 9.922163427593950757e-01
5.574439492694476250e-01 5.884262100178888621e-01 9.422170008073458281e-01 9.516902574226617784e-01 1.745932674555788211e-01 3.014443652694279857e-02 2.132589739369712967e-01
4.972730624086763584e-01 2.053147064653262355e-01 3.036514272475054899e-01 1.095312854333110320e-01 1.209432491366491252e-01 3.101675168679129263e-02 5.198680433130908884e-01
4.842627480669486895e-01 2.338013356689830347e-01 4.009667767275956196e-01 1.945235553240493714e-02 1.317419343699954577e-03 1.717990938640520096e-03 6.855737825102226068e-01
1.734182656923413668e-01 1.641334427490189762e-01 2.591713567373793436e-01 8.650101244329552186e-01 9.765566093257520563e-01 5.220271112868164476e-01 5.639612308603586532e-01
2.840763508780290714e-01 2.323946209106860228e-01 4.726974259302251236e-01 9.930082081443061259e-01 9.985881058096064411e-01 3.512642329304963562e-01 5.031803979831693807e-01
6.662547186492309148e-01 7.413889184008377597e-01 9.138570137095661794e-01 1.446881771070062522e-02 1.942441117924022589e-04 1.890976015017393694e-02 6.192510455689782534e-01
4.043244448930020107e-01 6.334811301058324018e-01 7.631755370635685543e-01 9.261353023912347604e-01 1.812373916457700462e-01 3.797275697725939481e-02 9.946905737622236954e-01
8.373198105068972996e-01 8.025604557224894631e-01 9.404533456253538759e-01 1.417154580436351119e-01 1.431842512983279650e-02 3.853500878750456410e-02 8.449305772605228970e-01
1.103824137984151105e-01 3.132434924261588427e-01 9.789694412641061216e-01 7.733159737328058059e-01 3.297148954167203327e-01 1.240702952630459571e-01 8.800120180441133311e-01
4.324533766453981382e-02 4.700272422112855564e-01 8.289041938375564245e-01 8.143140560588572885e-02 1.450768221846618355e-01 3.783696451175332098e-02 5.409089803648724493e-01
8.984535815282019833e-01 4.534230984541153808e-01 5.231801372575116682e-01 2.735291772621518680e-01 3.696503464044514214e-02 3.500326284946159855e-02 6.683768243967683764e-01
7.398369689359607371e-01 5.582928588398536895e-01 8.485795337534166594e-01 4.737902972383832567e-02 9.162335559095222126e-02 1.135715354419882112e-01 4.719401904143580850e-01
1.042424429927877733e-01 5.517023438583468220e-01 8.812948846620205501e-01 1.295238526467081819e-01 1.086786982162871867e-01 6.952980381043283309e-02 9.711219061162303934e-01
9.761660431507893643e-01 8.685585533671495995e-01 8.769024374102658559e-01 1.066337901586910941e-01 2.897996353170180506e-03 1.038812566122530217e-03 9.776719607306249005e-01
5.086806605240498103e-01 2.073520683382487073e-01 3.136464734442201974e-01 1.291196085822273742e-01 4.295321939878021106e-02 5.707815699213936167e-02 3.887144715993153254e-01
4.447582709158476311e-01 1.720308632221717593e-01 4.257579103874395421e-02 9.993445458131994252e-01 6.393374219687983917e-01 5.075792431007797312e-01 8.748311194677876879e-01
2.134033206369297386e-01 7.060935799177858740e-01 9.134491877539587801e-01 1.633773290124359845e-01 2.807357395977999603e-02 1.434565461900862669e-03 9.300038289705764294e-01
8.012371715249575477e-01 1.455654686622067373e-01 2.153880819316540407e-01 8.431344213769300655e-01 6.995570819125354056e-01 2.715408832111542714e-01 5.321892492841377997e-01
5.232721940035082175e-01 5.576276611525596838e-01 6.083470267146265931e-01 1.323457297676057243e-01 3.164582487241144552e-03 1.907390667015477353e-02 3.935156552115969819e-01
3.618803147243815355e-02 5.284665701451721764e-01 9.375996568881380666e-01 4.628088661099549750e-02 7.586356947042753596e-02 6.496876412029402303e-02 5.718487039625278490e-01
3.163000144435427347e-02 9.785029574887297299e-01 5.563767438516245001e-01 3.573866451100087688e-02 3.086293991178603105e-03 1.163030715896732764e-01 9.273620616783556647e-01
5.404385464165268882e-01 5.265734451281391948e-01 3.643673989558152138e-01 7.192114726967490101e-01 5.631427622279019385e-01 3.915044896075414033e-02 3.854655011544509402e-01
8.154407333945654646e-01 7.260577036720473609e-01 6.616345416671498558e-01 1.118247487827274123e-01 1.484294994389749427e-02 3.559674957731007172e-02 7.201824156069157601e-01
1.108923355339841155e-01 5.094045933794330017e-01 1.209949038516460323e-01 9.062852240736770648e-01 1.884913787033263288e-01 1.685382607260418053e-01 4.096567326213002014e-01
7.203420165727331126e-01 8.249077557133941418e-01 9.226293319639392587e-01 1.581604518116429617e-02 3.388443197072954494e-02 3.319042405943061630e-02 7.892400133722665689e-01
1.608268861499536628e-01 5.006075685747233411e-02 4.667188621997713227e-01 9.681399205745603309e-01 8.881859561737276421e-01 2.596550981885676346e-01 5.428774732974732675e-01
3.489785271490145058e-01 8.389930570008190536e-01 2.430826585541858709e-01 9.963409797809511526e-01 1.728851186837002119e-01 4.507671556600220675e-01 7.614403945006699148e-01
1.277663610264122007e-01 4.634134933226811692e-01 1.390766881324494164e-01 3.302067365110803454e-01 8.085017363194891837e-01 3.831194250061112916e-01 1.847167510900405429e-01
9.337338150290909466e-02 5.796341999226429786e-01 7.346529978956242712e-02 9.591417465471075987e-01 5.266069035188438718e-01 1.107701158288310062e-01 4.399030739851113592e-01
3.572488310696058655e-01 8.099279975905612217e-01 1.317163493780801886e-01 9.023871150603997027e-01 8.787553839635811048e-01 4.585376140632305697e-01 9.106281063264026754e-01
4.836692731140607160e-01 2.521183462759971627e-01 1.730901175924311752e-01 9.726586953157094761e-01 4.556160420414014922e-01 8.136407397309629308e-02 7.011789637915470941e-01
4.899317852273081253e-01 4.798102347172178983e-01 1.337159487929067136e-01 9.612749346701235931e-01 1.662165367951667361e-01 8.962498737667767834e-01 3.356489786776725159e-01
4.622200657103757160e-01 4.806060453068534688e-01 8.751263221715693819e-02 8.367311698560245814e-01 7.706858250425445700e-01 7.880748050310100172e-01 9.788576978363058290e-01
4.770804412553398821e-01 4.832963728170794893e-01 1.775217021905464709e-01 9.987012547153996112e-01 9.048477753706051230e-01 2.544964931485224069e-01 8.924257474208914243e-01
4.572705233631451094e-01 8.438014297464623281e-01 9.238658144424040097e-01 8.692259440773487944e-02 3.959850861405107836e-02 3.148768060212989855e-02 6.256904873783999399e-01
9.957723426152184087e-01 9.857856322993555631e-01 5.991192583746369760e-01 8.502264575788644890e-03 1.799569776884539767e-03 2.869702596111161318e-04 5.933691441034728564e-01
1.524361520878207699e-01 9.852328863710163587e-01 6.283523362901543008e-01 9.017273630009850494e-02 9.000273836749626832e-02 1.424155216273949483e-02 7.481210464815781780e-01
5.047530646438619373e-01 8.302569356032682979e-01 1.245828261848703211e-01 8.321959980802832169e-01 5.875816272334964951e-01 4.539802536533215499e-02 3.742075333156947847e-01
7.168649818398634688e-01 3.146818582200852643e-01 3.452055672094018757e-01 8.165394932076046330e-02 5.709052334308344079e-02 3.854966207724772054e-02 4.911238014871922575e-01
6.494120726322479831e-01 3.087298415739093138e-01 1.124546512761092770e-01 5.077648214892462736e-02 1.355224937745940937e-03 1.618595884961978454e-02 8.493871282897339503e-01
6.525141465445519762e-01 8.213023526670207852e-01 8.829669901912055030e-01 9.650066003617867594e-01 1.494032163321262208e-01 3.215671118963263631e-01 3.306358065848498118e-01
8.675232428393998552e-01 4.497734821671278693e-01 7.665312308320161305e-01 7.701187796498781823e-01 5.879538000497535055e-01 4.489061823485931968e-02 4.241328815645172834e-01
1.623622342763715864e-01 7.446337025751861294e-01 7.537635378509837114e-01 8.984154542478964833e-01 7.839727195306896990e-01 3.513946577157571749e-01 3.897438405401204009e-01
3.861437722798102823e-01 7.869795126394012463e-01 8.314859498611716360e-01 7.772207417418921516e-01 7.690894286896788890e-01 6.955891073180026085e-01 6.363237138916768565e-01
8.986247225225847401e-01 2.356306937891856079e-01 7.545093715488929709e-01 9.287682287714946749e-01 7.164211135622345905e-01 1.267175895163057397e-01 9.298598246359394137e-01
3.453109545939645475e-01 8.280498662576961655e-01 9.378681188409445646e-01 7.553055033832754006e-01 2.707051460609461446e-01 2.631613514050896996e-03 8.967259736496405731e-01
4.031654836321614810e-01 1.690760007503361584e-01 6.111786849356087847e-01 9.067306245435466927e-01 8.727483081160808398e-01 3.818645735216805864e-02 9.971058103521719396e-01
4.023404846551794090e-01 2.611358740975210924e-01 9.598120351994863242e-01 8.719680705669518028e-01 9.997603054010189005e-01 6.814381123521980888e-01 1.572222161511244165e-01
2.646063586829039971e-01 2.088299846827529893e-01 9.971515454217688701e-01 6.993161800604003053e-01 9.807020828441360694e-01 5.214223979791546837e-01 3.461165241394466574e-01
3.629819952931276905e-01 7.738783751489116680e-01 5.395582010321753330e-01 7.695051209307712803e-01 5.929385747534123841e-01 6.179862193465401193e-05 8.397580125815408136e-01
4.534856798868118766e-01 8.033493802681523910e-01 8.872154062120509721e-01 8.279476447901057412e-01 7.644043496074830468e-01 3.638164918147075433e-01 6.365256985048167726e-01
5.213388977059871809e-01 5.060314472382535511e-01 8.321637767240729344e-01 9.970691444766439648e-01 8.168303701730288413e-01 2.386712930685921386e-01 9.926604613716497605e-01
3.644060413900688244e-01 4.910096989334887807e-01 7.893578104386981265e-01 9.451708170322045133e-01 4.240926002137651030e-01 8.173375508524351185e-02 8.734812046280322484e-01
5.690233437626533997e-01 4.095239751291508967e-01 5.872218422544379646e-01 9.968060790562255358e-01 4.833310973411099609e-01 2.065548292596439683e-01 7.005538121264633933e-01
4.403208585149521737e-01 4.645435034370965499e-01 8.067955007175341420e-01 9.994452046562083414e-01 9.278296808872066315e-01 4.192506713738017310e-02 8.008576053060343369e-01
5.259676521909170122e-01 4.568096001509462378e-01 5.485866690378238264e-01 9.979632319334741375e-01 7.970369435171927863e-01 1.591566542455391253e-01 9.053563210556858643e-01
2.824786487231655818e-01 8.635977561650861611e-01 9.392820748421814026e-01 9.975914753974982618e-01 5.975628893447465506e-01 5.612258663273269471e-02 8.873302830830210874e-01
1.340985798916384530e-01 1.768742162844944843e-01 7.186763604661075000e-01 9.269234196032458684e-01 8.195591612346820876e-01 4.052494116242831845e-01 7.686419061049013512e-01
3.032762541970543957e-01 7.654519787651331564e-01 5.548969842527908813e-01 9.339050952205170120e-01 6.667468635958921919e-01 3.646705224635081455e-02 8.301238183902914791e-01
1.332154189310595094e-01 4.512721858295002941e-01 8.619661629144806936e-01 7.174564904024643974e-01 4.987067193102862617e-01 5.299423121617491406e-03 4.572170383652517933e-01
2.605682075294833422e-01 7.621550051989074426e-01 8.757546483825443540e-01 9.664672773376121739e-01 6.990395861932241495e-01 2.156829721837858482e-01 3.857980088093001525e-01
8.671092368268362716e-01 2.508169708682876364e-01 9.975117554721915081e-01 9.950081971718260920e-01 9.955459607755952067e-01 5.406424641761575778e-01 2.595063880899030617e-01
7.745633715150183896e-02 6.134951750094284062e-01 9.427639098662846662e-01 8.326825786910291294e-01 3.373400958971599084e-01 1.574129986535691139e-01 2.009162457136164370e-01
9.548043736186966335e-01 4.834592315368613225e-01 7.880624597759201544e-01 7.177746193705157873e-01 4.125078498434455176e-01 2.378191744256349383e-01 3.160954530291333331e-01
5.068241793456012001e-01 2.569953217869909712e-01 9.757839789038337264e-01 8.368108923234693908e-01 6.840370252460047373e-01 2.155590208449269241e-01 9.831117523792203272e-01
4.098222601985247460e-01 5.015578472117731001e-01 9.970120211243902464e-01 9.965582640704944151e-01 7.028256466886518838e-01 3.372511040113980174e-01 2.474053052736097380e-01
2.720542116392263288e-01 3.754746317070110084e-01 5.917732168361252709e-01 8.861892903613824979e-01 6.132364310004363439e-01 2.400124850970100088e-01 3.325967871251629959e-01
4.065746847623880056e-01 7.986394986225778814e-01 8.622235566766484061e-01 9.972644416487366215e-01 4.198949450112673398e-01 9.963202002636903712e-04 8.052818746454661891e-01
4.373634003276953841e-01 1.737717960939126061e-01 9.844284233848752397e-01 8.763918301778212960e-01 9.465699329246018978e-01 6.111039277394570979e-01 4.733262946238972479e-01
9.011594672194741529e-01 4.123315311918970272e-01 8.394679283205052078e-01 6.657680856733739772e-01 5.173548821935749498e-01 9.783355870803381316e-02 3.104680876015387114e-01
3.671325045684248889e-01 5.004204813163853904e-01 7.721616434672009532e-01 9.999593575225824704e-01 7.452495352429322484e-01 2.852660965143718474e-01 5.220475946928504474e-01
4.924225219537296527e-01 8.254518557668267809e-01 5.521081555961977472e-01 6.551935135850326386e-01 5.095840271816912681e-01 6.647249349377620797e-02 6.240500369123096469e-01
4.777288314843364803e-01 1.674122019848993115e-01 9.349695188797091383e-01 9.690988986400326244e-01 8.394428911429968609e-01 5.474241894605454128e-02 7.145142348560353796e-01
3.088066525723185962e-01 7.649895285089495234e-01 8.444930793360634347e-01 9.987384148807874062e-01 9.505000282628791597e-01 2.781170905075681654e-01 3.591846231769684206e-01
