2.765408971002987215e-01 4.548438226677375407e-01 9.894210979103279513e-01 7.296423162794193340e-01 2.516720993827972208e-01 2.137215642417217287e-01 8.044152438012610595e-01
9.161095939130178278e-01 7.708764354509525241e-01 5.981476703486257041e-01 4.586860217555196462e-01 1.485850427425062792e-01 9.016292396276103238e-01 6.226892824899241674e-01
9.095857949038788082e-02 2.059204341864781518e-01 9.208696672246305948e-01 3.172555669975105630e-01 1.687862291112726676e-02 3.641390579007939832e-01 7.915936890813033422e-01
2.854753796966394974e-01 7.757222417879005016e-01 9.590457704958041951e-01 6.678303835915679887e-01 3.478436966448252843e-01 3.994400976960355010e-01 9.733836418779353572e-01
7.335114827335055265e-01 2.622985346708590904e-02 9.960903688628363062e-01 1.686111249430508607e-01 3.803027928261519253e-01 8.537985809828546602e-02 6.832123390677710129e-01
1.162336639859077314e-01 5.876415287945899735e-01 9.256766431444128918e-01 2.182250474170824572e-01 3.910938029824069240e-01 2.609266448171215780e-01 9.586048546501674261e-01
3.138748730195007886e-01 4.445979450225284180e-01 9.226682868156315109e-01 3.981207152938029403e-02 8.823992861378218144e-01 7.405644533621787151e-02 8.755537773582409145e-01
1.322156383419200998e-01 2.475044515662573885e-01 8.038506919757307800e-01 5.520151182763772812e-01 1.453191711811625264e-01 1.348559684327453878e-01 9.428251826313940320e-01
9.259336536717565069e-01 7.917838457195274238e-01 7.448947087350372698e-01 7.668699461665455797e-01 9.814217006060575732e-02 1.918990718839433118e-01 9.699244407325386952e-01
3.102754189967719123e-01 1.763530904762173335e-01 9.519032347643625602e-01 6.798500713081996327e-01 8.147004066438789938e-01 3.098079189943886425e-02 9.461348834254266205e-01
5.083018574863349404e-01 1.649800586751969944e-01 9.586956019948732477e-01 1.667886486715977057e-01 7.791830771063679162e-01 1.513098634050976388e-01 9.245168812649744439e-01
4.738856938793451490e-01 8.918696995502075620e-01 9.957001220117152052e-01 3.646038268154151996e-01 1.577696488533619767e-01 7.851082661651886951e-02 9.575415501912726279e-01
3.899149605552184594e-01 5.094595592385700034e-01 8.004689988959630131e-01 9.122004584406488981e-01 2.923730911390299836e-01 1.616384025283011672e-01 9.030120863377604223e-01
1.268146338665813444e-01 9.244400095006485296e-01 5.876162483433431394e-01 1.300132015499226301e-01 1.928132868960965585e-01 7.569537382002430870e-02 7.592519187919045676e-01
9.197213242181284665e-01 7.516652466693070078e-01 7.973005227022602615e-01 1.878381927161447140e-01 3.477557442847405977e-01 3.293412114708737515e-01 3.986801822597650924e-01
9.365447656957448519e-01 8.444625363712970900e-01 9.987825060471904326e-01 5.009059403113397257e-01 1.106248164181858756e-01 9.874013806807790949e-02 9.393026257773675614e-01
9.645101529709075860e-01 7.749857251043898998e-01 8.161025551210222551e-01 1.396893425427127577e-01 3.111410858952822212e-01 3.692516291166476894e-02 8.985117212888333871e-01
3.725889785008769661e-01 2.371466091245209018e-01 7.041046772180828972e-01 6.679086165093225391e-01 9.899749329931508690e-01 4.494180049684591283e-01 8.318883182005267773e-01
5.950246041342339698e-01 8.580632487954574783e-01 9.887163074136162688e-01 4.190100284517453422e-03 9.541176748576285505e-02 2.712816796187469404e-01 7.138879729407577868e-01
7.347098820726917223e-01 7.186406839912670153e-01 3.970362849097586189e-01 6.842889140826743932e-03 1.641051173728796941e-02 1.066540019595792199e-01 1.554620631241493411e-02
2.834696880521189177e-01 5.275321683542643081e-01 9.760839462889525642e-01 2.804064508664699806e-01 2.807323551837740405e-01 1.974835431058041824e-01 9.585036558262542972e-01
7.820847016328523749e-01 2.417531375867676691e-01 9.989325621811575573e-01 6.844575779662476211e-01 1.046386968733371003e-01 8.203419834208747208e-04 9.869774694408182114e-01
7.260593035233540160e-01 8.644671408040223159e-01 8.968264219712032137e-01 4.695121130935259179e-03 6.983755442985772888e-02 1.731331333710862952e-01 9.663324846645274802e-01
9.437704766571402004e-01 3.328107292624782332e-01 7.513313500274303447e-01 9.984802240190793210e-01 3.240353378009039331e-01 1.112863240131915787e-02 9.555969388931562225e-01
9.180854154994233518e-01 1.515980256287110528e-01 8.844738627142398890e-01 1.539178507566374421e-02 6.485660372956333353e-01 1.347639552205046609e-01 6.880172564845841165e-01
2.862185554459432124e-01 8.733622434295873482e-01 6.862713913501350405e-01 6.105095796086756899e-04 2.051984289056085209e-01 2.435363767948919289e-01 8.967874359992823452e-01
7.828171263804262203e-01 2.923227616138113216e-01 4.686094289265682611e-01 2.237499404786757462e-01 5.344482976686101838e-02 4.110847872205919962e-01 1.963630167707625107e-01
3.081971523283608128e-01 4.256207618260916536e-01 7.488372073873490464e-01 8.363097849759454361e-02 1.142698697461452806e-02 1.257935909738208125e-01 6.358884151357737657e-01
8.779364327811840507e-01 8.025262631149623904e-02 5.276245117810713925e-01 3.734697127493495639e-02 7.385088859271378148e-01 1.027275000538877409e-01 7.990631238161853833e-01
7.870050184730331688e-01 1.816571036312802090e-01 9.419014921503781057e-01 5.847673917852390657e-01 7.781648150000128328e-02 8.916666064900433120e-02 7.706439607924433499e-01
3.515038063256440415e-01 7.916874866323042603e-02 1.476009485888151729e-01 9.729739003339573644e-01 3.710102066433288437e-01 8.531435812808962904e-02 3.454676889692682717e-01
7.409303877734093602e-01 7.243193358437622908e-01 2.764140914884299915e-01 3.084788185798086058e-02 1.987730393224274028e-01 4.208632561805905614e-02 2.008105304387340917e-01
5.941420658382412512e-01 3.875781329526472030e-01 9.231245579442959315e-01 6.302145316956702104e-01 8.621331727069997397e-03 5.757587070201281021e-02 8.175951032950992126e-01
1.587445201954521545e-01 9.386517573585834162e-01 9.948443749829940508e-01 1.211622319271417336e-01 3.460164044370159231e-01 8.431668193692468116e-02 9.727422941803702816e-01
9.728463849641699746e-02 5.684684102490330515e-01 3.406026691314465449e-01 9.295640368228509365e-01 4.540168247564334569e-01 4.772417599092521057e-01 9.344938279238552692e-01
5.922697636290945589e-01 7.511427647648833972e-01 9.491838401776425682e-01 1.445775270276140057e-01 6.809178637917523425e-02 1.380791080312526731e-03 9.182233503357921656e-01
2.618157839192748471e-01 5.527462280590097476e-01 6.897583232197412872e-01 2.371668139905174222e-01 3.806367574760174399e-01 2.163348847303556144e-01 8.209011976905815633e-01
5.868676803103014539e-01 1.580965200549345751e-01 2.670975293060887656e-01 4.226179320959125851e-01 1.385960523499517594e-01 5.013560680132979064e-01 7.105669115657534674e-01
2.413202667929664758e-01 1.524576990999357839e-01 4.592706429833554038e-01 8.961443692732765642e-01 9.441238502575221014e-01 4.576535327720672175e-01 6.787966344992457657e-01
7.843888776780882921e-03 4.145673402248326589e-01 5.458781547277502533e-01 1.587034610983030503e-01 1.032974910992420781e-01 8.242435544539959691e-02 6.265804704436194195e-01
4.635274330765881690e-01 1.998170688963761821e-01 1.639663942984435074e-01 8.567881638397287780e-01 8.379120342674739597e-01 3.866278777919234244e-01 8.171367678657603939e-02
4.281855216828112098e-02 5.206993128337845667e-01 9.265028581546346231e-01 1.607140242927057594e-02 3.219792533261512935e-01 1.162772629929287038e-01 2.839620543897383720e-01
9.197527797239457570e-01 1.838398568643493380e-01 6.141666417485711627e-01 1.298084697273874100e-02 4.537211140313643365e-01 6.750645237067209870e-02 7.746282536880136904e-01
7.244240565444937108e-01 4.195953649613586300e-01 9.722916828609206030e-01 1.063616408017644677e-01 4.241828677647685453e-01 1.809895841531927729e-02 9.169825572249069578e-01
7.963546522814444195e-01 4.782611414305640851e-01 9.356873482053480462e-01 2.217494698713482482e-01 1.496799152300126723e-01 2.054985960834049274e-02 6.324278520601972486e-01
4.139038868800188897e-01 4.680766251014091828e-01 8.542204581181741530e-01 1.385265701915499026e-01 3.016126901634135216e-01 7.897035611670433219e-02 9.950682879639443090e-01
7.610433669126499545e-01 9.261663013537638767e-01 6.843972058585868767e-01 5.555081296323163831e-02 7.140651460310155907e-02 3.061542991514273893e-02 7.741847595843517338e-01
8.958918706445782865e-02 2.829568313068243079e-01 3.497178770938147996e-01 7.142234098950772658e-02 1.066809969305728134e-01 5.144999714641293465e-02 6.668557915297862460e-01
8.825573281644639723e-01 9.726264225519598572e-01 9.547672268675022611e-01 5.327318386616936019e-02 8.698389204969406152e-02 4.292450879813981823e-03 3.705196851907902045e-01
8.295388234526033244e-01 1.561374031335837076e-01 1.446779894093329077e-01 8.319808896307404611e-01 8.600282691046681194e-01 8.497189856838551769e-01 9.565297508018428818e-01
2.406635273507385930e-01 9.564277889592434079e-01 6.189471883688563159e-01 8.962431668542930607e-02 3.230853361941518620e-02 3.962021043049537838e-02 6.339177516436880211e-01
9.133289652596227048e-02 9.599423542554372801e-01 2.786214007253769442e-01 1.268821064262312115e-01 3.606874830809186916e-02 1.172907375105010780e-01 8.137902804560968040e-01
9.796393495314930089e-01 7.547638922379101833e-02 7.367931532923924776e-01 9.805641105866429452e-01 7.626997315370599440e-01 8.100964172483071657e-01 2.460813269898036726e-01
8.307268971107488742e-01 7.988064779192383114e-02 5.958312995349999142e-01 8.694223032370920201e-01 5.824804457845660366e-01 2.690382320176267772e-01 9.818942199783002867e-01
6.595939674681412512e-01 2.656433646430551021e-01 2.793804163605564383e-01 9.857741060268554456e-02 4.452101380706863232e-02 5.551890987823423496e-01 3.689829243440780893e-01
3.300444778292480619e-01 1.723626613486446413e-01 5.281615538598645188e-01 8.310438511296612818e-01 9.028628971546572846e-01 6.276935861313953646e-02 8.013725156168827191e-01
4.975911000898854963e-01 8.502364293192894440e-01 2.072545289018610237e-01 8.555971159545899818e-01 6.550800415614251859e-01 5.079173939301646623e-01 5.463731898102050510e-03
9.766930839631478289e-02 5.685915854540763981e-01 9.831273652334560076e-01 3.795184553158463814e-01 4.105880211980930672e-02 4.603811138851071627e-02 4.878479382917095819e-01
2.910414806532966026e-01 3.605662524734647989e-01 6.105917342108709844e-01 7.131641845321545770e-01 5.228533619073938432e-03 2.483401423934022967e-03 8.228436843382624932e-02
1.265586998645838457e-01 8.037468778975305206e-01 9.508322726179661011e-01 1.118626040659699283e-01 2.666290335984035365e-02 2.759075862558301589e-02 4.260988784509169847e-01
8.125630340999711043e-01 8.383387135563554748e-01 8.717755165108911353e-01 1.931481918026008160e-03 1.877242887902542956e-02 1.449017993528384507e-01 4.837575537365504941e-01
3.489559017182386480e-01 1.462058380697029980e-01 5.935810257713577398e-01 9.463711885700534232e-01 2.197332224050465577e-01 3.751215577629699593e-01 9.737426587282392854e-01
5.360759818475276939e-01 4.817472213903714051e-01 5.800271173703400729e-01 4.544069383298314502e-02 4.928168719334224956e-02 1.174483656868825221e-01 8.799789192927695014e-01
3.597861999446715364e-01 7.568091870476962857e-01 6.064528547414423931e-01 4.460113488942072379e-01 2.257859307450194031e-01 1.342336262968857330e-02 9.948864590145424236e-01
4.355135351591200576e-01 2.352413707068484738e-03 2.664558785468976176e-01 3.057236846291724874e-01 6.262639911636929124e-01 3.632436109849972866e-02 5.797093798851177260e-01
3.690910962132774031e-01 4.651796592828438826e-03 3.946952939862300447e-01 3.794345822948903546e-01 3.808799120778539882e-01 4.034748734117625246e-01 7.474224408172155387e-01
9.146008648616937853e-01 6.102259797023548149e-01 9.372676583859778088e-01 1.367956642653644916e-01 9.971104284088776193e-02 1.650405290324448160e-01 4.537037953761083320e-01
4.925452769168008893e-01 5.533311566241493340e-01 6.737132157396774623e-01 2.636295458051804430e-01 1.375074668293972402e-01 1.160948266952740865e-01 6.845417472035230100e-01
8.526085520126270856e-01 4.099284899744828348e-01 1.031397432929801461e-01 4.453663199549718898e-01 4.879700607012325553e-01 5.544461990393953488e-02 8.195925128532092208e-01
6.759751356398682187e-01 6.669960061377351312e-01 6.957802696560467792e-01 3.274060465354834415e-01 3.065649157853944651e-02 7.493025180211898562e-02 8.719654551527972197e-01
2.343330996679855449e-01 1.157698828027653448e-02 9.713092784898667009e-01 2.372354990950036324e-01 1.385488104359574590e-01 9.442929508513275838e-02 4.823607200393364991e-01
5.857018227057263493e-01 1.138627511582807061e-02 5.679696411860120087e-01 5.256318620045283274e-02 2.939401384590498156e-01 1.999876613896131583e-01 2.416806953180410666e-01
8.481508852569721313e-01 1.110239482608505607e-01 4.692189742895344073e-01 6.157117049981106760e-01 6.372978853147842626e-01 1.830329637605822013e-01 5.225282457858086982e-01
4.119630418647429737e-01 1.050920661161877101e-01 8.057515829391839191e-01 8.069301481550903432e-01 8.788302602967398292e-01 1.908676937422104647e-01 3.375351983236399844e-01
2.026457516702619976e-01 3.437628837823010763e-01 4.201779997419564094e-01 1.239282267445114272e-01 4.717292026696478513e-01 2.389266563158741197e-01 8.393819246409707224e-01
8.660164223124069416e-01 7.353516957799524079e-01 9.995325928162608342e-01 9.099246578910857863e-02 1.689692437111131040e-01 2.730783647993501040e-02 3.398804852305680191e-01
4.029723125678253970e-01 5.318318686053460365e-01 6.103681204934593429e-01 2.282272269549503463e-01 2.593727649391419643e-02 1.659763039966577480e-02 8.379909898628166154e-01
4.383498566249731110e-01 5.077664302012027120e-01 2.864297473076184986e-01 9.599439120615500531e-01 3.848466785127824252e-01 5.277122078286562434e-01 9.172471988495550788e-01
1.187511358649644966e-01 5.328082160931874034e-01 1.999383520310447915e-01 8.431349423069183224e-01 7.139739899779726784e-01 2.338877267654931591e-01 9.233566070279629612e-01
4.937890283096034172e-01 1.631087990643233510e-01 3.835768584598326369e-01 4.314373230200305165e-01 4.404010208940715154e-01 5.406455124454530997e-02 6.195309682395215845e-01
2.388936646426387533e-01 2.364292969832112179e-01 7.393988441770255049e-02 3.596800511149259583e-01 7.893949108986373364e-01 4.411056398470171169e-01 3.354894513089496932e-01
7.514055384869989807e-01 6.689442242772821734e-01 6.687054985640760174e-01 1.784067501818220602e-01 4.711292383298049113e-02 1.137132124653464915e-01 5.314273578775832174e-01
3.978034090825863234e-02 8.549763381924261330e-01 2.411146657625537482e-01 1.283757322599806128e-01 7.745225571526681563e-02 1.549644386450743094e-01 6.042676273977812818e-01
8.321696671667795364e-01 1.706576937001009209e-01 8.153757643661603272e-01 5.442414735548046778e-01 1.013822465835714087e-02 6.849157479773104740e-03 1.473383559962389011e-01
8.903397791286755680e-01 9.163651166598818509e-01 9.091234405898362958e-01 1.491475657541108113e-01 1.449049486353598537e-02 5.831262813568301173e-02 2.584040935956244400e-01
1.376901128073273473e-01 6.095529933653515142e-01 5.948023477180450769e-01 1.800999445783810493e-01 9.813212565947707078e-03 1.414523941424098985e-01 9.323185941980398628e-01
2.432418953681515505e-01 3.640333918792245660e-01 5.255576598465889759e-01 2.828930145351656877e-01 9.686594678204231423e-02 3.376013639113214365e-02 7.136269941367701097e-01
6.317860048327390565e-01 2.355217113501055226e-01 2.085782944061682631e-01 6.592044198260587073e-01 2.725442647584883082e-03 3.522811322493543673e-02 4.390309113127444096e-01
8.886762420150473574e-01 7.948453901467557037e-01 9.789376054646423686e-01 7.457729123762538159e-02 6.797652410308875626e-02 3.266195084031656148e-03 5.068444571505850149e-01
6.874564753304429621e-02 9.112044336651698995e-01 8.772584379504829721e-01 1.350115524982898885e-01 5.249265001077557669e-04 9.472612266430202599e-03 9.362212816829262874e-01
4.757175646232099653e-01 4.963841742058280326e-01 3.263217150984686898e-01 7.218170243695065658e-01 9.680564078986515497e-01 1.044674028820835598e-02 3.416197364050835850e-01
9.442164241854150708e-01 9.963781517885164085e-01 7.915107785692396813e-01 9.310631727389731549e-03 8.867109821166686834e-02 2.126090482933046255e-02 8.489486975097371158e-01
6.575252025157285463e-01 2.219479800816696602e-01 1.829530178439527921e-01 6.203624635934157361e-03 2.386831299922880512e-01 5.684946607992576173e-02 8.765608094297556718e-01
4.777049411004355983e-01 5.073519294674310176e-01 2.951313896093692435e-01 8.365626195392044107e-01 9.084983787718352577e-01 9.069460179532029542e-02 3.089067138890465025e-01
5.414689852044272111e-01 4.601782015707290285e-01 2.798734875127268928e-01 8.775745477107139703e-01 8.350551787858262465e-01 5.976820001526219617e-01 4.359468947214392154e-01
4.020522385155211875e-01 2.588196385156891210e-01 3.366811380787536612e-01 9.537723150137702444e-01 4.442687703630252005e-01 1.988086968588020920e-01 1.823392080214596700e-01
1.363612107599919965e-01 7.415556778094609669e-01 7.510117285666192966e-02 9.665617973566414944e-01 7.614884602537435043e-01 9.716778760577953200e-01 2.925840834405292745e-01
3.627802681350786873e-01 7.868639869651385954e-01 2.417355183794033247e-01 8.562780800882351384e-01 8.676044894057112211e-01 3.139025141825014797e-01 8.811560650921573812e-01
3.049811258538238645e-01 8.060389999981532050e-01 2.270112230835275302e-01 6.749740999120292795e-01 8.489619382314700369e-01 3.448228655569363088e-02 3.614913286545338167e-01
5.338067892645380619e-01 4.350122634018047663e-01 1.993887565266544426e-01 8.135950182389106722e-01 6.021633388475156057e-01 2.839589826250654703e-01 9.066696018386315448e-01
