8.640578274921234536e-02 7.450902742651736022e-01 9.434957687565198592e-01 3.342103682756467631e-01 1.736407741674695915e-01 1.998987839463860217e-02 9.320139341943591837e-01
1.200573398160537375e-01 7.242871199145390904e-01 9.712118149368307307e-01 7.623353456089345670e-01 6.635697361596465740e-03 7.124409809109631675e-02 6.043514555852452785e-01
4.097412768383744130e-01 9.048261783872389719e-02 9.944188641121357586e-01 8.035863761525015216e-04 1.695023694407300774e-01 3.093781412898304398e-04 9.960538580817721588e-01
7.682808294288812068e-01 7.684835501689948334e-01 9.200653053016201177e-01 4.159450967529072507e-01 2.853483950410580783e-01 3.508553656968455559e-01 3.572961268089109299e-01
2.453606152340291890e-01 3.568409527557755423e-01 9.775223112592384966e-01 1.873406970734009525e-01 2.601916702296280456e-02 3.181080907211972231e-01 9.667613826401096899e-01
1.377047758713249026e-01 4.713678091189216768e-01 9.740941905057529659e-01 8.802172972155337949e-02 5.547445803732705197e-05 1.800642027575639209e-02 8.624156524785799860e-01
1.655436349847516364e-01 1.475537101843664156e-01 8.652005222073633206e-01 2.536850060674723795e-02 1.993380664810956437e-02 7.912778480714476315e-01 6.949129351647165276e-01
8.549369172708302100e-01 1.564039240252561302e-01 8.878722135546035510e-01 1.371805334557603395e-01 9.861371090201774825e-01 6.490532165808085008e-01 9.594909162008813386e-01
8.389149159642832476e-01 7.014341226261722184e-01 9.683561834139573499e-01 1.766706814832091355e-01 1.662779562032744018e-01 6.565115626396179557e-03 9.906245165750545700e-01
3.619633889317243336e-02 2.257627300104815826e-01 9.881085355590334407e-01 7.159408331406706683e-03 1.701076655917939037e-02 1.331619154455476461e-01 9.788979701965228042e-01
7.919918515334476439e-01 7.186773447130685444e-01 3.422314099280395205e-01 4.958762303149468614e-02 4.956012344532805813e-01 5.608056365545854849e-01 9.405276311859435134e-01
6.916126390137824487e-01 2.724832506356018036e-01 2.572090551814066456e-02 7.871898734465838654e-01 6.778024589059330474e-01 1.457565323656706269e-01 8.694347849205467105e-01
2.592570363384400500e-01 1.745567300872692129e-01 4.793830431037751638e-01 8.642525052257246099e-01 2.615973397310752402e-01 2.041159414510067827e-01 6.757931140136093084e-01
6.444384338582261895e-01 2.935062975080143799e-01 9.817993707134154979e-01 6.682085173302005909e-01 1.305128211866505017e-01 6.141731738115429988e-03 9.860870841549090882e-01
2.202223643535794473e-02 9.312899287308227247e-01 9.907568765591476811e-01 1.385339721395856261e-01 5.298509703946744365e-01 5.624016408921408416e-01 9.375977274983873233e-01
1.265098799350760916e-01 7.207422831824144005e-01 2.938687079084961740e-01 6.871022674820419507e-01 6.363440590607547520e-01 8.687716900231100547e-01 7.239086458405621372e-01
1.722734762407064635e-01 1.183720168360523767e-01 6.672826569868582636e-02 2.328720939113349681e-02 2.320406876827888210e-01 6.208399237302814067e-01 9.228058765614460812e-01
7.112637669843561161e-01 2.327624439834632963e-01 7.233321019975581523e-01 1.379728169645348945e-01 8.956336004874005940e-01 4.979306453270319621e-01 9.430412207949175896e-01
1.449668499098692165e-01 2.517253045558778823e-01 6.503369469572136685e-01 2.224429475049962898e-03 1.119604706497256685e-01 1.855297712483496564e-01 9.549453489605298495e-01
6.947071428978904284e-02 4.637640218359556088e-01 9.608138690931322667e-01 3.895070399093604474e-02 2.824663263963845400e-03 2.160958201689140989e-01 7.418745750311501741e-01
3.843508635584793470e-02 4.071961314061857129e-01 3.367974690737099430e-02 5.594204767729434868e-01 5.747219318056668858e-01 9.099703262226651601e-01 7.627670948800068240e-01
8.404490631246415155e-01 3.461236600982013911e-01 5.769714039751435708e-01 2.200774574400725381e-02 7.126275588788861803e-01 1.358122791072891578e-01 8.683564793449723984e-01
9.052912941820077108e-01 4.543327919302779794e-01 6.762762017816794646e-01 1.189948631045152083e-01 4.129192637812859057e-01 3.853243103307288364e-02 8.970869554573055460e-01
1.247860883651354461e-02 6.481289184427269090e-01 7.222373565352786517e-01 1.751886404040916417e-02 7.223671190047411053e-03 8.993637051198397070e-02 6.381146508751532886e-01
8.602928007496182250e-01 9.418255401505646329e-01 7.155264126676534886e-01 1.449582938520917741e-01 3.269890896567300559e-03 9.488121331194337982e-03 9.198832702290272723e-01
9.804185116628144625e-01 7.614739460077126765e-01 9.572256463033437246e-01 1.637849959200182448e-01 2.725000158296508705e-03 1.746639344996640548e-03 7.806394120318824736e-01
8.908022445145007406e-01 3.292235116284331770e-02 2.594535124550395588e-01 2.735270604334951727e-01 3.665105451846288886e-01 9.685640533469460633e-01 4.464484517145455578e-01
9.840289449679111566e-01 2.782849526002636464e-01 2.515124091712638288e-01 1.902986175000750957e-01 1.258331508512018915e-01 4.994914413467266279e-01 8.591211151935737034e-01
2.970764911670685168e-02 1.685366345347527606e-01 7.498936970845547778e-01 1.711826905612998106e-02 2.240289419438519850e-02 2.672612358877621969e-02 8.879144355061807659e-01
3.611972550930682702e-01 7.470904878905997304e-01 8.672951366704497733e-01 6.667674093655042711e-01 1.648434915873741025e-01 4.543290282636325284e-01 6.355335076558793483e-01
9.007583798373722805e-01 9.224235944294084666e-01 6.876628439819698624e-01 3.739240952770577289e-03 1.563560840998001397e-02 3.375315417889055425e-01 7.451047174856001432e-01
4.841935232824371993e-01 6.646694713621246198e-01 1.174429714419215759e-01 6.596832055381702808e-01 2.622719380349831930e-02 5.113111416265923026e-01 3.020706844187807660e-01
6.596063525411476336e-01 9.110546127656684590e-01 9.537565130903570276e-01 3.500349028489417591e-02 1.569055230503894373e-03 7.668514918950461445e-02 5.313093538473621091e-01
8.916650777697737729e-01 4.836333296318013342e-01 5.476465969793260502e-01 6.291110016806475969e-01 5.815133840931124842e-02 4.756149756053759114e-01 2.112246387418025284e-01
6.177963082369737624e-02 7.533743058630886225e-01 7.455210077672624891e-01 2.389636870144132980e-02 9.650729374694706070e-03 9.754563960435208569e-02 6.716516364134633710e-01
9.209176428165635198e-01 9.348191931679958877e-01 9.505175775633303847e-02 4.840993738467774810e-01 5.842963454594408690e-01 6.199188728240565549e-01 9.709600460545573242e-01
5.017788319145748410e-01 3.978040825039270700e-01 1.218503165472375749e-01 3.080647303460702369e-01 2.114142370907522162e-01 3.993520539878273740e-02 8.993180215304302783e-01
4.762041183609376227e-01 7.485761405095091581e-01 7.829873232475101918e-01 9.312817752470801957e-02 2.361781693863799769e-01 5.151396434889988774e-01 9.347678233462056174e-02
6.636096245237919078e-01 5.852019006959831016e-01 4.336169827258181120e-01 2.139420967971548959e-01 1.303024424072869170e-01 2.913414868801159768e-02 1.624008043460290485e-01
6.578216855859773116e-01 7.227341559063911181e-01 3.171676722947928129e-01 6.633351207051960685e-01 9.032184706454304823e-01 8.345272750306341747e-01 8.174005478686012793e-01
2.004462627687316756e-01 6.280059402950829428e-01 3.614709925202098662e-01 9.695284969897675076e-01 2.227136784550098614e-01 7.236502493702924310e-01 8.442349467883362157e-01
5.092610587899187857e-01 1.092492414492464772e-02 3.204705616040575689e-01 5.202507807420297947e-01 6.632344746347064168e-01 9.052947682619745529e-02 3.343796067918679005e-01
3.492705346119775456e-01 7.657681015953085035e-01 6.870865088783972841e-01 2.297777488395455481e-01 9.970638026781314389e-02 2.357577086918117779e-02 3.247041771392451814e-02
5.361724008264692198e-01 7.362805279587598950e-02 3.052435829105611120e-02 6.483747445174542490e-01 8.598393097315104594e-01 9.843349388079265516e-01 7.130562469356148680e-01
2.612183169763451218e-01 5.531578916439493510e-01 4.833796425648156925e-01 9.993330916527326524e-01 3.907285749353437976e-01 7.755083496245277486e-01 6.567986003537452655e-01
3.801699565418594218e-01 9.757343392541579785e-01 1.150489382029158819e-01 8.567603065620367220e-01 2.019606061683696108e-01 3.828120906571068072e-01 5.052163896030855694e-01
5.998375559322929318e-01 9.892230712900408618e-02 1.309142412976614656e-01 5.381445230914804201e-01 5.839388722582347646e-02 1.299290212040962178e-01 1.203945296087459982e-01
1.512659938239547808e-01 5.156189949698970487e-01 1.097690750873308863e-01 3.222953864215992170e-01 6.933951081890550316e-01 4.823191530350897094e-01 5.899478455989274339e-01
6.709171275668627255e-01 5.331697597347564432e-01 4.729833295924161796e-01 8.789196249532237049e-02 4.681433150314121862e-03 1.402131845049177650e-01 3.839280037796651834e-01
1.516084028878435797e-01 6.062731049108142228e-02 7.257716409702688609e-02 3.622272833903059097e-01 4.959040005620751757e-01 1.321349145031601724e-01 2.032564314658154014e-01
6.157521418958888937e-01 9.926373635840386456e-01 8.405496439341392234e-01 3.297240725882355505e-01 6.767151078702261791e-02 4.165592599713207125e-03 8.726876968031641590e-01
2.541242180280733343e-01 8.998447885262709223e-01 8.760518960787705423e-01 1.171579243122322506e-01 8.439814544437418409e-02 1.266845210064871524e-02 8.281529046241824510e-01
4.530224983934000860e-01 2.458889544947155392e-01 8.999925646969096915e-01 9.076123533519590003e-01 3.045918723526013228e-01 1.143770822568029449e-01 4.530502126480557279e-01
4.171926760216675967e-01 6.682094916331431378e-01 1.562476739328703124e-01 2.568569200834366351e-01 7.462273895725877182e-01 8.202324857448205497e-01 6.782608256853837059e-01
6.933924293072337708e-01 2.445268492406363625e-01 5.088625929962364847e-01 4.891895450073836110e-03 5.256299699751807442e-01 2.393973344837907122e-03 8.827312448904769404e-01
5.852595113160178331e-01 3.751056028359120997e-01 9.679341809880371850e-01 2.138980486910452006e-01 5.163797960769190426e-02 3.800398802732164738e-02 7.996277572952212864e-01
3.986882240193827531e-01 5.764223907989387552e-01 8.108132849349132254e-01 7.982496747437530793e-01 1.102593304654501671e-01 9.799950614294966611e-02 5.098689842455395027e-01
7.628357563859688995e-01 4.194802181936495566e-01 8.010754285719543510e-01 7.935329527521564619e-02 2.732993018596229645e-02 1.019492350185510765e-02 8.665439606964532304e-01
7.107082424708957569e-02 4.678884848223785475e-01 6.393520370682639342e-01 6.215804468739828392e-01 9.518122821717681092e-02 5.489013121527865947e-03 7.715779958068978706e-02
6.469120353216716371e-03 1.700880173822224423e-02 8.535536467462786492e-01 9.419202912501428368e-03 1.164289686805445312e-01 4.477431773238154111e-01 7.881925945263408284e-01
4.191628771169061407e-01 4.916710092959896139e-01 8.907565036802258529e-01 8.229244985162511572e-01 4.315995241920345116e-02 2.027202607681081459e-01 3.819671192793281517e-02
4.799916059179540895e-01 1.828530764181077739e-01 3.078358085251899912e-01 2.574956303336035646e-01 3.590412354721492227e-02 3.183873360225956961e-02 8.437091111257546405e-01
6.550869414571220961e-01 3.600319072251162433e-01 9.804081860371893775e-01 4.091617173630845428e-01 1.817719035340483119e-03 2.109642739178098705e-02 6.953290624617399773e-01
9.368604016796150402e-02 5.075106299835513424e-01 1.757978797618938716e-01 7.065175422428373597e-01 7.528179576569834497e-01 3.793211396122081469e-01 9.824115658670630469e-02
8.327685421709499214e-02 3.963912723832387075e-02 7.035608089197281645e-01 1.405900831988584308e-02 4.367775151151675472e-01 2.351478578422026289e-01 5.452658434151951283e-01
5.012033166930891792e-02 5.380376037519258858e-01 4.088647497256225893e-02 9.941748736327997715e-01 3.951696967961103035e-01 5.106702308060240281e-01 8.573820674265444364e-01
8.425150885655429134e-01 3.986419561932288622e-03 2.879865731097979165e-01 6.820134067554092794e-04 2.495431749390333298e-01 6.304304758815924004e-01 8.294968722740496681e-01
2.630809278291748599e-01 5.013351239554648675e-01 4.560138225868666795e-01 9.830823569292065356e-01 7.743376206357875935e-01 3.245960725977731220e-01 8.331998356222304336e-01
1.918866553079364989e-01 7.187504612023825068e-01 5.036760555244778059e-01 9.991511828701422626e-01 4.781233962106577057e-02 6.104988677344675985e-01 2.514246720158495527e-02
8.390395898347756676e-01 7.547979258791979174e-01 8.748512140700390738e-01 2.432551219712645318e-01 4.599711746705897886e-03 9.054256598797251476e-05 6.766476010792314977e-01
3.884123366302043023e-01 6.092131702478594812e-01 7.778694383202314766e-01 9.818729150619245338e-01 1.781213150737666340e-02 1.465068609445819604e-02 6.644226746423350649e-01
9.853197043131443067e-01 1.808622742644556136e-01 3.226461095650179356e-01 2.877582429759431015e-01 3.177367664045409046e-01 6.008319541824341803e-01 7.881754315579999615e-01
2.589909806651082280e-01 6.196165275357552460e-01 2.711454362598769152e-01 6.905149374301536858e-01 1.275370420947525285e-01 3.430022130570375971e-01 1.668330686627729764e-01
7.320843174748057347e-01 3.330253211619937925e-01 9.079167252044394454e-01 1.141427868043752986e-01 2.259696484641176423e-02 6.371406542722976574e-02 9.793193149582876122e-01
9.224465968945499972e-02 1.556674998199792659e-01 1.461532992724468571e-01 9.125660375724673479e-01 3.476591632146172062e-01 8.942809438204263328e-01 9.362164848968137498e-01
4.831554990742358835e-01 6.877183138614120228e-01 8.091259837744011474e-01 1.685687338933899715e-01 1.575851928508033573e-01 3.368008056135216727e-02 3.758487448037087231e-01
7.502660009217770876e-01 6.012239172856365110e-01 3.100037182254433143e-01 1.019200040122446027e-01 7.070365334390087408e-01 2.037667309700160190e-01 3.174036221561880172e-02
7.985656092014967178e-02 6.255463303258066432e-01 1.340001588875312510e-01 7.416035346234712833e-01 3.121370093322284323e-01 8.859648998043104240e-02 8.791295516017649803e-01
6.118847568548756444e-01 9.619922718630895542e-01 4.014058633908404450e-01 1.109500894085643230e-01 4.339620641604410300e-01 6.897051569062240262e-01 6.236099786510291842e-01
3.525816106095069347e-01 8.974367487224819140e-01 5.316627698303527660e-02 6.276404103368168341e-01 1.451619873347774221e-03 6.467250571655172031e-01 8.832686056229825944e-01
9.044396176314606350e-02 1.507414060955255819e-01 1.609517424143454278e-01 8.509300223844130651e-01 7.145294124419061532e-01 2.086240249432463334e-01 6.398073853089418783e-01
9.619631069087541952e-01 9.936431827966124564e-02 2.574815311199278312e-01 4.555787933485294650e-02 3.526985690167144805e-01 2.764272894793987079e-01 9.033438261963415705e-01
1.422203884248852968e-02 8.189958625697192351e-01 5.089812590574690487e-01 2.407973512075686773e-01 5.759170963420204986e-02 5.539841793026681893e-01 2.525689235258785081e-01
6.422774738341041623e-01 9.566326233856277117e-01 4.943024608809186149e-01 1.620113453683362514e-02 2.504124484774217785e-01 9.129483956878786666e-01 7.552969539233637120e-01
5.441901617799768109e-01 9.899748723937673578e-01 4.277716378678648179e-01 6.657784738271094183e-01 6.680694283936478017e-01 9.936790732661515690e-01 1.117407979309934102e-01
2.216237114509460315e-01 5.326721414425867884e-01 4.364173944081906620e-01 9.596632750924604105e-01 8.063121835113791214e-01 2.085567846313711171e-01 1.646247789042664111e-01
1.039977265183241184e-01 7.687647178788425961e-01 1.721843202187577082e-01 6.109548464760349296e-01 2.735081477809627251e-02 6.930333935533787848e-01 8.959549835611829716e-02
5.000089819089954535e-01 3.339473856479727165e-01 1.725639592423216240e-01 3.475724401493627824e-01 9.840980404269846771e-01 5.499395954458354829e-01 8.480742574273605339e-01
5.269141898385600875e-01 9.281944314084420444e-01 2.502420454581979481e-01 3.857222236608497390e-01 9.584851987862549327e-01 5.491188968900163614e-01 7.854413873477101848e-01
4.001467292703227846e-03 9.240369764458109536e-01 9.549304186773288627e-01 5.815405629440839608e-02 8.061994420287715499e-03 2.344125442094137021e-02 9.676904480017300969e-01
3.688932713712677058e-01 5.073914513560262574e-01 4.384217376520853637e-01 5.469960482711786476e-01 3.548205969063139564e-02 2.198985923679150356e-01 9.180202152827312556e-01
3.955442643934224956e-01 5.965607315268457445e-01 5.189951049606557065e-01 2.704997787746841742e-01 1.514422379391250906e-01 2.450397944572865472e-01 9.935849715894538026e-01
4.409112983962826249e-01 6.500232479669733332e-02 6.211037982085940157e-02 8.276224814575403599e-01 6.270286454932733067e-01 8.234882894688956290e-01 9.667581268835484520e-01
5.169021733586041112e-01 4.699420570601474667e-01 5.837010289560937704e-01 5.856111985445890816e-02 2.256480916921042509e-03 3.386044896623250922e-01 8.675713036992883653e-01
4.469029684946089209e-01 5.984815340481410839e-01 6.045030101024150282e-01 1.617923978925625006e-01 2.972045050308464581e-02 2.262046752714567260e-02 6.650630100143116730e-01
1.307054666955506372e-01 6.888716569776125453e-01 2.316152407765829091e-01 8.559558311985625556e-01 3.984969325901559500e-01 7.366200599476007138e-01 4.994417857226003954e-01
5.328044592575545968e-01 3.142173317538565769e-01 7.539838853440761213e-01 6.528446498113653872e-03 2.820530442198971796e-03 8.036111650812441387e-02 9.946351136562664452e-01
5.969604238700818577e-01 4.469825053860340125e-01 9.874836283148782368e-01 1.160255851718989617e-03 2.133269089172564956e-02 9.563325609381673198e-02 7.973180548973358706e-01
7.758183231244484279e-01 5.864929698355688670e-01 4.975572180688430518e-02 8.288498514299948994e-01 7.151333550286337326e-02 8.064049852769938909e-01 8.740138121959968309e-01
7.362998573488789555e-02 4.835619568032512028e-01 1.329548128127748530e-01 7.412727172938879949e-01 6.330459190687735826e-02 2.095205575203958059e-01 7.799708058348122641e-01
5.326379433574559563e-01 2.784499989556502575e-01 1.318672318125142795e-01 6.121474353502779353e-01 3.980094584043332162e-01 7.078134250165378782e-01 6.299215985535638884e-01
4.678672090891177193e-01 3.615906262671323423e-01 4.707513856992161239e-02 7.987627980219879076e-01 8.205722316352256351e-01 9.106011597011661740e-01 4.830851869074906380e-01
4.986958420795288838e-01 5.005063578262959334e-01 3.271527922415670142e-01 8.816937979047676510e-01 3.419156816520886322e-01 1.659573518357458644e-02 1.780787108557068954e-01
9.900012403770341862e-01 5.699062995520258745e-01 2.018701952124979937e-01 9.906383256552625527e-01 3.241232893212760979e-01 9.202958978070004958e-01 1.567991271893813543e-01
1.055992300589122246e-01 8.786567846313167451e-02 2.201472447481309103e-01 1.342625204208423850e-02 9.805554999008275763e-01 3.698004490382984510e-01 1.298317451658840549e-01
5.969352437818260526e-01 8.073040070950934233e-01 2.528137795657460773e-01 7.693955820625671960e-01 9.139102749043824803e-01 6.472137797960472172e-01 5.830831150132783636e-01
1.737661681539030140e-02 9.014104825496089823e-01 3.830722325766311998e-01 2.768270490216718713e-02 8.639713247664403128e-02 4.115426579981054656e-02 6.706062751827173152e-01
8.638233110488885425e-01 8.443155838662687040e-01 7.398821064414090598e-01 5.773658912405728316e-02 4.067531212447690614e-02 1.823117961649156071e-01 8.622929816593455365e-01
9.693907324440868001e-01 6.052550502772150454e-01 1.049110369413631949e-01 6.915600331706551751e-01 2.386666917024181656e-01 3.486862652119249867e-02 8.980353056780878696e-01
3.390338039270770487e-01 6.174405094389855408e-01 4.067523725781652111e-01 1.333560822303923692e-02 1.747378472664493781e-02 9.412211407598068957e-01 3.622877913992723631e-01
2.179150258672704898e-01 9.131749472783052823e-01 1.650736737393704578e-01 7.901451027705608254e-01 5.705575266379665500e-01 2.439565226650462770e-01 3.900646465553093134e-01
1.880160598841451314e-01 2.056935123153164069e-01 2.962720989690753037e-01 6.469783887043436543e-01 8.763032743860224016e-01 5.432698206697375021e-01 6.316812812749581507e-01
1.342337976438238434e-01 3.501967525627832090e-01 5.590978001804108866e-01 1.098314492715983179e-02 1.506283279549985032e-01 8.279988898120804741e-02 5.797568038498760457e-01
5.020667309215781637e-01 8.195964050506581167e-01 5.142818247831260070e-01 2.977486262816900209e-01 9.610521594376848498e-01 3.252493183951548628e-01 4.065887464267969875e-01
6.190563989453672367e-01 3.243473316959501473e-01 8.456880346761996847e-01 6.110497153291167410e-02 5.400514097221779247e-02 1.184046241513860009e-02 9.270716987323388558e-01
8.941300879464780804e-01 9.118119034844938131e-01 4.800289465855463455e-01 1.999847526118094243e-01 1.100415003248681259e-03 1.241027738188779476e-02 6.678353263949305951e-01
9.268235426646581621e-01 1.459618371620790833e-01 2.001263915316351394e-01 9.671965707438217041e-01 1.788898747218874430e-01 5.572491432579234072e-01 9.541886919529415367e-01
4.049225245303682552e-01 6.367229134306876537e-01 5.603426466721016519e-01 8.537042112343379285e-03 8.166430487808445937e-02 1.405019690323451031e-01 5.913672239853595691e-01
7.344400552343952615e-01 4.718464385884613144e-01 2.613018110949997252e-01 1.638873092541319118e-03 2.348755277921595053e-01 2.384629206973535309e-01 7.062567193971098778e-01
6.159443037510332619e-01 5.177960659744292871e-01 9.796649191660661282e-01 1.054640068928158932e-02 7.307448242611248174e-03 2.316018790366448921e-03 9.694442098956579379e-01
3.341694344236541547e-01 6.263142188799858401e-01 4.274881646495243270e-01 1.304404110041399167e-01 5.405849679105184311e-03 7.643239599267358242e-02 1.250253946582460252e-01
7.911793233789802260e-01 5.814890167979417379e-01 5.465017065785796047e-02 3.537083238100944826e-01 5.658315052384885746e-01 2.253118662876137102e-01 8.050227769259860056e-01
7.824930116676913627e-01 3.605039565141446856e-01 1.113676189441527992e-01 2.285492474585216205e-01 8.145084319746942469e-01 6.481841742846415899e-01 8.892457618430581467e-01
8.457958385415341729e-01 8.714974542977542704e-01 8.190932137755853049e-01 3.540197096418756795e-02 2.010903013738643899e-02 6.984129446661796470e-03 8.031661432827439384e-01
9.372654272835984068e-01 4.978056570649348478e-01 1.295993761147415935e-01 5.475187418323418376e-01 5.111082529462449564e-01 1.490475026155877250e-02 3.206547515727452002e-01
1.287697128395846324e-01 5.035053120096230073e-01 1.333827375992892583e-01 9.594149183850153584e-01 8.264265566146449249e-01 6.992572583945343423e-01 7.535242237773943919e-02
2.771196910943091174e-01 2.140892331188468112e-01 8.927231490573972472e-02 2.920937598901043528e-02 9.711097429207240506e-01 2.429685249059951591e-01 5.810800955788002486e-01
6.746111127472247393e-01 4.653747026204443915e-02 1.442293395116837074e-01 3.319685873521305286e-02 5.258176236011833371e-01 5.585645938483552175e-02 5.042731698220603853e-01
5.583455284010190312e-01 3.916414215884092553e-01 8.364556658219048091e-02 8.622609620227874583e-01 1.233937241331930640e-01 5.159077093077991671e-01 9.404295113450471533e-01
2.070401211447577550e-01 6.732799869995785835e-01 8.432904452055206557e-02 8.543554088211758879e-01 8.078891113023278781e-01 8.330063099019200390e-01 8.818951022332507383e-01
4.666628995293334858e-01 2.085741676655802901e-01 2.295599558326947287e-01 7.111589953515471407e-01 9.112697992462384655e-02 4.470004760539663669e-01 4.258917185766807334e-01
5.236802934140534216e-01 5.060078456515413325e-01 1.609771269955361239e-01 2.664519194200318797e-01 1.669290417129294102e-01 3.954229806946836512e-02 5.989814398724840894e-01
7.090024502017228114e-01 2.110599357950921073e-01 5.412102465170705312e-02 3.140230266103126167e-01 9.330750735222613779e-01 8.391193111497138313e-01 6.331916229765055526e-01
4.935999510693768189e-01 2.649416804086499044e-01 2.712524139330159123e-01 7.085891960467023409e-01 6.487503970232032513e-01 7.782531728532104953e-01 8.243120617734193134e-01
4.870279919390522183e-01 6.293375659427463686e-02 6.020220042648432024e-01 1.601922313512922635e-01 2.770263377273468781e-03 6.992866082777006095e-03 8.773335236892496614e-01
7.333960028402362885e-02 2.429802630827863907e-01 8.416626410406582992e-02 3.810728418280282526e-01 7.442368825131102650e-01 7.741613101541854058e-02 4.724805478324199393e-01
6.808733711009929968e-01 7.998230222250374277e-01 2.614599975051596359e-01 9.188796798194415194e-01 4.046801569782619290e-01 5.640880737955251689e-01 4.192240933305670936e-01
6.545908765234238758e-02 6.406511484354968644e-01 1.182695630935376857e-01 9.111181380497617166e-01 7.331181378304374441e-01 2.956815335273468293e-01 3.123767363120762419e-01
1.232222376944471787e-01 9.142193499701186665e-01 7.532128450201034386e-01 2.649650010366529918e-01 1.044424443938944853e-02 3.508651555023923480e-02 4.347795944900975651e-01
6.642550600003089833e-01 7.182470360460915249e-01 3.183496233188828350e-01 4.608024271967071095e-01 2.089072481034651985e-01 6.460147041173006088e-02 1.218798477564586868e-01
9.398673613391533843e-01 2.554979951801938376e-01 8.779303189092998450e-01 7.070705293991537757e-03 4.428259723998594771e-02 1.268484435061920101e-02 1.884145872829502411e-01
4.460543737741611836e-01 6.092472113908498077e-01 1.764964812653888326e-01 2.417347113079441889e-01 3.295414417604896479e-02 6.190293566376681156e-01 9.787204712838390996e-01
6.018513787780829238e-01 2.686437001899762977e-01 3.726305675808482820e-01 3.266358688580961803e-04 1.976421679554211247e-02 6.571586609252311195e-02 6.059823291083189511e-01
1.698034168254837772e-01 1.686477368651901898e-01 2.549050291074103636e-01 8.866083224491586590e-01 7.299352465022769243e-01 2.156256534619643561e-01 8.557777537052749794e-01
8.324292103105617180e-01 2.718494150039768575e-01 2.781157598844545831e-01 1.616613314446160854e-01 9.892576877596159779e-01 5.566015262825932952e-01 6.898910368765484025e-01
3.737104361490430904e-01 5.560943711450196947e-01 1.941965985906539127e-01 5.868150141164908407e-01 8.895656669904218328e-01 4.324760633855888603e-01 9.821387894077764358e-01
5.819841728401397019e-01 6.165573027074151558e-01 4.477145678342616675e-01 5.061918792861879179e-01 1.207091998750727951e-01 3.976976396157494431e-02 4.558568804220133330e-01
1.649696361989958990e-02 8.411596857735715860e-01 6.035005414989751404e-01 1.877619705995817734e-01 5.294582237357857435e-02 3.368301596239028223e-02 7.040301364824093078e-01
2.303953823992096750e-01 4.792835169781856641e-01 3.223839325142629358e-02 9.555849298526655211e-01 1.691846047748061799e-01 3.827203048469840496e-01 1.380862906073534180e-01
2.500680853670898540e-01 1.409243437625293249e-01 1.719575794514795475e-01 8.784422446114196203e-01 8.395286938752052341e-01 5.868380720685286711e-01 7.375810508164011292e-01
3.025134249650605067e-01 2.418933541399210518e-01 3.203275223106176461e-02 5.426740733726223009e-01 5.643673060122521568e-01 1.264948722353964605e-01 5.662408989115943481e-01
2.148957637548888910e-01 7.231755402953322642e-01 2.572304338448343497e-01 9.861262257057334946e-01 1.182704258418709742e-02 1.820673464878287129e-01 6.057400265548396057e-01
4.895475431669317201e-01 4.744359356831234775e-01 1.628895930359850197e-01 8.213739156555225351e-01 1.095044699781182185e-01 9.162418271362535727e-01 3.602782291383447300e-01
1.054736489428969026e-01 2.611547937263825059e-01 1.880241797499119238e-01 3.073553332275484329e-01 7.880397190421971620e-01 3.241388277251925909e-01 2.675941056457190048e-01
4.471382864910000143e-01 2.660430605646301183e-01 1.677825191070658750e-01 5.659017508223788129e-01 5.481603529920471563e-02 1.542309837352043855e-01 2.738248785247869299e-01
7.420708701989809919e-01 8.364693327116199395e-01 8.036539863402414330e-01 1.321619613687742556e-02 5.653316885668114439e-02 6.560532714742249756e-03 6.575255848229671907e-01
3.143822367759538383e-01 1.247318520809609504e-01 8.985697771288923830e-02 9.528216874019237448e-01 4.180258294312678147e-01 7.095950854426787968e-01 2.464406616566228447e-01
5.730126969849568264e-01 1.869420300342860553e-01 2.977666808924200881e-01 1.911445044166895733e-03 4.781955043652744847e-02 1.132082442546563511e-02 4.823964717163194416e-01
7.086498475847891054e-01 2.334673492529433791e-01 3.636196891261467279e-01 1.003624028484113688e-02 1.403054758342830825e-02 3.964033406999104003e-02 9.491581970888633979e-01
1.641028841918698300e-01 6.095103017806625667e-01 7.604791306049829558e-02 2.157241687306865330e-01 8.969075791463114455e-02 1.423058433629497688e-01 2.161886467780654575e-01
5.768729457211485556e-01 6.752174732408858238e-02 5.495965764502268314e-02 4.701247070854851495e-01 9.677794668121536548e-01 9.253911027624069918e-01 5.192740306873966372e-01
3.373626515035823559e-01 8.511021157865517051e-01 8.212016350980405610e-01 7.322702406249232548e-03 1.626425323492792022e-02 6.769168278967260810e-02 7.021778953415871438e-01
5.181900204569260537e-02 2.417103223467390039e-01 6.337853199950524430e-02 1.305843950803787235e-01 7.287225764351780155e-01 5.332798937737237566e-01 2.086572920891566485e-01
4.812929011532667833e-01 2.092099980756003119e-01 2.505536747534194419e-01 8.031599581996823334e-01 5.143848597018740865e-02 5.999503817922150484e-01 3.830734361519766984e-01
7.814597525979470882e-01 9.723851585132128328e-01 9.184055154563766088e-01 1.726221911340640458e-02 5.359230627894759173e-03 7.937128926907975612e-03 9.322293650389479325e-01
2.986820966161918833e-01 2.763399981189938459e-01 2.664136908828341199e-01 7.487326040904273006e-01 1.102552742673403585e-01 1.560047766085912169e-01 3.214525021345711053e-01
7.067467195538720270e-01 8.446491590469631383e-01 1.567304005595743233e-01 4.577351507847233769e-01 9.195266185257573444e-01 7.557897570800878873e-01 2.768125428790443876e-01
4.781690836421880197e-01 3.047403544735339254e-01 2.034207141884769310e-01 8.101231444354026756e-01 6.272368425437779837e-01 4.394479874258123697e-01 6.421934034989448814e-02
4.753454262942741759e-01 4.794547819529299537e-01 1.822677371861000650e-01 4.795091480995348765e-01 5.813290595411513273e-01 4.819204856319603270e-01 9.745263106648979212e-01
4.824710395834838628e-01 1.642244083991520054e-01 1.020564567615207252e-01 7.916835464027565106e-01 2.489236216589419681e-01 6.524498759580187324e-01 7.796643009587298501e-01
6.086953989086957284e-01 8.645299458489217326e-01 6.203942732669507354e-01 1.801641356821779422e-02 1.916175348436770232e-02 4.040743548116908224e-02 8.788392663517259340e-01
5.121286632787993565e-01 7.143693233068997700e-03 2.018207272763132831e-01 1.604611956015827567e-01 6.739667700852803867e-01 1.031456652751300274e-01 1.451940711428784947e-01
4.465066318640741883e-01 5.901995667644449606e-01 1.905225598735511006e-01 8.258789574774622055e-01 9.234789945250673204e-01 6.801253419024630431e-02 7.825711272165093435e-01
2.648633011020490313e-01 7.545447180544990751e-01 5.421786617966039001e-01 5.946607788521240945e-03 4.623940163819446197e-02 5.341878087938293357e-02 4.405381780696484562e-01
2.640309424444454156e-01 1.092060900144802699e-01 2.109741294182416460e-01 7.001834780665822100e-01 3.275613524473089955e-01 9.781587369457034331e-01 5.574247932317653031e-01
4.854950741065377495e-01 2.030465931188298601e-01 2.291347807395055503e-01 4.441932009362786760e-01 4.727106696817079401e-01 9.707158531298921977e-02 1.528245331683359132e-01
4.962160382471256237e-01 1.768811612094321473e-01 6.921759605489075096e-02 9.474858426233708775e-01 1.351726352691217381e-01 8.872016380612796072e-01 5.389182651957656889e-01
7.650138437616665898e-01 5.842308451158336746e-01 6.989434563396640376e-02 7.186709787169112129e-01 1.955270579505029027e-01 4.014224428996056998e-02 2.570858432363338220e-01
5.765757752585747298e-01 9.276715652178229021e-01 6.479760837304168186e-01 3.284461470032038269e-03 4.851088391867921373e-02 7.972510329674109553e-02 1.954104153838885916e-01
5.828554858850001352e-01 8.301587168522097659e-01 8.044040033350272068e-02 8.535477651755591921e-01 7.616599450791998738e-01 7.507591870456298278e-01 5.345849844603488554e-01
2.707919472094674207e-01 8.662789679818585498e-01 1.267685663994819745e-01 6.191143238274540161e-01 6.202062757075649246e-01 5.390806759439241702e-01 4.678196889020085902e-01
1.494656836012351886e-01 1.712803562755650100e-01 1.068947143656261700e-01 9.137031218183312431e-01 7.741302322120673374e-01 8.515693596937827514e-02 6.105879889419439932e-01
2.426376719410112126e-01 3.677272933337947247e-01 1.492504146193329995e-01 9.253818800112284526e-01 4.649280081385407382e-01 1.733409294934176725e-01 2.465626982910239517e-01
7.888400051737243235e-01 1.053058238633945709e-01 3.281228996735285897e-01 8.821820855441810938e-01 9.840800739702255662e-01 5.066858219314631651e-01 8.553129663041195707e-01
9.858403823699397606e-01 5.328634601539438131e-01 2.011931939931377034e-01 6.010853823914835692e-01 3.611383851929016453e-01 6.251868031562553621e-03 4.420688659389961361e-01
8.527716355116606861e-01 3.096172666082550040e-01 3.204384386750070979e-01 3.598564625457453814e-01 8.100374042131487373e-01 2.643477822120823828e-01 9.565659165308483258e-01
6.755188691187601346e-01 8.324791090628093082e-01 9.730703184109966430e-02 5.954218028759024062e-01 2.474020902212068218e-01 1.687660779333922112e-01 8.599179354404490327e-01
1.278220210514780242e-01 1.141634372759973981e-01 4.045251881749171163e-01 7.221172761023431086e-01 1.094326581075601157e-01 2.624701002106148984e-01 9.835608953690194722e-01
1.674552116918346656e-01 9.928875658333888854e-01 6.548971123839891773e-01 5.465538981011729830e-02 8.718619077094523495e-02 1.632521942872269469e-04 5.040341479645435996e-01
8.576058760781249957e-01 4.362857120814200851e-02 2.336200226140107972e-01 7.257549796036379119e-02 7.487140628803090614e-01 7.468534289147781280e-01 8.238031545478509132e-01
9.709514106737501260e-01 3.895632940945786826e-01 4.068627080666072371e-01 1.964612383837583964e-01 2.140453879597815634e-01 7.007548499720978041e-02 8.239518835216537163e-01
4.076008953362748599e-01 1.984496700624623633e-01 6.746998362975785424e-02 3.168326465018360683e-01 3.116141439770129806e-01 6.206621520271198289e-01 7.560855654281114502e-01
3.303501421351332512e-01 5.864979061643552649e-01 1.223836489731678079e-01 3.568764273647969110e-01 6.422007562143476622e-02 3.569584459280730204e-01 9.764646438061449496e-01
1.388408692801635924e-01 1.229446298444398372e-01 2.306284203077988704e-01 8.718089544300124949e-01 7.695401996863406868e-01 8.072678470135559170e-01 7.770295287154087571e-01
1.288813059273777317e-01 4.284460110970030877e-01 1.466728139708010081e-01 8.584871671438314422e-01 7.578339436143907148e-01 3.951361166772618394e-01 5.737380157631769562e-01
2.513040095987800759e-01 4.001753993285099842e-01 2.525708761306476036e-01 3.168470995142191327e-01 1.014463034671056890e-01 1.653294569080723808e-01 3.295972918969433119e-01
5.709481286033940561e-01 3.891094067418586766e-01 1.048686697177797778e-01 6.639129068031336400e-01 8.189023160626381914e-01 2.908891289787429169e-01 9.471391541029529071e-01
2.936040865598542049e-01 1.225242364201912793e-01 1.378849959097693534e-01 8.955140157535428358e-01 8.973530870216119837e-01 6.165072847271317880e-01 8.247597018304692051e-01
3.167667030344188950e-01 8.162350017387952350e-02 1.760344080361503916e-01 1.744540611231690519e-01 9.344570116481109023e-01 7.663846476264959406e-01 6.641835629054493317e-02
8.983378913619614048e-01 4.702147487158725991e-01 7.028836725419838893e-02 6.346993190758905001e-01 9.998840183802251147e-01 3.440655797671039462e-01 8.703886106650650101e-01
3.755974721099523683e-01 7.705032608468691258e-02 1.037363290901154589e-01 5.457751338323898471e-01 9.639055863968122306e-01 5.120683905189317153e-01 1.139776636063127985e-01
8.026353621997521781e-01 3.226292033249486546e-01 1.565038404111874504e-01 8.160309736703083017e-01 4.235947442664629303e-01 8.066538214984662059e-01 3.802980921754618437e-01
8.435899024319065687e-01 2.005664462247075119e-01 2.245731099362455740e-01 1.434877740441800609e-01 3.530354916818693733e-01 9.301967792070969798e-01 4.035069888989901710e-01
8.179425012615993973e-01 2.466285907079093231e-01 2.918314911443704585e-01 9.078972062614262817e-02 8.385971248443476744e-01 7.200686365075900097e-01 1.273088891175185866e-01
4.844997776573412018e-01 1.502594389685537601e-01 7.385065916885173720e-02 9.083914517906520603e-01 9.641194592376078898e-01 5.571265274707467574e-01 9.211447647805994787e-01
4.087756029188048812e-01 6.126161787000318215e-01 2.733170823400305482e-01 1.788901131354383653e-02 1.856621282017027474e-01 1.498032089128388533e-01 7.184321435972711445e-01
6.447346802329291249e-01 9.821131630860138739e-03 3.354892297169809745e-01 9.545336061335760736e-01 2.322890639611606967e-01 1.620705115132962948e-01 3.194020440652812765e-01
7.172920241283650689e-02 1.421161129118406197e-01 1.676519939997715425e-01 9.088960393177394348e-01 6.407004392468041987e-01 2.155864036406158479e-01 6.864784646757460251e-01
6.653516859825907570e-01 5.022874539036757957e-01 7.746714925806573449e-02 6.596008190010093086e-01 8.427486339995883258e-01 6.286115705894710359e-01 9.969199979816778523e-01
4.579992043645029209e-01 5.204683617639055404e-01 3.282090244361158815e-01 5.807047987106384035e-01 5.075844534768206850e-01 8.873770400462843710e-02 1.908403081248487565e-01
9.565304435249686321e-01 6.265648307936703132e-01 2.963306470316650482e-02 5.607179364877714622e-01 8.194271633365651786e-01 1.642825659680731409e-01 3.740180191206132210e-01
4.126899757825620019e-01 2.112361439882180503e-01 8.926943372505852237e-02 5.741650733975163234e-01 2.836015439805514848e-01 6.891680035474245791e-01 8.598285680469276437e-01
1.913220947427029250e-01 6.421381065509450536e-01 7.619729717834058391e-01 6.132639887108188442e-02 1.376032212731579107e-01 1.627987597454091245e-02 8.153840218846082344e-01
1.550794584769957241e-01 7.468624460439794444e-01 1.227480853077932976e-01 8.561818547638107013e-01 1.803374172113232921e-01 1.416159858131025018e-01 1.387393006134286788e-01
6.761747418958810041e-01 5.905334995957154387e-01 1.860002498997976039e-01 8.419826968157344549e-01 3.557933274959739767e-01 1.707708653835409152e-01 8.071173886390492491e-01
2.086637074494249733e-01 1.356777005773062983e-01 2.884170765275800297e-01 7.068885368470295694e-01 7.102992993668549859e-01 4.580429315355208364e-01 9.051032021465308386e-01
9.683967688412902231e-01 1.462805503683174413e-01 4.345154393638954171e-01 9.106839205361465517e-01 3.772807528790838028e-01 8.416422719282126153e-01 7.685727381919357226e-01
1.752658793127460091e-01 1.243829026371665314e-01 3.584424779729696864e-01 9.385731492866747905e-01 5.812250365070767977e-01 4.801431818911651717e-01 4.872690511814355974e-01
5.174290553779307134e-01 5.327624967668103118e-01 4.446196807512282634e-01 6.429806397567372489e-01 1.874913828719208808e-02 1.072290476604622483e-01 9.493041507291347103e-02
2.581823040406432401e-01 2.011875641560280648e-01 1.340339004785428834e-01 9.660101577222134361e-01 9.761794972848185648e-01 5.297000090811896517e-02 5.040661821967002965e-01
3.832335962440580612e-01 4.853485244547364741e-01 9.152671672080789356e-02 8.194057014953417539e-01 9.257475429031662983e-01 2.054001238101937354e-01 3.230537076305590727e-01
8.033820659210796356e-01 1.992605365360987923e-01 2.511981808458507714e-01 7.269218734209758059e-01 8.871461199086320137e-01 7.596644934577458930e-01 3.584012374273621293e-01
9.072081608394481078e-01 1.414972942305558201e-01 2.477058027962435460e-01 6.814204534903481880e-01 6.441122663183281860e-01 3.916986302279357179e-01 7.786395385254500923e-01
3.176497980796127441e-01 7.441307430230763575e-01 2.890310974791764076e-02 5.639048061496931830e-01 6.765950277879636543e-01 1.527391364091836568e-01 9.134939501919194793e-01
4.972492421106379790e-01 5.234724165026656273e-01 6.477542088053431235e-02 8.099250009404181938e-01 8.500838560502980146e-01 2.335049226216044105e-01 9.763342026359272952e-01
3.128606259973772397e-01 5.383771398430716726e-01 3.485873630786896077e-02 6.502325670390575185e-01 7.372698911200733507e-01 6.880866923316819594e-01 4.112411011230245883e-01
6.741828143398133077e-01 8.282305380237759973e-01 7.276652344501982617e-02 9.705785121412153771e-01 1.522893582712663840e-01 6.277642832408809603e-01 3.477043673184924133e-01
3.697050200439049861e-01 7.956366438635545726e-03 3.723498631121270608e-02 5.122219530107375435e-02 8.943298871682345830e-01 8.557243181526336118e-01 3.154574110411809129e-01
1.906906275183911925e-01 3.338039653955477554e-02 2.306191622162351573e-01 1.199585255973597692e-01 1.357355056130743198e-01 4.845497354472711460e-01 7.075593449315151218e-02
7.932917885663977042e-01 4.754419054594680866e-02 4.281906641053413454e-01 7.307263721645483878e-01 9.444080978428094353e-01 4.485489891949986929e-01 5.227769907564372431e-01
3.697308557439049070e-01 6.268465406264026041e-02 1.420827703736158298e-01 6.333507797929238681e-01 5.917246338224483315e-01 1.140599954308585753e-02 8.410421622001743591e-01
6.958897699985222562e-01 1.382030980856603641e-01 3.479954013644908500e-02 8.225244298800561404e-01 1.171859462509606542e-01 9.904652753254619135e-01 4.747945766459130135e-01
8.307134561355545843e-01 3.590138003160519564e-01 2.859986174729143849e-01 1.658586710387812413e-01 8.743569214759948638e-01 1.231074068728574000e-01 3.476343809674470875e-01
3.805103435590926897e-01 8.989721275175525106e-01 1.044542828331390533e-01 3.132541284319155239e-01 8.750816098790673014e-02 1.701587451052654631e-01 7.509403046979956642e-01
5.754829816912389040e-01 8.235900984174885364e-01 7.467350173956088799e-02 9.529275430390825585e-01 8.244886066680944259e-01 1.497789989211092271e-02 8.789432647247353847e-01
2.657804412353368950e-01 9.986696939594679190e-01 7.707941765383149457e-01 7.060532308388264844e-02 3.475197765034050701e-02 9.518025583685498642e-03 6.381727807495104488e-01
8.614387511024163002e-01 4.116935052611289669e-01 2.312770573492325399e-01 4.259647164853367918e-01 8.084234322546242080e-01 2.729869542002692495e-01 4.358851961468822589e-01
7.416467981843783974e-01 5.882117857665557503e-01 8.103985322483872600e-02 5.679579742975957579e-01 9.909669562261602671e-01 1.917553732000119027e-01 3.586300951259339120e-01
6.472719841649231531e-01 5.428126997786070218e-01 8.835600597108868026e-01 1.665757110293550336e-01 2.194572862263858941e-03 5.229339077213873699e-04 4.720088993169733182e-01
6.082798429014755204e-01 6.683975228525734780e-01 9.845509797819520514e-01 7.855412748000908940e-02 2.399066936222993968e-02 8.743641971095636109e-03 5.876227872376291739e-01
5.165185076569555056e-01 5.064265678602173359e-01 8.115128941540807050e-02 7.505890690860032022e-01 4.497136574059619751e-01 7.407341602530636004e-01 9.325129649798363785e-01
4.661716594214480591e-01 4.851915670653537127e-01 1.868094123076848578e-01 8.757030985591385264e-01 5.440254655232006353e-01 3.534193390643728394e-01 4.655789140330516829e-01
8.943740903272879850e-01 1.090487235518244336e-01 4.266457588632794340e-01 2.609011054330402646e-02 9.383206478775780734e-01 2.750318167275405123e-01 9.849980415400557687e-01
3.664227893505214162e-01 8.114231396145468178e-01 2.149763841676999299e-01 6.510197240710091648e-01 4.990620997606006748e-01 4.728528128043352208e-01 9.882312638668647731e-01
2.653094651166726381e-01 8.664141523198707340e-01 9.540903979593495787e-02 9.071470211383475535e-01 9.856312824680953932e-01 8.205395089476101855e-01 6.047161201846418255e-02
2.041666805422260034e-01 3.309020705056215372e-01 2.037270495334815024e-01 4.854640208686476499e-01 9.727945324643840763e-01 7.569863650312145253e-01 1.137802906994739571e-01
2.454851740845843677e-01 2.088298814961860872e-01 1.640092084660045579e-01 9.963805812726067579e-01 7.596882662078819903e-01 5.197959414905510833e-01 7.713248761160742539e-01
5.709387538022395736e-01 3.886471884848245739e-02 2.257826292159926806e-01 4.504750222816841787e-01 7.728716502767931651e-01 7.042851138083766616e-01 3.420529400624183064e-02
2.980909601210529059e-01 7.696532787974191825e-01 1.067343930681562691e-01 6.905212278491987821e-01 9.114450332352836970e-01 2.814475647936072814e-02 8.923340344178167793e-01
5.253480078065885239e-01 4.266531915581999179e-01 1.816124140948915111e-01 7.245258255912538914e-01 4.610541344600456171e-01 1.194380082607834070e-01 9.543238923410478636e-01
3.714551083313892277e-01 8.532287895565577873e-01 2.588765329160932493e-01 2.966427658450276339e-01 9.499006159127428017e-02 4.660398572802955386e-02 6.286608670895624806e-01
1.614817199978453022e-01 3.987861963412480670e-01 3.358623493054033737e-01 1.494412268812806699e-01 1.766749813352678222e-01 7.257784406808900912e-02 2.933491204591822665e-01
4.978846315870069095e-01 4.798984809091237924e-01 2.146407981672847631e-01 9.504357906648620569e-01 4.009041403507687673e-01 6.999786682123615433e-01 8.401181580199728050e-01
3.115397241618549917e-01 5.059010460768976342e-02 4.847160694033917916e-01 9.196205934682978311e-01 2.819121831837984038e-01 9.191296227297603150e-02 6.452798605506753216e-01
5.618815308283675591e-01 4.626724492736188354e-01 2.213613369430059152e-01 8.824176269882915147e-01 9.235623078207800818e-01 1.461552152327897647e-01 7.499499581926539760e-01
6.811250417005757507e-01 4.679933800412161005e-01 1.391330966927493140e-01 8.724682192862714958e-01 2.553370371303468334e-01 6.066389686346997621e-03 2.465183868082947982e-01
4.551067788662524483e-01 2.692258039101464995e-01 1.378372799505159230e-01 6.655174998637443107e-01 5.073728181233568835e-01 7.174161147342179579e-01 3.644533148649142240e-01
1.600770508678624471e-01 8.459770081533252162e-02 4.511045295735065519e-01 9.432241387977080560e-01 7.643409799480611611e-01 5.856727552984376112e-02 3.302190267651336497e-01
9.326972388296156380e-01 2.448597218661666408e-01 8.973776431039178769e-01 9.612275843578694731e-03 4.393531809191669746e-02 6.778848945492894906e-02 6.223470353119230358e-01
7.233216608139443338e-01 7.485171659119111975e-01 8.149468698045182480e-01 6.513502590558947758e-02 8.857572387004804260e-03 4.129537787561009254e-02 2.447045882877509904e-01
4.467520525023818689e-01 8.335492254603604767e-01 1.896007130014731312e-01 8.111783328569784901e-01 4.718437124786682424e-01 1.237692381613998138e-01 8.849394689418060844e-01
7.194317243635383052e-01 2.632243708314389863e-02 3.539401200245694823e-01 6.423971055213439918e-01 9.690788801698234645e-01 6.019665923612669278e-01 1.255602095745730895e-01
4.843681916824962852e-01 2.889048825404563203e-01 2.229932822074831567e-01 9.326239525871364844e-01 1.459427782346786884e-01 8.419015939276880411e-02 5.084598715591099882e-01
6.946533222936330798e-01 8.419748535214145735e-02 1.529002579887751012e-01 7.403410386521657172e-01 6.434578452894836875e-01 5.811338271642092490e-01 7.645318035040317151e-01
2.386878289888807458e-01 1.864319589415135425e-01 1.853491760555965595e-01 9.981159700206696517e-01 8.516319604820236089e-01 4.393307616411886163e-01 7.865021265266864958e-01
5.835322842981578439e-01 4.219454045540187853e-02 1.530070742396047179e-01 2.815320632903537956e-01 7.543107569590411510e-01 2.336686699173795567e-01 7.400892525049904691e-01
9.735610442290985045e-01 3.874477069485017244e-01 4.057767635895053737e-01 1.422877022492120280e-01 3.052199626555617273e-01 2.755817418369010258e-03 3.248546334575868055e-01
8.752076014527339076e-01 1.289258389062548915e-01 3.063054834890301392e-01 6.381296311793696052e-01 7.596435466742084142e-01 5.729413910804851406e-01 6.803077837775904912e-01
8.214549835326294680e-01 3.380811611164592778e-02 4.748650172635411892e-01 8.698623612465381516e-01 7.653885617852234091e-01 1.243036676059118412e-01 5.842075792169635351e-01
1.860335405941802578e-01 3.722478796859740036e-01 4.453262380611119897e-01 1.445331453021990176e-01 1.030583473317645687e-02 8.803275641326242795e-02 1.442264760526423134e-02
2.819156602789749111e-01 3.654885723604643921e-01 3.565496737672668032e-02 1.929278129935673158e-01 1.968673660830675964e-01 3.734550578182366798e-01 8.787157889824193102e-01
4.489830659390112166e-01 2.448296551375389041e-01 1.896259062889788793e-01 9.665347630166617465e-01 7.129717528523532577e-01 6.069477807098739436e-02 9.250271147927868753e-01
5.410534955989148020e-01 4.985065029680673665e-01 2.212679386613686516e-01 8.048299400433153172e-01 7.387142382157709797e-01 1.651418776299225788e-01 1.014903495602849787e-01
6.727101448517275317e-01 6.281146886440913679e-01 3.315036464918826864e-01 5.319035476282767821e-02 1.916386701546660826e-02 6.892442636417490942e-02 9.616706954343429148e-01
8.361767935743262825e-01 2.355904922669787016e-01 9.298835377553666959e-01 4.016109059238996415e-01 3.087167853038907950e-02 2.427859622760907346e-02 7.375719946531844595e-01
9.559407173280888292e-01 1.591677306513549217e-01 3.803437303608925291e-01 9.942709427437430580e-01 8.704952701898218681e-01 4.813074624851823580e-02 9.579564026686285261e-02
9.113366679853552865e-01 2.263028862191546753e-01 1.350136380987117246e-01 9.484964814367732311e-01 3.208852437254662293e-01 5.073196359507523012e-03 2.358920351209153332e-01
4.864910721486709888e-01 4.888575013616099363e-01 2.357584251322841773e-01 9.940583418376047753e-01 5.142798696419541571e-01 4.806253293946483041e-01 4.075647394666052081e-01
4.687917779821999531e-01 8.438223517604889201e-01 2.023230866530023320e-01 7.652185404873763641e-01 1.932824678903199422e-01 7.775714535903513469e-02 8.750945223210023771e-01
4.383359704855555594e-01 5.599014895590678081e-02 1.214660449111923668e-01 8.298757950038293529e-01 2.336221438316699317e-01 1.804586088327096993e-01 5.522005956038026353e-01
5.285323546045004317e-01 8.687538313874266782e-01 3.232031167232588681e-02 9.989426160170370439e-01 7.978572876580731776e-01 9.836855122026255671e-01 3.111582646702484301e-01
6.615913096514592917e-01 8.284612420049284331e-01 9.300765172834402073e-02 2.782557286953593056e-01 1.522440556015310364e-01 1.388611947800444738e-02 5.301399643251714089e-01
3.108768460279081047e-01 8.286095358735811045e-01 3.071394237796928883e-01 8.694417724140475201e-01 2.678354069971215501e-01 9.141123401800820003e-02 1.354743298830769216e-01
6.389465760618788515e-02 7.357210185218089338e-01 5.547399990660921709e-01 8.473119421043032173e-02 3.526297614494720845e-02 4.814420752005511839e-02 3.781649486307991914e-01
4.874541251450262846e-01 2.811841327955663661e-01 1.763076979038299408e-01 8.388647452514250702e-01 2.885982317155236232e-01 1.509716206423015183e-01 4.233334716490278482e-01
6.908882843767230053e-01 3.837198574324041100e-02 2.853111407504549391e-01 9.840659609622842696e-01 7.039819658647146206e-01 2.068323060928785317e-01 7.944727532438633499e-02
4.868821473229638097e-01 5.040187002494854740e-01 3.258083635146583057e-01 8.474216001055971947e-01 4.279630442467721174e-01 2.883861179065508318e-02 7.521790722289369013e-02
1.867014233420195846e-01 1.508810192718048893e-01 1.982136748964558048e-01 9.859100517716929968e-01 7.768876866318819019e-01 3.982294098656721237e-01 5.555554958660113840e-01
1.095450426667673172e-01 4.921662108745525899e-01 2.653775604046267889e-01 7.924057350145596867e-01 2.034075693277342667e-01 1.068015885679553800e-01 1.275046227996027293e-01
8.665846160400697551e-01 1.666918863169972731e-01 2.629594913163621483e-01 8.758300322622060152e-01 5.823920519564844689e-01 8.292247662391979413e-01 8.161635599287541121e-01
6.887499825195554648e-02 3.119229321418330314e-01 1.017480471051600555e-01 5.387755484130241079e-01 3.669343872932219752e-01 1.715150657722165350e-01 2.826369316409199639e-01
9.525689040942106889e-01 1.386735681417881338e-01 1.928397541562493211e-01 4.600246086949749125e-01 9.284408133903719884e-01 2.870330148374090201e-02 3.340139873771282297e-01
4.050948152481325670e-01 7.957002049792341047e-01 1.169382346640017306e-01 9.768718114329510982e-01 5.075921171939392629e-01 3.111766319909409773e-01 6.873764789443154166e-01
5.176663455111167877e-01 8.356076586211127477e-01 1.082398936036965409e-01 8.992491028146581966e-01 1.992040034025999717e-01 2.191661852181326364e-01 9.797941846061456461e-01
2.733389644014232456e-01 3.743857910883128248e-01 5.704521683280318334e-02 8.007558056243729849e-01 8.372865551962955788e-01 8.050169829341692340e-01 3.838806279945181643e-01
8.604872327439558877e-01 2.371768685796081244e-01 9.121860672594904740e-01 9.709744805093326395e-03 1.277125546092353348e-01 3.193785797879389321e-02 3.064719144773792592e-01
7.404100119035922356e-01 1.132002232602630221e-01 2.012773252554719838e-01 9.168432212995040187e-01 5.313897496109083463e-01 1.814863453570008389e-01 9.999931346024013568e-01
9.270199032028293429e-01 4.610218402574326468e-01 6.542599288272871183e-02 7.766967338555673672e-01 2.840014612606033273e-01 2.151915215776911694e-01 2.689188339244873993e-01
1.385299518475403557e-01 9.824603232370868744e-01 6.719283972506896463e-01 2.945620130528608244e-02 1.228659166644676531e-02 1.632256734105522189e-01 3.446126800771625032e-01
3.300794580434380232e-01 8.187075195109552173e-01 2.259695905413128814e-01 9.566803115602700025e-01 9.615519315831293490e-01 1.492369888842697279e-01 1.145488490489900840e-01
9.769509402272781307e-01 9.029815976794749316e-03 8.392805160635574691e-01 1.785340524703336873e-01 7.845591419052594384e-01 4.165878529269403246e-02 3.055942147221209493e-01
2.599983935017444736e-01 2.149772266571560800e-02 3.174524931755767221e-01 3.010740263217437374e-01 5.173279238144162101e-02 3.128333137359234351e-01 2.480786963448352034e-01
8.563343129064174830e-01 1.269930554135044742e-01 4.309601218994408844e-01 7.166845313474263790e-01 4.376941178388257248e-01 9.572285342053221679e-02 8.439672657701958736e-01
4.426538737558118330e-01 1.694630169005979237e-01 1.466440299624011678e-01 9.754029206867080859e-01 2.440733427154409829e-01 1.708676760359822272e-02 9.244162537595571605e-01
8.619157141218714013e-01 7.585732097818798612e-03 6.458985463774616909e-01 8.135762786814190184e-01 5.286655596588664130e-01 5.050312567756403137e-01 2.704480792122063160e-01
8.753576855546476576e-01 1.923214527141402785e-01 2.946472730017338226e-01 7.400227369211704875e-01 7.082746208286845313e-01 7.766290892372867960e-02 7.293820745752211954e-01
2.236917297296194540e-01 8.747268060282277213e-01 1.962309913554179108e-02 5.771069140382811824e-01 5.733551228494602192e-01 2.124912462002740421e-01 4.994635271668704801e-01
6.780862590964636949e-01 8.415170319936923216e-01 1.600674985160899511e-01 8.020027835007789152e-01 5.194446498572113241e-02 1.035507358626831798e-01 2.404709443516762357e-01
8.123932225350641856e-01 1.280273958018755542e-01 8.283313983381158929e-02 6.953252702581027567e-01 9.971662231238607177e-01 4.004161354129831540e-01 4.425570258458017547e-01
4.652348612430631802e-01 2.549088044180264911e-01 2.289375217813729435e-01 8.455522848639530631e-01 6.763099978141443591e-01 2.742802147035236504e-01 6.996529436776743882e-01
3.930542741974956678e-01 5.134232987706912610e-01 2.260971919595005375e-01 9.656364246358860592e-01 3.300324874730212188e-01 1.267500681635455317e-01 2.270659205975023576e-01
9.011336133346096178e-01 1.737868820015145144e-01 3.822396122993627077e-01 6.686235762645192926e-01 3.257131017524612648e-01 1.266661104390316428e-01 3.086441735250460283e-01
7.173225516574597282e-01 5.851328998063893838e-01 1.115971171052295846e-01 5.440519581957937723e-01 5.117082078369600273e-01 1.802049556603299019e-01 4.014395548659783347e-02
4.809451260021962993e-01 2.155143346337490828e-01 1.960692406749628136e-01 9.950019720346642282e-01 8.150849375299252797e-01 4.487231879550244301e-02 4.137954133313088700e-01
4.853035150379914620e-01 4.907865781163370800e-01 2.932146160853276728e-01 8.836634434511194680e-01 3.979993061740405569e-01 9.243035826373901739e-03 2.070433685706443705e-01
3.821414929166125352e-02 3.189060452243622917e-02 7.877873514193566296e-01 9.872904075396704560e-01 2.665293573040646291e-01 5.726376145870337719e-02 6.757288543555718396e-01
1.693747487374292759e-01 1.492485415122894385e-02 7.449681214001336871e-01 1.602292721412428567e-01 9.226808942595802199e-01 2.928398796752393340e-01 4.718509597117896970e-01
7.073595298031446488e-01 1.325988688013993999e-01 6.924098385558033475e-02 6.675580670679881479e-01 8.381316712684385717e-01 3.615357979175158887e-01 5.711591288746905581e-01
4.742840752741970256e-01 6.561608382142433138e-01 4.124376214581342293e-01 7.287018168525033479e-03 2.804924831769533417e-02 1.791166359439790370e-02 3.457576075028263030e-01
1.014587818463539987e-01 5.406392173885792296e-01 9.028459516478069824e-02 9.820672305059633400e-01 6.503650132243176119e-01 4.151738675913716620e-02 1.644889435790832244e-01
4.970767237241593417e-01 4.608326956615390047e-01 2.573291265845340514e-01 8.171822316740351422e-01 9.732696334624189038e-01 7.648566426119936257e-02 2.116903802118919597e-01
8.750067445476699124e-01 4.259040735914413900e-01 1.410901483627619857e-01 5.559462237378653970e-01 6.689249339644969261e-01 4.146107767741653016e-01 9.188879014140056978e-02
7.665598824973317571e-01 2.442993713582206627e-01 1.362231616498314479e-01 3.543963876373752986e-01 1.074782202477958526e-01 2.517763857201667579e-02 5.938640215002747302e-01
4.551140995071322193e-01 3.095057552347204588e-01 1.179046661166694848e-01 7.328875851868758007e-01 2.248316501457283401e-01 4.917249234515645717e-02 9.536801863785564493e-01
1.480930874699121769e-01 3.974863771043667948e-01 6.575851675706506638e-01 1.821473762963501941e-01 1.618006293247662430e-01 4.692971957974678525e-03 6.255888031172542885e-01
4.728594179051743840e-01 1.833087872328418022e-01 1.943941984091140385e-01 7.208355722338539717e-01 5.254475097317434784e-01 2.289324479984629346e-02 2.366388545939727972e-01
6.525659875071838645e-01 9.619495477874556721e-01 5.129705609175475578e-01 8.811942437192389621e-02 6.691911271015687362e-03 8.308793717983854743e-03 9.529806785186968332e-01
4.376905835263285582e-01 4.837353618967269453e-01 1.882229182384007049e-01 9.025589324938618763e-01 9.105361652814952800e-01 3.898591945606029729e-01 8.174566138506448310e-01
4.886251553953802618e-01 4.676228287781755144e-01 2.234260228269941417e-01 9.614268458097391390e-01 8.185950701705382304e-01 2.475552820870462190e-01 6.319626313912460880e-01
2.813204535441203302e-01 8.106304262494611335e-01 7.622119709772495755e-01 1.236754637078286978e-01 2.406671610647019219e-02 1.792134644658797613e-02 3.416306623040691881e-01
1.482112362895077751e-01 6.480421535992785254e-01 6.067597710238914477e-02 5.409762262728469440e-03 4.608472795493286089e-02 1.284665674896764455e-02 4.899516926679414741e-01
3.953915795171111802e-01 7.825461577346130015e-01 6.725102131198863742e-02 9.978199745193832015e-01 7.784074720686258164e-01 1.496896332815647601e-02 4.309459922637947638e-01
1.654193490409378298e-01 2.736699526737264021e-01 1.798403938500241495e-01 3.353935577242633803e-01 2.428048687456206278e-01 8.561530650070116322e-02 8.489592746785058486e-01
8.858879286979584045e-01 7.800197005639068759e-02 7.887430213424848624e-01 6.883615330163719292e-01 9.803630328375116942e-01 2.163894476452116189e-01 2.259359764539696502e-01
5.645486226590454848e-01 5.576601963175542576e-02 8.481720794051990087e-01 9.334080800100272857e-01 9.635361750400459613e-01 2.938873354454883957e-01 8.236966331724074331e-02
5.889000080633348677e-01 8.343784614544687006e-01 9.364482663029555232e-01 9.114387399205596818e-01 1.317212946765020098e-01 5.355365798233816532e-01 2.508830245769335665e-01
5.144603733086149377e-01 2.610131793338124062e-01 7.958415775738351128e-01 8.633299379044248045e-01 7.612623114269009283e-01 4.775077822271273087e-02 6.241673697208716121e-01
7.824142857469925660e-01 1.562134150364053731e-01 9.847905626278744551e-01 7.312063680598341886e-01 7.080325185151831180e-01 9.941971420996418285e-01 2.019003836235977456e-02
4.381356470217902532e-01 3.378716589320159280e-01 3.239644661484190613e-01 9.483407300006861940e-01 8.946086604261214159e-01 3.007484635107998683e-03 8.130987857452636192e-01
2.277695509481467151e-01 3.864537734845528982e-01 6.128400838108416515e-01 3.277856969900150297e-01 5.736053723674042759e-01 5.519854714445079358e-01 4.095311103835195254e-01
7.150739399043731792e-01 4.895457101346913920e-01 1.753097362514615398e-01 7.563884932527596971e-01 2.754217803861808700e-01 8.521949256605551581e-02 6.375382484237321901e-01
2.697006046815103586e-01 3.751452595439996318e-01 9.204376440259572911e-01 3.125880358124531466e-01 2.804331206781888186e-01 1.071803825377345420e-01 6.551167087862997951e-01
2.894865410388606231e-01 7.951954335799754636e-01 3.060083253136844927e-01 2.132820907130136001e-01 1.191731174335983606e-01 8.016812084450188058e-02 7.354834604565432254e-01
1.263775588639912406e-01 9.040614343372374573e-03 8.296903197690522758e-01 2.640198547528785911e-01 4.531592943849713784e-01 3.737058602344546787e-01 1.970895695589973406e-01
1.318499454586499753e-01 1.683323920751702008e-01 6.332241997230140251e-01 9.357707997895385876e-01 6.477959884379291822e-01 4.683575759728710319e-01 6.332879160247634198e-01
8.834033507576698474e-01 4.168638269917264716e-01 1.197411821132666337e-01 9.195863084093990336e-01 3.521808180691045065e-01 1.742071388530709308e-01 7.443850702850236534e-01
9.310518290890956727e-01 4.630972577521711431e-01 3.326995598195868209e-01 5.079628359640386837e-01 6.348792225436692416e-01 2.963938592653723170e-01 8.565500753767725239e-01
2.703849024096268150e-01 3.878480177365355441e-01 9.852269574620726722e-01 9.098331502945262717e-01 9.683365170594311344e-01 2.515682685817094075e-02 2.840338327054500039e-02
8.056575112739579048e-01 3.948785550562617375e-01 4.608167578183963164e-01 8.039281848970188937e-01 5.926554011003350997e-01 2.840455189599536134e-01 3.473281259425933798e-01
4.868512331258576520e-01 1.153539541389281553e-01 8.995347730996232638e-01 5.778875508307996789e-01 8.095779202244053618e-02 8.466149169587905421e-02 8.239501922018206415e-01
2.308105148956635377e-01 4.746789287623361941e-01 5.340357419493760860e-01 4.157246695440355300e-01 3.420925238820761716e-01 4.274837761776566492e-01 9.049930955329878179e-02
5.942611190147238931e-01 4.781734713124677905e-01 6.803085468163282412e-01 7.817397460471714465e-01 1.994250830024158205e-01 3.102740120034729737e-02 5.309985938923142967e-01
9.674076929523241219e-02 2.724836284274758658e-01 7.713654413840544954e-01 6.530008275104644266e-02 3.922087220615997349e-01 2.787840707908727511e-01 1.596877491215820399e-01
2.787889951053004189e-01 9.159795124203227168e-01 3.831318007558085492e-01 5.654927913588633226e-01 1.692710052490301320e-01 3.651351409541562232e-01 2.819498149335465942e-01
6.592966767305865616e-01 6.526907160882025605e-02 4.570520543460784291e-01 7.159840922316668133e-01 6.699369796647114406e-01 5.548741143408099097e-01 7.060628091035986431e-01
2.943596117917114396e-01 8.440471052202431768e-01 2.900939345462635877e-01 6.042236881778640933e-01 4.431603711776413990e-01 5.764618025800236634e-01 4.072893694051259450e-01
3.417462953821810423e-01 5.005721885813715355e-01 2.653252865602812038e-01 8.431589761998625754e-01 9.601085526707402451e-01 6.858853924473328201e-01 8.584330689730569341e-01
5.227594866743376922e-01 2.170738796527326431e-01 5.500921063731879501e-01 9.937499668466745484e-02 1.353097231396368505e-01 2.167253013341704504e-01 3.588431272100219838e-01
7.218605893007575824e-01 4.801514967439299841e-01 6.682427597523760143e-01 4.985926743841458952e-01 3.598968584439978247e-01 1.175716242838430042e-01 2.943840030432007815e-01
3.725490227400452548e-01 5.070393075449752818e-01 9.873951519732801496e-02 9.810661247242233873e-01 7.481019328729536788e-01 6.090366772561329745e-01 7.911188662579446973e-01
3.455137890130060563e-01 2.059689866572368133e-01 7.123856560375150249e-01 1.492137577641755863e-01 1.181515928188390102e-01 1.232635557940450419e-02 7.346098489727646008e-01
8.685341532669541564e-01 4.497634254926282660e-01 6.805803761728217438e-01 8.698648036047925691e-01 3.164918791953849619e-01 2.731086730344399749e-01 4.427370476951835165e-01
4.053122453831561334e-01 4.599583015787516715e-01 6.911098545255859316e-01 9.806571503793162226e-01 1.387919134489908612e-01 2.691299283116267704e-03 4.242552708884004820e-01
4.731821154101052418e-01 4.455455200030272178e-01 9.003718140252792157e-01 8.845555554827632116e-01 6.923552491386922858e-01 1.438891004237403681e-01 4.905951430501365174e-01
7.485405441740696775e-01 4.799505631770916159e-01 5.088562388425607041e-01 3.447389638567382453e-01 5.758393881048206042e-01 4.689472869634166985e-01 9.177996839184603128e-02
6.413986624269972792e-01 9.138950778888045579e-02 5.867322387730696809e-01 8.764355282382592094e-01 7.340913471434512561e-01 2.195376005533139774e-01 3.851439823914045713e-01
2.655320382004970892e-01 4.225942467621859877e-02 3.277612024660406242e-01 3.041030159283741180e-02 1.712729619885426935e-01 1.440164994009917876e-01 2.254330723126823921e-01
5.502972663921459340e-01 4.343132886826696071e-01 6.842960962241474432e-01 8.721524418345198981e-01 8.038433407257925545e-01 2.176991230478543260e-01 2.230117734582642008e-01
1.485722429751468177e-01 7.612281109534367873e-01 9.716885472814185132e-01 5.054411574848559630e-01 7.778300330504023252e-01 1.819462377405685338e-01 2.056904475637847951e-01
3.267214349651663130e-01 6.022585943545657461e-01 2.133006424762849962e-01 4.900587869608712954e-01 6.348400401092476608e-01 5.123589329265866299e-01 7.081092222027599026e-02
2.915655018574604962e-01 7.748748817233964692e-01 6.993241795100817448e-01 7.273173938302286423e-01 1.624497853467965491e-01 6.532096860772498848e-02 8.160545520963716770e-01
1.624373332270217032e-02 2.117959613321114820e-01 7.109617125841751761e-01 1.988961869692566775e-01 3.486873658638703355e-01 2.651097548096290751e-02 1.238876545934247675e-01
4.610430930040789188e-01 1.634249226520881615e-01 9.980927843020275247e-01 8.863421955230450511e-01 6.572824396622557463e-01 2.214888235354172952e-01 7.601321361172644897e-01
9.642126115439297873e-01 4.893001678487830519e-01 6.545581536888800400e-01 8.733797643258647270e-01 4.314268776994706345e-01 1.519033715426482967e-01 7.209546945764919723e-01
4.988561788089626581e-01 9.970080339828385485e-02 6.311174949212328134e-01 1.051936879489346471e-01 1.467357430814572941e-02 2.910920548412532227e-01 4.471602814373297208e-01
7.221499766334478210e-01 8.245551530523885786e-01 3.501908449550262259e-01 8.272087515192010354e-01 3.524506543363610245e-01 1.912411814705372859e-01 1.400982987465727025e-01
6.676941984451333356e-01 8.135511646343721592e-01 3.280385965881257304e-01 9.944565281785877620e-01 9.572653539621445162e-01 4.784968696516098130e-01 1.101306531942047723e-01
6.458334114978326879e-01 4.301017446357169316e-02 7.805782157354450579e-01 8.029441962711740821e-01 3.944551843520803791e-01 1.495411159648056820e-01 7.776737916335514367e-01
4.426081788469163336e-01 3.297930263650042382e-01 6.853512278074956887e-01 7.702119537226367330e-01 3.751944647394301890e-01 2.544845842505656375e-01 9.821933446617193697e-01
2.115742711562021428e-01 7.424011753356211107e-01 5.667937371846352157e-01 7.576187125667662725e-01 4.619622765106614626e-01 2.013449145799411089e-01 5.201944373229764329e-01
4.862083734975813365e-01 7.289169480082924313e-02 3.291950656707596234e-01 9.646606695908838125e-01 8.836108450608869402e-01 1.872812933835387716e-01 2.439904634694368135e-01
8.564218474335673070e-01 1.754248399369007227e-01 9.373740820872221713e-01 9.149571902374903365e-01 8.733973871587559223e-01 3.949923364029915840e-01 7.295902125557324203e-01
8.828686267111092167e-01 2.116302132069304842e-01 9.471560998833897793e-01 8.401391445859096585e-01 6.945674205411576096e-01 2.523544253048932706e-01 9.857894836847476139e-01
5.303242171661135540e-01 6.036083125341413363e-02 7.296526539766119424e-01 7.678320545202276248e-01 7.966583011023242733e-01 3.315524452612740591e-02 9.498843840402174665e-01
4.108056710470758266e-01 5.768626378852953485e-01 5.834636059741715730e-01 2.071052532723911266e-01 4.182785410741288734e-01 3.700426256851619966e-01 3.644904943603921588e-02
3.639256443248439221e-01 5.120574198763359064e-01 7.239116998913063261e-01 7.783906359831338495e-01 8.195362573893960612e-01 1.760734791332243532e-01 6.212384406299287232e-01
3.451350879880343836e-01 5.091859354351140343e-01 7.072614136223509540e-01 9.263658639884120305e-01 1.961651775954425803e-01 6.867536966966766854e-02 1.476101263540193775e-01
7.081087284597592513e-02 6.119887508662672504e-01 5.120443879545385490e-01 4.159982587396439113e-01 6.146648131738907672e-01 3.748598593435832627e-02 4.155122333192263206e-01
6.910597278567452983e-01 4.885420644943616053e-01 7.748955973873135339e-02 8.751283032754596514e-01 9.049862757791368173e-01 8.395986951044096536e-01 2.115505513682277017e-01
4.471281691316458251e-01 1.520269382002267522e-01 6.091060148045753797e-01 9.521745498158945553e-01 5.970403522886106318e-01 7.173769498022007640e-02 4.105238459585503485e-01
4.081516373648364504e-01 3.026872655854353500e-01 3.544012306080339680e-01 7.441409907344939123e-01 9.538953664133404953e-01 5.928458440348674356e-03 5.886688249039457865e-01
9.133538082677931103e-01 1.824809536051368863e-01 6.518765198915009718e-01 8.022372477300688809e-01 6.489204310465735981e-01 1.994709157203759242e-01 8.612149533676591862e-01
1.811706568678894402e-01 2.370957178361633444e-01 9.162236138451975709e-01 1.446007347749472538e-01 1.642646956430586780e-01 4.300878886198281764e-02 2.275435726423121752e-01
3.542676764369689368e-01 4.918221103725081145e-01 6.002085127549126042e-01 6.000592105245570185e-01 7.320208581924168012e-01 1.826036456925988760e-01 7.640919586178172851e-02
2.941135649332823898e-01 5.083476111775455664e-01 7.016389814109807999e-01 1.608124642442611829e-01 6.286842077684401398e-02 1.262481052603650344e-01 6.523143284019586874e-01
5.596203914809768643e-01 7.882555404840267677e-02 2.727416306482089992e-01 7.423082994837160165e-01 9.523910004465975243e-01 5.361357915938408381e-01 6.673057572938256854e-02
5.082436528286742305e-01 1.125584756898429795e-01 2.995851094661421410e-01 4.591941256632614890e-03 1.643725795622804631e-01 8.503593213839902298e-02 6.317642862438082041e-01
4.260234279567328142e-01 4.733574235332136393e-01 9.822932228984566638e-01 8.119433906427663272e-01 9.236463534610325210e-01 7.604853380841934962e-01 3.975197229920822140e-01
5.425419037045217108e-01 8.622096493654860527e-01 7.134636623184993365e-01 4.426160478911921881e-01 4.243498187442057978e-01 1.165377033975910498e-01 1.231696256765109215e-01
2.740190375155748259e-01 8.755830881745705341e-01 8.381259134548815215e-01 9.206779699051562682e-01 1.731920384301353089e-01 2.823574650957348942e-01 4.304491456753488099e-01
9.352798668742298149e-01 4.618704649709423626e-01 7.679756572172818929e-01 6.041181494924660056e-01 6.158289650881538790e-01 2.457701895841379602e-01 1.138967863267395519e-01
4.104333997370860354e-01 5.129207818339743818e-01 5.258507755752154234e-01 9.959155958802852204e-01 5.105375895706651956e-01 1.796503681566875496e-03 1.296807240871949984e-01
4.707825676205388277e-01 7.989488266211963730e-01 3.140351406198026996e-01 4.616445725447596016e-01 7.200406554677895032e-01 4.958333151175459697e-01 7.382293217434142685e-01
5.569389574471637072e-01 1.836599994008481784e-01 2.647971362442240184e-01 9.812363185101905527e-01 5.772125830790804102e-01 4.328344411331563890e-01 3.877270891135929931e-01
4.092923416649518198e-01 1.995444936025626559e-01 7.808490760288576693e-01 9.960196919940810245e-01 6.824947081253927017e-01 1.997626316643194844e-01 9.288484733713904262e-01
4.824405655364549239e-01 8.093150353174015654e-01 4.350894230529904205e-01 8.626848523818125836e-01 5.893653144141589723e-02 2.926321211008587296e-03 6.229570056876114759e-01
5.611251130095364914e-01 4.290027430541661912e-01 9.188608232327863945e-01 9.930485978561842675e-01 5.092476340580941452e-01 5.507800773125318822e-02 4.448605002439074418e-01
1.014368642050738761e-01 5.987053869236924619e-01 8.296355961551040714e-01 8.524247597467506932e-01 3.842954088344025521e-01 1.503519300452660010e-02 3.146292465846927122e-01
3.834546099091858951e-01 8.664108921102148253e-02 5.232849814505428077e-01 9.406097806203223000e-01 4.449253380246854239e-01 6.064011397951036830e-01 1.556665585891627568e-01
7.103927647283526658e-01 6.057477287068852023e-01 9.304406755708145571e-01 2.887013101150270183e-02 4.220995201759780158e-01 4.357318445929850986e-02 9.682456609731338038e-02
4.868381849114291615e-01 3.156537247349894826e-01 9.965632827815882333e-01 6.895656915581471758e-01 9.700091543360938040e-01 2.762954355485757185e-01 7.162740739685351243e-02
6.800541985647793330e-01 8.397624784070013559e-01 6.431921242281300743e-02 1.393031950104862415e-01 7.934833810904184936e-02 1.860327057071872736e-01 9.057630089492348935e-01
6.426482583035831864e-01 4.806454996909765298e-01 9.046011351987776061e-01 4.092943756784484521e-01 9.055380549290402425e-02 3.569211320492795408e-02 9.834952267036550788e-01
3.570325216394725221e-01 4.947492180826556507e-01 5.307504135346897689e-01 8.631167189123835071e-01 2.118625990860617814e-01 1.193533659670335534e-01 3.636970839556770141e-01
3.923851861324513801e-01 2.990251083654804631e-01 4.763638457498834411e-01 7.921617728038110595e-01 9.114233070703042783e-02 2.199986789467090753e-01 6.349081145237365220e-01
4.039993818890570410e-01 8.879645805324433150e-01 7.801334027190199860e-01 1.021742209757447173e-01 1.414974385457943296e-01 1.424993122099251115e-02 8.498469339769888498e-01
9.582069883696003876e-01 4.715266723275086669e-01 1.639377291404189307e-01 7.835257737133641820e-01 6.747857199232693004e-01 2.036697533792487108e-02 4.931496792871520318e-01
2.874873414521800230e-01 2.057915191058398430e-01 8.350630168141346399e-01 9.756733641648913657e-01 4.709321186938046910e-01 1.760443164759787349e-01 7.611888000892256256e-01
2.846396471565639796e-01 7.660838311660755906e-01 6.666236834132371891e-01 6.333679610568208052e-01 5.842348113455895220e-01 1.080921131104435329e-01 9.627141031097143919e-01
7.221399303834209471e-01 1.694888785893606808e-01 6.375606486902993808e-01 9.473109030296590349e-01 7.424971864144270794e-01 3.880117024819249583e-01 4.622953033875321638e-01
3.902881109974176699e-01 2.369397631856928199e-01 5.145983580461678253e-01 8.678215031394069801e-01 1.090032259538224468e-01 1.147731426129731253e-01 8.299802815650285659e-01
3.257610021399228728e-01 7.658457199299836260e-01 6.935066760946230202e-01 7.707284121994344428e-01 7.565089330851718641e-01 4.505987082169782831e-01 6.622062531476204938e-01
4.502238759595017514e-01 2.998507406766545147e-01 4.447573500503794186e-01 2.199293430808534622e-01 8.650232975875435382e-02 3.920364222970380147e-02 6.764528268504886865e-01
4.956731554683392882e-01 2.223432337892218558e-01 9.467285567885881381e-01 2.627217454292646859e-01 2.167435300185858310e-02 7.794555615179507568e-02 2.532737796599917601e-01
9.347226202750339441e-01 5.430454297270356223e-01 1.326944337612817326e-01 6.184720533547758414e-01 1.686051425441233431e-01 1.714237336550474278e-01 5.227150625522343219e-01
5.522259521460578524e-01 3.926729152516660326e-01 6.439812586931686900e-01 8.081870418250308719e-01 3.941593782583256433e-01 8.937276557814140265e-02 6.323709996309666570e-01
2.547746637533733760e-01 2.199067266408984145e-01 4.580137997165621977e-01 7.379463411059663525e-01 9.858685246631099242e-01 5.497877973715304956e-01 5.058505014116821963e-01
1.170306115742492797e-01 6.186610133621627261e-01 3.923381282948068538e-01 9.043876913679753660e-01 6.042885427405112475e-01 9.437698620356395340e-02 4.252383230537852277e-01
3.473860935580080356e-01 7.728810829923541403e-01 8.779656196748771846e-01 8.995374900460800793e-01 5.277330073177610714e-01 1.107008783148838611e-02 9.836477936264775845e-01
5.365991370845328845e-01 3.738274200686368953e-01 5.758021411430837011e-01 1.376736789777947556e-01 5.097633226233231479e-02 3.628860248241080888e-02 7.641871892603682159e-01
1.242726663936742082e-01 5.846724332005340807e-01 4.204638357804650339e-01 4.006752318941393942e-01 9.512922417362745797e-02 6.882132244329276782e-02 5.197886022160118635e-01
4.022305870028103358e-01 8.002450287797920891e-01 8.214372422372525628e-01 6.438583361236248637e-01 8.797531159955815916e-01 9.062563176612595250e-02 6.005681659297184005e-01
3.012991285318616375e-01 7.741272112143511297e-01 9.017514034974916104e-01 8.793331476458812190e-01 9.570145785983220632e-01 5.569074900384216598e-01 1.569147214611525953e-01
5.203444211087715487e-01 1.932319679126676404e-01 4.483081886377536240e-01 9.461383225211538184e-01 4.174853940780597350e-01 2.660736303468421715e-01 4.413950582614520335e-01
4.776228747233554617e-01 4.042978127789566001e-01 6.837652489797723110e-01 8.234058940827880813e-01 9.603040086099755290e-02 1.355909300285998986e-01 3.002483819099996398e-01
4.930145566507139199e-01 8.032719427068253371e-01 1.505471286048819246e-01 8.585740598607798368e-01 3.659844314231143203e-01 2.487782829105781301e-01 9.087235636945354411e-01
4.656067782548887202e-01 1.898947387286413491e-01 2.893708681558369578e-01 9.285310061939637816e-01 4.739803667554606803e-01 3.799701808302445860e-01 8.647809974447266956e-01
2.573762092821513803e-01 7.660583965015013153e-01 5.279879820823037972e-01 7.839773908574965144e-01 2.473160833521072521e-01 9.578835588188143457e-02 5.178257337692478979e-01
8.945844274222135573e-01 4.034392499307691282e-01 6.278399733723081244e-01 5.133265302251335260e-01 4.531061435939355841e-01 1.072467392629177507e-01 8.759115882026222710e-01
5.073362758862892674e-01 2.507648993886057442e-01 2.708391465110822072e-01 9.926829144670479277e-01 6.660825314714904355e-01 2.431721007806311730e-01 8.590021357111772282e-01
3.808169876479983174e-01 4.983662793593843232e-01 6.515975626731145276e-01 9.691293074331849278e-01 8.601181081265205641e-01 3.523373378376095655e-01 6.923174963671727689e-01
4.567328498573008377e-01 3.851723858035163706e-01 1.381846355089166034e-01 9.584040140805294428e-01 8.745454554800140556e-01 4.690139632136202108e-01 4.910155999509159264e-01
3.474607101568702450e-01 2.287381972011257869e-01 7.552012636707361448e-01 2.678445072365210344e-01 1.127213973995957845e-02 2.329446715430361428e-03 7.170331763588254637e-01
7.466260995769886943e-02 2.219084967705553246e-01 7.593129752365141982e-01 3.431761265445402165e-01 1.626712479975177261e-01 8.358401805789750227e-02 1.571987171520748960e-01
9.103245601255760544e-01 4.731840810753331072e-01 4.562511508079286626e-01 6.148092282932390296e-01 5.249701012324110572e-01 1.921484163072421925e-01 4.748055120096036363e-01
2.998638457006581048e-01 8.501133154167801464e-01 8.659540410236240549e-01 8.813075810905880436e-01 3.793835641811103554e-01 1.904841706112329891e-01 7.555781394442236953e-01
4.868283003514520813e-01 1.755924287323684663e-01 7.737885180108805550e-01 7.902968044721738750e-01 9.007521914159686283e-01 1.506783668758397005e-02 4.053089697564016269e-01
4.017177649147004592e-01 2.479825100426879259e-01 6.821381803752990525e-01 7.950229857120620913e-01 7.917326593496472054e-01 2.553474078306117723e-01 2.022506547781040553e-01
4.492115007619474909e-01 1.734531751956130963e-01 9.986779487100978514e-01 9.877677108569944409e-01 6.849711838808384412e-01 1.955575549646498545e-01 9.187341854534309959e-01
4.229706969558515439e-01 1.643626968594127380e-01 5.266343289814254813e-01 9.576991665008923738e-01 9.217601080288653215e-01 4.737633369444166909e-01 8.532667803946438756e-01
7.253644858945852425e-01 4.849090017358462790e-01 5.156927487827828172e-01 6.992961402547464012e-01 4.359741042318859283e-01 1.059898116287335545e-01 1.983115505922429245e-01
3.974136082826925653e-01 8.785398118288137992e-01 9.619515019130076006e-01 3.124996161361179997e-02 9.506026189394570225e-03 3.085212964498925542e-02 5.261507011010541773e-02
2.919330188142401639e-01 7.596775658374682605e-01 1.459415364984514504e-02 8.590331184095371109e-01 8.831823213529153005e-01 1.619168528191810008e-01 8.517886308591169353e-01
4.382167055725814109e-01 6.073132100614556800e-02 3.702113579600986304e-01 7.137300814366437374e-01 8.284589913435856934e-01 3.569981749583693575e-02 3.358173854308332817e-01
4.079127604231074233e-01 2.150872157195449774e-01 6.880464682589402733e-03 6.964939485922223561e-01 4.515558620190044392e-01 5.647854106831089877e-02 9.158319544421273939e-01
4.688501314751959415e-01 8.031319039455366848e-01 5.385653598886327442e-01 9.836355318254850211e-01 3.987473613353993973e-01 5.241423448918922784e-02 6.313795796751453526e-01
3.755984207143016063e-01 2.538001249856290387e-01 2.554683545615804574e-01 6.832974305256309666e-01 9.353211577461669757e-01 2.700618159064709367e-01 2.632784818353957057e-01
9.084613228835798360e-01 4.499238315901475938e-01 6.303201176647957871e-01 4.254325463207651037e-01 3.224679767351119608e-01 5.200078086032824259e-02 3.905678714768304749e-01
4.067316558017641248e-01 3.925401154178821406e-01 8.422552036995917257e-01 1.517076850931049770e-01 6.683298649223309504e-03 5.017294177315191617e-02 8.040736422376357773e-01
5.674670683251936687e-01 7.140802124803691253e-02 7.211723241210359348e-01 9.298836500862531773e-01 5.613213762356871195e-01 1.281597961510638484e-01 1.930112265404984040e-01
4.547975667000345723e-01 8.481952067761372449e-01 2.757955390012239993e-01 8.283147343631562798e-01 5.629037523772940643e-01 8.166848366556372918e-03 7.384365398241627965e-01
2.773888780552475897e-01 1.892190484819363250e-01 6.051349580249091309e-01 7.030617780131811489e-01 8.584371103716624818e-01 7.354676910192513573e-01 2.215254094926573381e-01
4.000852459118371396e-01 7.964893530879363359e-01 8.836990973913131375e-01 9.769007188112118767e-01 3.892853472049605523e-01 4.887277812726091922e-03 7.565540603948476273e-01
5.125406103028535831e-01 6.560730492941604930e-02 5.908134363919912424e-01 9.132860573930214887e-01 3.935406015477168618e-01 5.417803451736327158e-01 2.961477746173022396e-01
2.364449863455635459e-01 1.236919081325693441e-02 7.612029153850108365e-01 2.652232191293212304e-01 4.338647915048346460e-01 2.019378706672547152e-01 2.904092667437016551e-01
5.501258771244411649e-01 2.873964268268205252e-02 6.455314472922246694e-01 7.486902674304428684e-01 5.110360512473648420e-01 1.759168968572833724e-01 2.907055864744949036e-01
2.700787161347927845e-01 8.502293963622724604e-01 6.790969274161492431e-01 5.772595089054520789e-01 4.774202967949909282e-01 4.785029447760240362e-02 2.594763357019739813e-01
2.706239507600221583e-01 8.791872722120371852e-01 7.602142197416213998e-01 6.244880788516337100e-01 3.445335195898853176e-01 4.855222035661486274e-02 4.697927994459502044e-01
5.049925904079827221e-01 5.188918572874493540e-01 9.646489527091970384e-01 8.259754587890526523e-01 8.908774558769436691e-01 2.111191123950438564e-01 7.988697872984623638e-01
4.025419723972126218e-01 2.303446181789038372e-01 2.238894582352142851e-02 2.688920129973967899e-02 6.169344468662302239e-02 1.874746661331957442e-01 3.551206755442688490e-01
1.869171572121800518e-01 5.020346225191846257e-01 6.990211149920235734e-01 8.385302755704695521e-01 3.341844832655379571e-01 1.776038498666812071e-01 8.563698328945543725e-01
1.406246678089629054e-01 7.372718708391042819e-01 5.600895291298917389e-01 9.257170938932751669e-01 5.051885476748601000e-01 4.308165630969106041e-02 1.874695120797421621e-01
7.267029020729725008e-01 2.640632981950603031e-01 3.949446172629682006e-01 9.702921438004344923e-01 5.927090425737978618e-01 1.916849505162242784e-01 2.783144743583001457e-01
7.483918997585860267e-03 2.668847330576221144e-01 9.703447689467646908e-01 1.040636326499626285e-01 2.014990666389402663e-01 3.911766407978403692e-02 4.715681189905733817e-01
5.033261675709803651e-01 8.198883011907329710e-01 9.372448785452084374e-01 4.305811843897845437e-01 9.487089886952062567e-01 1.252648640222833731e-01 2.542002934784691748e-01
4.536690886874381601e-01 5.177975949697006808e-01 3.928428436912154709e-01 9.299568252096734877e-01 9.551237988541232404e-01 3.040238163472105959e-01 8.846111756191615827e-01
4.948916828368531418e-01 1.653228952271149910e-01 8.283577954114992314e-01 9.726089004768116997e-01 6.822026254589754757e-01 1.911611324262166012e-01 2.430240669891493566e-01
4.377667359051117812e-01 4.421570931002665739e-01 7.906281979805240834e-01 9.084737116718426542e-01 4.404508588434741800e-01 2.368806924148204873e-01 3.382561417744321952e-01
4.781077930577823931e-01 2.177936577717342059e-01 3.287392563716187155e-01 5.938340193738560480e-01 1.159077583790677490e-01 3.373947750115924293e-02 1.188865095828578466e-01
7.999255431658898186e-01 2.443706500114411484e-01 9.595008718613882159e-01 1.032156993669154088e-01 6.541278598644786335e-01 1.330296923241082729e-01 1.694452591903250205e-01
7.948676932483906832e-01 2.351895550897935561e-01 7.151016762197401899e-01 1.476064566290665944e-02 2.772495368693917439e-01 2.885016573660744155e-01 3.473100497440858581e-01
2.746976465122407118e-01 8.548147283565368237e-01 8.459052005351147541e-01 6.002221932556669470e-01 4.510187067472988809e-01 5.750710222060741866e-02 6.191124162286701926e-01
5.872706977216274327e-01 2.879213269390750729e-01 9.598851813980684433e-01 1.685226574581606407e-01 6.953044034114381697e-03 3.363275364320844618e-02 6.246514225236796669e-01
4.204248059440275909e-01 3.164548843402390510e-01 5.346960742454537341e-01 8.466411077805943153e-01 8.703772145071525523e-01 6.496201703348833401e-02 2.386510002956952481e-01
4.015514538815873058e-01 2.616282794404083401e-01 7.938344988138620328e-01 8.812920529156377247e-01 7.486112210927902133e-01 2.731286974484521957e-01 2.882333204057192511e-01
3.209493232662113393e-01 8.613248349651106972e-01 5.527675629468919993e-01 8.619284275789875771e-01 4.672511376624184365e-01 6.886027398861771509e-02 6.132445712777926383e-01
2.220823742977934834e-01 4.735705294512499441e-01 4.208438082907198230e-01 3.394173909053176952e-01 2.986840404845901853e-01 2.419107201948014207e-01 5.195086753316281447e-01
4.179920143859733872e-01 8.438878483930248864e-01 5.640314171640393726e-01 8.666287550799164352e-01 3.275972685835421006e-01 7.321340925660219101e-02 2.790934465532986519e-01
3.602182656185936027e-01 7.983092364164470212e-01 7.745676000659730276e-01 9.655542472363697337e-01 5.128559235327257992e-01 5.759393085457855527e-02 7.739884111789115950e-01
2.689612847154460029e-01 8.106031945031428876e-01 6.170806450718557823e-02 1.623510571254778156e-01 7.804718644190100987e-03 1.457918330671828522e-01 9.595839484423429600e-02
8.924398829998464455e-01 2.443797009940073817e-01 7.503070281764672167e-01 8.162294547296975455e-01 8.815463591095291651e-01 2.341427619273107608e-01 2.237993130181168688e-01
6.039242901188749402e-01 7.926809058918626860e-02 7.072275123692365328e-01 7.399301820105618210e-01 7.379686028912734175e-01 1.913860426729327713e-01 5.079655256631390170e-01
1.486996876440045967e-01 4.695242398660585681e-01 5.269921978770625293e-01 7.477521252780476857e-01 6.590669872679385533e-01 3.131989187421661547e-01 4.953891827111163160e-01
6.620410245536865190e-01 8.189262012002622715e-01 8.816889291028701114e-01 4.085607495230473840e-01 3.247124551319700014e-01 2.921074068450697087e-02 5.035764705690640719e-01
2.905690216948114135e-01 7.668563665571407340e-01 5.558890450023407093e-01 9.965563748016134094e-01 6.475108705246710450e-01 4.755394145908001802e-01 3.447177611397711505e-01
8.400567912248937397e-01 4.429434457165320471e-01 5.273493058975304848e-01 7.253970140158035873e-01 7.242533723688382441e-01 5.758276012488286466e-02 8.000285273025125043e-01
2.039988781206389101e-01 2.594965502400253254e-01 6.867817503347978247e-01 1.545398126781639125e-01 3.156517470430859618e-01 1.281468157906902883e-01 2.052451747532563764e-01
4.257250096240655646e-01 4.771579218005529976e-01 7.826632042195422745e-01 9.828746565468075014e-01 9.643831268371791943e-01 1.049999559915585495e-01 6.810543954865574401e-01
5.993416156987256826e-01 5.309335109610791026e-01 7.370017142236998109e-02 7.525149366922437855e-01 6.715695923659561473e-01 5.693688095422786422e-01 3.991860594230917797e-02
7.267860130348047232e-01 6.002613989760432478e-01 5.775339079498388317e-01 7.904555729638385042e-01 2.198545928622157863e-01 5.131432352215205273e-02 3.173449844536476716e-01
