9.680484360992462900e-01 3.120923275910016947e-01 6.281431903082832502e-01 1.765150182442646043e-01 1.935502716217420982e-01 1.864576266791238557e-01 9.590055942354820395e-01
5.520905984856063764e-01 5.221333904399076964e-01 8.828133960479435105e-01 3.344357007383793601e-01 4.201559460890976205e-01 2.383413710100509841e-01 7.826040478905467168e-01
3.365796890701571176e-01 1.652791591894575696e-01 8.748877804743688813e-01 5.127096832949229466e-01 2.707984993866427992e-01 6.401972564328584081e-02 8.026104957010871122e-01
8.273926178320065161e-02 1.094367916242298122e-01 5.596336162163921824e-01 4.529965090686260271e-02 1.675055592773108948e-01 5.456246297103504173e-01 5.511950901826699889e-01
7.731562617165343987e-04 4.327065896365711595e-02 1.832088878357421291e-01 3.933475244347414135e-01 6.930907644386308242e-03 5.851410322920743701e-01 8.034292247225277572e-01
6.058235241719782671e-01 8.144287059863171141e-01 9.959301926450379039e-01 2.084443605583035097e-01 1.047351751706413481e-01 5.222413345040821664e-01 6.390851331640050592e-01
1.559006014418565789e-01 3.700512272580649409e-01 5.036446438041108919e-01 9.153281568484685771e-01 9.396106119254703515e-01 8.747059623291553176e-02 5.640449439938870491e-01
3.848125660616925625e-01 9.692765663577084245e-01 9.133105710707480895e-01 6.052771399822081122e-01 7.715982787996518433e-02 1.346497108701617540e-01 9.484733687547077796e-01
4.006698343405041829e-01 3.848899877458888952e-01 6.073128084285270845e-01 3.424476311547600127e-01 1.202503406189866508e-01 5.888769131098525733e-02 5.231569931611987911e-01
3.021661275691007731e-01 6.388226186876764245e-01 7.372998400293138133e-01 6.471324626939344016e-02 1.779084750295923112e-01 3.746675894361699566e-01 7.669978596139321869e-01
8.500942856415245608e-01 5.672662277429263433e-01 9.452028765583679881e-01 2.261418844566800423e-01 3.509144273249078516e-01 2.408266950448839649e-02 9.183785986095878151e-01
9.816060153987704595e-02 5.640446496379408758e-01 7.238246547008784226e-01 2.150107445903889358e-01 5.897322593534933821e-01 1.109754001009685132e-01 7.055404635774975564e-01
8.732874506842919216e-02 4.660472420503662949e-01 5.180502883717346130e-01 1.388448445247678631e-01 7.162058988729231856e-01 4.246941455618280514e-02 6.134728839816465662e-01
6.555394254613406968e-01 7.479602838862156045e-01 9.463354603966775969e-01 1.381276044543660042e-01 3.948057141733973818e-01 6.730699772343701204e-02 7.625807691037047586e-01
4.232473092459094755e-01 9.895946940490367716e-01 9.241430846068755534e-01 1.598305361604934749e-02 3.593715997072989277e-01 9.260260658220154095e-02 5.941499771769522820e-01
9.071150810930661557e-02 5.588056914980763512e-01 5.874309084414444104e-01 2.040152577345999418e-02 7.588729338295002735e-02 4.243010012130338793e-01 6.134299002074851126e-01
8.695684441433106926e-01 8.260997621142172065e-01 8.680440900203074683e-01 7.569245205631958129e-03 7.011413132644507551e-02 4.739570815729619024e-01 9.526739737004543684e-01
8.836099533575929588e-01 1.319964199515569758e-01 8.275168264319561207e-01 4.110199171027628662e-02 1.429387228517516872e-01 2.330643130873404356e-01 9.122882430093536277e-01
1.310932938695647532e-01 5.546954266122380850e-02 4.799068453371724274e-01 1.323570593834841880e-01 6.568123273983303423e-03 7.639836547601364103e-02 2.772382624261571782e-01
7.157502738843765089e-01 1.714113900371413701e-01 5.988480971211289638e-01 3.413103369375996600e-03 5.483175730400535741e-02 1.973780279919644109e-01 4.324302449974626317e-01
4.212530094025228045e-01 6.826581821357452506e-01 8.902337870490888427e-01 4.004894047157872561e-02 8.112168237959727080e-02 2.883099770728745903e-01 4.759924130678518939e-01
3.036927053582916258e-01 9.220395349959833453e-01 9.223885440062469243e-01 1.923485119377079666e-01 4.096476386779901446e-03 7.542930751339221862e-02 4.635751397160821075e-01
5.608044477092430924e-01 6.678795248096229820e-01 8.729585730411763000e-01 2.859690615477683551e-02 7.751013615638596699e-02 1.845756868088606062e-01 8.256323732934385262e-01
4.224191924627006545e-01 7.402409633675366418e-01 8.211330936588573381e-01 5.845127035152897221e-02 1.409244992688627462e-01 3.831349776862672668e-02 5.575874350733369678e-01
4.351821731880451405e-01 6.228130053197702409e-01 8.173242733804424454e-01 1.486465179103799161e-02 2.077408455333864812e-01 3.600099106186771536e-02 8.868513557984583073e-01
6.895371150750075895e-01 8.607050970307416060e-01 8.144550351988886217e-01 1.418964056947258356e-02 1.572450756791403115e-01 4.846227918082862685e-02 7.049883374416643367e-01
2.024591483740132425e-01 3.652071237840780471e-01 1.012817635197058586e-01 6.389762334332513838e-01 8.297544449689437940e-01 7.567720647946032386e-01 9.164599090858125408e-01
1.852845775863558586e-01 2.464301315461914221e-01 2.061319484112384970e-01 6.970096037983977144e-01 7.324620578014934269e-01 5.802915312092413735e-01 7.044241281709933133e-01
5.710509493548259208e-01 8.638384684973550165e-01 9.247984967897093789e-01 8.709143578036547539e-02 6.797591449760284621e-02 4.841028051649429176e-02 6.750553762758406684e-01
1.590778230731548781e-01 1.290185680027358672e-01 1.180425004999025446e-01 9.291395628504210968e-01 6.526890754437804087e-01 9.765295134754926609e-01 8.481849437957484916e-01
7.081918124232486900e-01 6.138678260936978326e-01 1.032396876741154823e-01 8.670419537973699242e-01 3.484168782557404143e-01 5.605305003898726213e-01 6.498300647634160931e-01
1.115294968364420880e-01 3.031564941539288682e-01 6.215150253823029658e-01 3.774196946582490941e-01 2.189848378373994153e-01 1.446896679833175603e-01 8.221150317367296179e-01
1.544249836246040231e-01 4.348340096743248950e-01 1.061113666403255829e-01 9.186039726439971798e-01 7.907302067119308386e-01 6.196611304401806325e-02 9.483704032258080119e-01
1.386036395526923648e-01 7.547566094795740144e-01 1.053791291171068262e-01 9.836088439000612027e-01 2.813467368842755834e-01 1.975351913609792731e-01 9.069198387276298234e-01
5.848440588594039369e-01 8.209246329825972133e-01 8.017132943220603991e-01 3.004424965366747635e-02 1.208151102735580407e-01 6.616153477259138771e-02 6.453826132759710177e-01
9.062279239791926067e-01 1.711700336379480269e-01 4.760816826008970049e-01 1.878239713622156248e-01 8.848342924427798906e-02 4.310694293574490743e-02 9.697761795224897341e-01
4.197383544879527140e-01 7.954711614247540474e-01 1.329383582324546176e-01 7.651504002604030408e-01 9.067701158113146143e-01 6.633223227014508616e-01 7.519750349456388872e-01
2.190888472043512891e-01 1.938996715858788689e-01 2.184139153450852522e-01 5.198979033740838140e-01 7.870897105934789861e-01 4.358759424927673432e-01 3.468101208653164291e-01
2.342838997854473360e-01 8.750006969771972898e-01 8.772276683192294922e-01 6.030395076616068550e-02 2.532932067937032627e-02 8.664523581797681229e-02 6.797919479450389435e-01
2.986243887909232342e-01 8.692044186357759106e-01 3.246674090226520093e-02 8.595185912827423280e-01 8.159820510465387589e-01 9.860618276934562942e-01 6.919007525605782583e-01
3.596068358659332276e-01 2.267433361240200895e-02 4.974359429354795470e-01 8.240846622328861226e-01 9.075176563260684004e-01 1.518684119896810403e-01 9.097878428111304538e-01
1.469700046851481479e-01 5.543731387538377575e-01 1.361939243070651173e-01 4.807325918356406547e-01 8.940616784610520007e-01 5.636997194699140401e-01 7.127101066964369736e-01
2.039698186291476201e-02 3.501769969298008656e-01 3.412173583565337731e-01 1.021303477818582550e-01 5.777183779738859215e-02 1.433850638667855115e-02 9.005297318021495689e-01
6.277224854264731313e-01 3.501976610917068022e-01 4.881333397511078420e-01 7.970920817637505706e-02 1.880355824217900818e-01 1.351899878111997855e-02 9.969358135908324980e-01
2.464222213203333678e-01 3.541773064564625595e-01 9.620199376459820373e-02 4.112987919964655181e-01 7.924020174746317924e-01 2.750589139259645988e-01 8.872152321481504567e-01
4.323890579371219012e-01 7.917419201267024143e-01 7.495813120428929111e-02 9.938713118111434097e-01 2.666983351502276722e-01 5.308231078543586001e-01 7.393293154136357792e-01
9.790863451012561391e-01 5.108225275758354611e-02 2.930387418160402824e-01 6.225503631298336948e-01 2.412491698631309411e-01 1.664312681230357693e-01 7.809708300742470577e-01
8.364989864518324048e-02 5.711172466890772625e-01 1.970927442934268803e-01 9.091131065266775391e-01 9.374294887748100269e-01 1.853363120097304417e-01 1.974659086162695587e-01
6.865146426825474713e-01 4.710378874817972017e-01 7.689920417570967892e-01 1.211675526051041452e-01 2.720032411352102386e-02 1.114398646839659390e-02 5.087611407410905784e-01
4.208794861731406378e-01 1.177867657599760420e-01 1.607824817559839747e-01 6.625036439850789938e-01 9.505446538110342569e-01 1.685635644923522136e-04 8.587470238860230864e-01
9.068723268472990151e-01 1.083162932298853409e-01 3.314500417242051133e-01 9.845756576914088676e-01 9.757641511774317600e-01 2.282959876956862089e-01 8.830767795333627213e-01
1.336190084727801874e-01 8.780069946568214156e-03 2.578373427040899224e-01 1.545803415635037537e-01 4.591362692433758608e-01 9.704351433173805108e-02 3.488773411213173525e-01
9.508595807218456208e-01 1.451018547369325451e-01 6.576847958138281047e-01 7.147460693341800564e-02 2.806310964752138926e-01 9.952418207925917137e-02 9.547854682108976032e-01
1.918433733824853604e-02 1.551595707111026456e-01 2.273388993755517951e-01 9.625036118720569078e-01 7.346698571323148075e-01 5.197045857453534978e-01 8.872808997009951071e-02
9.007827085884299034e-01 4.570317737189075746e-01 4.270732138658650534e-02 5.855297841027959915e-01 3.511039728148481753e-01 5.858584625173772764e-01 7.116388855132573799e-01
4.651420951957332406e-01 8.334680217153354054e-01 1.378949978422440992e-01 9.204411539835035683e-01 2.529890913399945873e-02 6.389419961622220256e-01 9.156240249057672198e-01
2.956478177295071008e-01 8.846653673555753272e-01 1.024744149187277742e-01 8.019861273092114828e-01 2.045476783327271342e-01 4.737495360272168110e-01 7.585706475718745345e-01
1.199647723351024570e-01 1.291280618959660398e-01 2.190254020646232314e-01 9.608026725990339578e-01 9.067861968317758592e-01 7.964402799633729657e-02 3.860887522801767502e-01
4.483259597368522975e-01 2.720262300147512913e-01 1.442550210510769038e-01 8.445143407375838018e-01 2.094235223395417012e-01 9.673811551466942049e-01 9.499877332994859369e-01
6.775256607931665620e-01 8.157535941562148452e-01 7.749710848894336701e-02 7.895553447592917884e-01 8.886976124215729689e-01 1.693860947851537624e-01 4.575059722901648196e-01
3.672964132347990018e-01 5.079610048012372925e-01 5.772620814491463692e-01 1.143951183720102183e-01 6.549426729521229396e-02 9.279329574727929186e-02 5.662083509123254643e-01
5.151967262748724519e-01 2.493566356875305257e-01 2.786737470417439688e-01 2.278985593180941904e-02 7.393578431970876386e-02 2.878862987294524001e-02 7.183528872273772237e-01
6.017841223558855202e-01 4.943722551817988364e-01 1.165650605095267522e-01 3.091434324064372685e-01 7.592439597184990063e-01 9.965549409159857319e-02 5.231974212587209294e-01
6.989548359472252947e-01 8.774874940040151561e-01 9.800480096111567896e-01 1.061546706837752096e-01 1.617492484340926628e-02 1.087659718690564548e-02 8.478758373506848356e-01
8.540436942044880020e-01 4.027697304465409633e-01 1.215592245415253458e-01 9.091721882148893208e-01 4.444601769695276094e-01 5.506571881189419315e-01 4.038226088264234015e-01
4.644258916625680911e-01 2.399619705209599108e-01 1.589996315673132266e-01 4.913648303649158500e-01 7.487944474874619338e-02 2.643851975664879284e-02 5.784695929260523783e-01
9.089314562561545685e-02 4.513451003506755432e-01 9.799374270952310173e-02 3.352200647907256359e-01 6.957875891818817715e-01 3.742420131307274550e-02 9.817584697876957645e-01
7.981294322157428400e-02 5.366472944796177869e-01 2.451923877514692318e-01 7.217649368365024465e-01 2.059446620012517215e-01 1.196475795188334246e-03 3.904516895937020227e-01
5.318877507060344456e-01 4.681975523663093330e-01 1.330757738042555038e-01 8.482457481433933744e-01 2.071078614530139639e-01 1.730517101311250805e-01 7.865995304385345888e-01
7.166628074104872681e-01 1.161782036313381283e-01 8.309929414105690637e-02 5.874077901676297842e-01 9.804663332412155707e-01 8.673466641196631022e-01 9.805500629686085823e-01
4.418891312421961426e-01 2.181532275604611826e-01 1.166405148203524256e-01 9.223514655836608789e-01 8.299244336848605741e-01 7.138106976195579545e-01 8.588128846475440170e-01
4.908868153574723059e-01 5.112892178359751405e-01 5.565161822902586763e-02 9.527183364320407355e-01 1.581341185761908075e-01 4.650573792957561903e-01 5.208131149271915117e-01
4.571185955153124203e-01 4.672888640513330749e-01 1.253895272941181194e-01 5.337178950507777131e-01 9.280946585976446173e-01 5.354582973490114028e-01 7.137001838296628264e-01
3.326251774200015277e-01 7.862665206382044580e-01 1.081115999430659613e-01 7.870975164612685759e-01 2.968900436541868082e-01 6.781442675199793602e-01 3.668006568924986333e-01
9.038639357754074677e-01 2.064044208381294876e-01 1.087562583081440187e-01 5.271305602262831291e-01 9.436304238491497465e-01 8.454246929482454875e-03 6.298528955416481390e-01
4.621873343744573592e-01 2.794097144297649216e-01 1.522865182232619741e-01 7.090799941164491749e-01 7.245042995806729724e-01 6.087687583911449707e-02 9.772722633290422678e-01
5.217524250104611516e-01 8.497261165605898281e-01 1.104388162893352870e-01 4.797553298560001678e-01 7.192186718289578229e-01 1.766523354806661533e-02 6.179618200710215170e-01
3.221017883964689688e-01 7.974472267828525140e-01 1.679966576656819477e-01 9.704275728720883620e-01 8.682050817930666575e-01 1.005037779926482994e-01 7.311982532789189637e-01
9.881912169449370564e-01 4.834076328230065833e-01 1.246327751792734584e-01 7.761679938338179596e-01 6.879370834851853411e-01 1.522585279899220101e-01 3.267595614337687748e-01
5.093043804435888333e-01 2.239949290463781884e-01 8.423681094053150908e-02 8.916245610033417535e-01 9.244124173985931447e-01 2.073300644722921859e-01 7.335208015219856215e-01
4.254279890192737001e-01 1.443145195467332442e-01 1.967399966891235918e-01 8.146915517385975303e-01 8.515575775369965683e-02 3.671700568856922642e-01 4.892541432373874177e-01
2.291533040589879278e-01 1.647338087104499027e-01 1.293460137609159233e-01 9.821889223849997741e-01 8.500960393789946945e-01 3.548529874801100159e-01 9.029627225908609667e-01
1.179678643625203249e-01 2.694928326030563981e-01 9.927742391376708220e-01 2.948986419280983373e-01 2.002926913000013798e-02 7.631218773347439588e-02 7.946533077212658558e-02
4.600135112488636935e-01 4.949713010138196978e-01 1.230480707840557464e-01 5.294569651499150265e-01 8.222782418237248869e-01 5.060183002164786448e-01 4.708840562823735643e-01
9.463900943082583783e-01 1.388706068890959711e-01 2.617013356540893732e-01 7.212264273095490008e-01 9.080773886416597662e-01 5.881292075386908014e-01 5.182231572823878807e-01
6.964961755096086282e-01 2.299272340978930629e-03 2.264648225610303434e-01 6.914864654395700416e-01 4.029199725570554724e-01 8.612249887682743577e-02 8.342353907936621571e-01
3.283964298272823434e-02 5.529339694561946628e-02 8.530684302025106636e-01 5.541802677582969849e-01 5.719142487476269743e-02 4.213339832014636466e-01 4.507485718175686940e-02
4.831374490364112040e-01 1.950526287149170201e-01 1.366337089209075928e-01 8.313582035596189801e-01 4.555108683630166855e-01 1.858760838532957926e-01 9.825763742863737882e-01
8.071396572964817384e-01 1.190977928109226702e-01 1.940092525610163099e-01 5.967715488431148962e-01 5.487646057320960669e-01 1.423074328032507274e-01 9.015770045126665355e-01
9.792483093372937875e-01 7.120632707780405468e-03 5.326414537642845115e-01 6.535710856384454592e-01 7.981365667384558993e-01 5.105561483407972112e-01 4.130984678106122132e-01
5.442849383352665882e-01 4.280573274560775521e-01 1.105083940640483736e-01 9.906747912425655223e-01 7.073513567670306479e-01 4.743602686294318138e-01 7.017365485216151555e-01
3.349380886984437700e-01 1.863426170429583750e-01 1.754233616762881642e-01 8.164913891121383660e-01 6.741097730334113525e-01 1.003371736853697627e-01 1.868338419253712246e-02
4.270526047875052855e-01 4.705118606401467174e-01 1.134239385894326019e-01 7.401075420919438486e-01 5.183963216917977235e-01 1.553121023175469406e-01 5.686870122819559503e-01
4.811040685452456778e-01 5.185168959520212173e-01 2.134671910966829955e-01 9.440389221364369199e-01 5.875478002091820695e-01 6.914199598761544552e-02 9.033735919466006070e-01
4.023155656864655927e-01 9.464363255522076912e-01 8.607493302260214030e-01 2.156484980352507130e-01 2.503914333290668814e-03 7.154237626899573321e-02 1.835852165305981165e-01
9.679305533350621715e-01 2.470654597679645681e-01 6.981691337511074513e-01 7.400328446362788304e-01 1.609181998089528332e-01 4.304480999128934560e-02 2.442825155096688405e-01
4.703400011825057403e-01 7.958460655223880131e-01 6.695973087610788965e-02 9.466859877135309631e-01 9.668024933122121300e-01 1.306199910051240864e-02 1.141216137076164205e-01
4.196733688312019872e-01 1.966094489714449445e-01 1.158616365880277277e-01 8.491878716743058719e-01 8.985664576921166269e-01 7.073267124377613513e-02 3.061828345564861498e-01
4.087191359188642181e-01 4.726044344360211258e-01 1.473201548966591445e-01 7.236579871621207083e-01 8.854207360862607068e-01 2.335861766694811159e-01 4.043868117373920490e-01
9.951013433270219366e-01 2.056801979415887605e-01 1.666626448862792986e-01 6.906619861005882655e-01 4.774670564928820138e-01 7.672520448669103987e-02 9.453223261073291361e-01
