3.444974531908493766e-03 4.900214449365955516e-01 9.959192134093149962e-01 5.474542403563105175e-01 4.256979786162943813e-01 2.729824719116404341e-01 9.636840969507469712e-01
5.929761487295812650e-01 3.038811011195250225e-03 5.688022362333584603e-01 9.235954785733820060e-02 5.261117145422480323e-01 3.367290575055982838e-01 9.379881246788434046e-01
8.879310086334274432e-01 9.794584070998546554e-02 9.494064065898634164e-01 2.978506361368260177e-02 4.188765958599570127e-01 1.096762827596558104e-01 8.287342362748325586e-01
5.209936625405309218e-02 2.146854967447553615e-03 2.283590892143941564e-01 6.579188200930770059e-01 9.359373009604231297e-02 6.233094612390065459e-01 6.589403268465333641e-01
8.525981723590887462e-01 3.042503891912376468e-01 9.207588176986852835e-01 8.437915992933006093e-01 7.995606756376089086e-01 3.413934393496022204e-03 9.378803188483352260e-01
6.143424867738547235e-01 2.351726157576501663e-01 6.536201125799202538e-01 9.962524710350258994e-01 5.138672282508337519e-01 6.266757638192045621e-02 9.392853921713130161e-01
4.694512229257652436e-02 7.786708530273757020e-04 3.402841435961828642e-01 1.468860625765318895e-01 6.612430325542774101e-01 5.326442894583137688e-01 7.505877920027298478e-01
4.106548270621653840e-01 2.284484318466021291e-01 2.440018591922711033e-01 7.017460188948818622e-01 4.095386196849258309e-01 2.666806445768371732e-03 6.298386678459840793e-01
8.439615501223810545e-01 7.865437668957022677e-01 9.824627067131123104e-01 4.839610120948268368e-01 1.445530452072280314e-01 1.953794423855591961e-02 9.953110185486647721e-01
6.376518926146594601e-02 4.418943457772782080e-01 8.111730344798387948e-01 2.593877094651898529e-01 4.459588074344165154e-01 2.194096413386622223e-03 7.687559283505138730e-01
6.726420464814924713e-03 8.308297282388349414e-01 5.366694229525497128e-01 2.120318318491346554e-01 3.575269342727296906e-03 6.622677559001879932e-02 9.325534636592673898e-01
9.153674029223149988e-01 2.342290227975392380e-01 8.683554612066703982e-01 2.583730260652417066e-01 2.964904695996872230e-01 3.915605818021260925e-03 7.728543528092389758e-01
9.230911789020436187e-01 5.904701013642145169e-01 2.834159414754863215e-01 4.959526020146644010e-01 3.112730441361510197e-02 2.508998828805455994e-01 4.611833713119591893e-01
9.055564727337154229e-01 1.752312571198992308e-01 8.641282889098685915e-01 3.239228222344811212e-03 4.608670964282480381e-02 8.978939312795305300e-03 9.976923383540216017e-01
8.324130018258180108e-02 4.279753324594580688e-01 7.715031776968109822e-01 6.746977226936721195e-01 2.349950797344167452e-01 1.911583100577467914e-03 7.143718871766741030e-01
3.670312178324816044e-01 8.790447205636833239e-01 9.609102490726452173e-01 1.651458864154865258e-01 1.203397334251108362e-02 6.465957464278677957e-02 9.998565512726883542e-01
7.578224418603454193e-01 4.025577250529657758e-02 7.175695328242587268e-01 9.206449272716357157e-01 2.509865470486353778e-01 3.653135111924750433e-02 6.362391467181649496e-01
7.446482973369229486e-01 9.687778840033466343e-01 9.975582925763177844e-01 8.096688206033523030e-03 2.247939095905868330e-03 3.421201077997916735e-04 9.972073638091066838e-01
8.544922598332583830e-01 8.970255251060393897e-01 8.929813561419231993e-01 8.681660449475436803e-02 2.846785493472028111e-03 1.013983986938686360e-03 9.995167167477487791e-01
8.395001419761231043e-01 7.119996247668616274e-01 3.720575850100162896e-01 1.376594647254465167e-03 1.794198868536307084e-02 3.166725627380541086e-01 9.835862677417200883e-01
1.120991532369571692e-01 9.974695255765941848e-01 7.921537472676042357e-01 1.595560209830181389e-02 6.620829114797691095e-02 4.624838918376788718e-04 6.653478868222920672e-01
8.495786370613824801e-01 8.595386203558738059e-01 8.144601457273324963e-01 9.773230055815179673e-03 3.899792085709850257e-03 2.695656107750943851e-03 7.758255774600907317e-01
6.157434870904563429e-01 6.733355702548154964e-02 1.403242594801420162e-01 6.524556159957772827e-01 9.217356508663165915e-01 6.571850520187618727e-01 7.187456976228409067e-01
8.233511967836657508e-01 2.789893586784173429e-01 2.881535682774735707e-01 9.654149419087065809e-01 9.971293479914208335e-01 4.122059058382390728e-01 7.920983917310262523e-01
4.295360839550025900e-01 5.634646109147674505e-03 4.397031195987539665e-01 3.090383633000013952e-01 3.723986063649214473e-01 7.742709301957703162e-03 9.425542893819873758e-01
5.709830012350762818e-01 2.510225638427649453e-01 6.050641715952062016e-01 4.181645349686246016e-01 1.645873428928065485e-01 3.793788608246376204e-03 9.280692793403336749e-01
1.255435222454846234e-01 5.004550029210845796e-01 8.058968057701876297e-01 3.943770685395781017e-02 3.516998970653887335e-01 1.639819441712526624e-03 9.682251083625083021e-01
1.928623674772237673e-01 3.964891551035721884e-01 4.745889091280475203e-01 2.544775051358567075e-01 6.685552360578143893e-02 1.431619086403757360e-02 7.044138535561168535e-01
3.791994793374648398e-01 9.128910718224937659e-02 9.604442407886789601e-01 4.270784020467521813e-01 2.223022660367655889e-02 2.414241671133722945e-03 3.427721164202384707e-01
5.165108840984097283e-01 1.204680151135283234e-01 1.347915102661337294e-01 5.445479828880454148e-02 1.161274613932158500e-01 8.466467223296351985e-02 5.677482229010357706e-01
6.407609677487164923e-01 9.535096883170820492e-01 9.652700374734580757e-01 9.511148686587539425e-02 2.867796849169716895e-04 1.113172377915989681e-03 9.580511220188183685e-01
4.465630960884355849e-01 1.790419578329067729e-01 1.409661251628003820e-01 5.275304258741956298e-01 8.004419220049018291e-01 3.157680062684156685e-02 8.132468076624360664e-01
1.745868040072049571e-02 1.587428805927169617e-01 8.120213462997247778e-01 6.528684268357397291e-02 3.215196184217103959e-01 3.729699879805161399e-03 9.656916047181572926e-01
4.400517535514286011e-02 4.708590202484480569e-01 8.899050585273740044e-01 1.018213374061743698e-01 7.810387013725625036e-03 1.244386773444410843e-01 9.743098857215815034e-01
1.743474175914034585e-01 8.379473317992566228e-01 4.232001805915945880e-01 5.743234890429737005e-01 8.710245014042985456e-01 7.953338455777982929e-01 5.027786087477028598e-01
1.091286094462641659e-01 5.223442480755673412e-01 8.888782261214102087e-01 1.125735049113923136e-01 2.077022029418078633e-03 2.350654869888504223e-02 7.112598954253449568e-01
1.462637301005223212e-01 4.034216183442138615e-01 1.454319287210426304e-01 4.667265455922776085e-01 4.026823348586853202e-01 1.813171302458602141e-01 8.299287138053844659e-01
4.434075877439069835e-01 1.763859582562757877e-01 1.477416846851214716e-01 9.989226217714495260e-01 1.733669074775467112e-01 9.081143739025553108e-02 7.008850821893691796e-01
4.071946479007667041e-01 8.174864150739912239e-01 8.992549380451752006e-01 2.122861406387317219e-03 8.478014323442333022e-02 1.111461939576605940e-01 9.904733957208278206e-01
2.194055898986698328e-03 9.534818172809443881e-01 8.999184640215567299e-01 2.556160340139231879e-01 6.356932386257754808e-02 2.034716630014300059e-03 7.002479787109602283e-01
2.900040372371300301e-01 4.278957005260596545e-03 2.759713909485919103e-01 4.029288921168991400e-02 3.050213080297508039e-01 2.064503534483589364e-01 5.491643456512860233e-01
6.551505296367524656e-01 7.831554545271994794e-01 2.145611915421955507e-01 7.693742820196075582e-01 5.485318425341587645e-01 2.023319000322739425e-01 7.640512449897384206e-01
4.867795338070873834e-01 2.146033600710745559e-01 2.517621157605212101e-01 9.998109047622798506e-01 7.927666830909655404e-01 3.918901075481021623e-01 6.829806114914203086e-01
6.942985093713369693e-01 1.750029781358973524e-01 2.797653491522744118e-01 3.439368322079164059e-03 3.170525862908126456e-03 1.291814698080750445e-01 5.642705819246134347e-01
2.216903960671769702e-01 1.678709812263010637e-01 2.246413613658143071e-01 9.538095191689478503e-01 8.859860026355333984e-01 6.073968058536490799e-01 6.478323525459498411e-01
8.938448197798520845e-01 2.783340460801055904e-01 7.369746733454674015e-01 1.090447724476517437e-02 3.490078116533490947e-03 5.001562283783053675e-02 9.082448736427690683e-01
8.217240599569253234e-01 2.065931674129360684e-01 2.999771434435175577e-01 9.929131373467695587e-01 9.961391345599890368e-01 6.581042889875016177e-01 6.590155136772031241e-01
9.581280602923236689e-01 2.913148478948510700e-01 8.204005123773855379e-01 3.894583040442071292e-02 8.828252620846537002e-02 1.408684554499153863e-02 9.065616560915636946e-01
2.254565004237874815e-01 8.109526681389265246e-01 3.513484245712483744e-01 9.139564594465047209e-01 5.291037868056198690e-01 1.507727084408073959e-01 8.381092408108213876e-01
1.117655540732471059e-01 2.694327231172191639e-01 1.910067602320086877e-01 5.368582714636871422e-01 2.598112232700894864e-01 4.463657725130419363e-01 2.941727659998150668e-01
4.861089583007131149e-02 1.500062194382842107e-01 5.931315506064240850e-01 4.201464142023350612e-01 5.072297714622976406e-01 3.456692723279695609e-03 1.660923828650024414e-01
7.229184768242524761e-01 9.717026770361154586e-01 9.171851275693102545e-01 3.228184096973727053e-03 3.055715161970666560e-03 3.583001989475786964e-02 6.005991700480818318e-01
1.765017527276517006e-01 9.942572054000030635e-01 7.019735149661908702e-01 3.185121796605770456e-03 1.480955245854920135e-03 1.060782742295202780e-01 9.978239483247379749e-01
2.696183325493726191e-01 8.619611132405893272e-01 1.148574182740566552e-01 6.089848014038183877e-01 8.546494128490740305e-01 2.015965490654008097e-01 9.668622245963771622e-01
1.314952076756635002e-01 5.121659872284763937e-01 1.810343732621244595e-01 5.107993091606926050e-01 4.931735570821519921e-01 9.364663684611210237e-02 7.988963011092777844e-01
7.529177978484284939e-01 5.677171726456323730e-01 9.493682892238627380e-01 8.429874604978268397e-04 3.586311673346217772e-03 9.821378278846559784e-02 5.069916529639271197e-01
9.948394927377646191e-02 5.893293247116954126e-01 1.241119660690192250e-01 9.778044945689331469e-01 3.651852548736345128e-01 4.092510225489508907e-02 3.571347447408739773e-01
2.430161689355442578e-01 2.003943603441620813e-01 4.813322835581001491e-01 9.972900353800727702e-01 9.108259097119948411e-01 1.333151899894121084e-01 2.145916061658597607e-01
5.480786836194733169e-01 4.075084794456537013e-02 1.707621501127240260e-01 8.168555389978530146e-01 8.685034415025617571e-01 4.194422129725659532e-01 4.799469872115953994e-01
5.954669917333204054e-01 1.440495750380336171e-01 1.543525034197694434e-01 6.131754119377674783e-02 6.459371892459554601e-04 1.874701147863782735e-03 9.361086464032917220e-01
5.420031656578065959e-01 4.902184760208196934e-01 9.664091338881783955e-01 7.513362334424871225e-01 3.897408608810492246e-03 2.204670414593564928e-03 8.328796734342376260e-03
3.514937061741376656e-01 2.210597422072048124e-01 1.152951643885289784e-01 4.377275581543130789e-01 1.818166873215757914e-02 1.130317047980518852e-01 6.217990918958362645e-01
3.333815984479290284e-01 5.555627611139080102e-01 6.851741868751275444e-01 6.924363380515476951e-01 2.436420373927171146e-01 8.431754800252627691e-02 4.525575790978195179e-01
9.761397398210778231e-01 4.300094513745507689e-04 8.718916679217956212e-01 6.434966254293378318e-01 6.496276006789016844e-01 1.876763277054692147e-01 8.043045596208988623e-01
6.091098418384534134e-03 9.133407536569850826e-01 5.419342849869044354e-01 3.994766214590939057e-02 1.452663416254585359e-03 1.262372975200287380e-03 6.459679043879305027e-01
7.713483853364118126e-01 1.218653922780849330e-01 2.246318722755320518e-01 8.677312125690795908e-01 6.972943742547499379e-01 2.128628475310395951e-01 9.990293582534167660e-01
2.987627769264584177e-01 8.964266660554069677e-02 2.771116884570398731e-01 2.789128221824889800e-02 2.582447292071075040e-01 9.720031903727913147e-02 1.001733090471289556e-01
7.837223772627948115e-01 7.101561486921972866e-02 3.356394046427471634e-01 7.428382970723281797e-01 5.771189120859515631e-01 3.361785918547626761e-01 8.920877505527807783e-01
6.631692219132951926e-01 6.104781944006936190e-01 8.017027223161034000e-01 6.120714733927531404e-01 2.764916446665229288e-01 4.157565805714599425e-03 7.071393320800302140e-01
5.682587391867248705e-01 8.484840792863387327e-01 1.470743452341005952e-01 9.994671548459679311e-01 3.104804384147521468e-01 7.916699833073282955e-01 9.966666582525760543e-01
6.385299774274341145e-01 6.130034019489167818e-01 9.564275445938301701e-01 2.045559665690394047e-01 6.689914658884113519e-02 1.337265523483118293e-02 7.611626685146287707e-01
7.552755582808052814e-01 7.884455277945194851e-01 9.336976188121201004e-01 2.478104813372823158e-04 1.630894150077737484e-03 1.861459822382582549e-02 8.151758161122626412e-01
3.330933637818746518e-01 8.466906044441240287e-01 8.446858885897979841e-01 2.683103788534343601e-02 3.384170244988972398e-03 1.634399477940726153e-02 8.593948885032852703e-01
9.295760963489390072e-01 2.065675531961190803e-01 2.381567333067121373e-01 8.983329149611627429e-01 6.239295045593492572e-01 1.813803142795958889e-01 7.185126272966374517e-01
8.990870301538970155e-01 1.400702730196117241e-01 3.140077366782244028e-01 8.101341093674142568e-01 6.768453681166182179e-01 2.350923341947842027e-01 9.224185957620694154e-01
2.141418346908125492e-01 3.520218592990764228e-01 3.866898676881127539e-01 1.336471538041784091e-01 4.744234352213794886e-02 1.174849975476898317e-01 5.910971880351179042e-01
6.926394329323761756e-01 8.281826842091444263e-01 1.265790569678678923e-01 5.335782241155814232e-01 6.105358505435967142e-01 2.336402298630077812e-01 6.448098462998320679e-01
5.367032089449059740e-01 5.845273125191579044e-01 7.965095078416296603e-01 6.315684167099842872e-02 3.847775392386194870e-02 4.446507509866149538e-02 9.752369653300423380e-01
8.763167635522726151e-01 4.364199792630507058e-01 1.417689971631740375e-01 5.460622705731370541e-01 6.640507167406737299e-01 6.509077303692388794e-01 3.440628922268674228e-01
4.931396530790921329e-01 4.742236550435564579e-01 2.110491895397275108e-01 5.575040531796269239e-01 7.477991811179628412e-01 2.290254374538442939e-01 9.198387799937576270e-01
7.983968223351338711e-01 6.747660038734102673e-03 3.351257119586302791e-01 2.768229603402496686e-01 3.329705338866802977e-01 8.392515514062121040e-02 3.965871076727753297e-01
8.351486057975212596e-01 7.306752092279458211e-01 7.747811123843098002e-01 1.461235722798788668e-02 1.661967277280574674e-04 1.192461336736050370e-02 7.476607577714358133e-01
1.297940775122081725e-01 1.966414420299295376e-02 6.398038308572551180e-01 9.417316517817907462e-01 5.460330411536973294e-01 1.154865772613075797e-01 7.525183276027288537e-01
1.721390156728920262e-01 3.888148128918224589e-01 3.057733223170884251e-01 1.611248678265119194e-01 9.447785143921965112e-01 2.319242556068070171e-01 9.053262282550930684e-02
4.144709819533379802e-01 8.125490892869625670e-01 1.902453394773805095e-01 9.666509574585632203e-01 6.471021150351777829e-01 8.038106415570689389e-01 8.622945450766099640e-01
6.201113675095896172e-01 8.327166177213213283e-01 1.175028968087027947e-01 5.889267112267816406e-01 5.302252493867090077e-01 3.019233950274944345e-01 3.209461463674253001e-01
4.805885907957171965e-01 8.389977966317143654e-01 1.677846993965019240e-01 6.597482070665282583e-01 3.386097545843752554e-01 2.317224256990228423e-02 8.744197718528599061e-01
3.167430898356219382e-01 7.690530768849547227e-01 8.339515234858634052e-02 8.045957858608859814e-01 9.824291560454634364e-01 1.999274587972584838e-01 8.183510565078290222e-01
4.599217094973126474e-01 4.849748653136050636e-01 1.887830395316906218e-01 8.635728594232985333e-01 3.962286972967095089e-01 8.889629216215622076e-01 9.504667193020427396e-01
4.703861168430636952e-01 4.855212783693866330e-01 2.399450745407935015e-01 9.466015791276212177e-01 5.341611035559420406e-01 7.946516411443113603e-02 8.027164731061539049e-01
5.048766089963333537e-01 4.644170149229350786e-01 2.140180515228366220e-01 9.983672586115783787e-01 8.719867885226167958e-01 5.679611940838409367e-01 6.010946209582336275e-01
5.042798725624670908e-01 4.701787585301760997e-01 2.622635401348769046e-01 9.571463025248979628e-01 7.439558385618083580e-01 3.317785074518130733e-02 7.114586922998378249e-01
3.184990204707174311e-01 7.708991519362859979e-01 1.197875062903590165e-01 9.976379544064474247e-01 9.315053728417347356e-01 5.057114895555023804e-01 4.371120354095754390e-01
3.706936288066979279e-01 4.993588006674847257e-01 1.013706806042434655e-01 9.814800972335659957e-01 9.610509213282499852e-01 5.051628660776387170e-01 6.409638790838917410e-01
4.779354360993906536e-01 9.373579374307927647e-01 6.289582324097520161e-01 7.488036860183194809e-01 2.112016693519225274e-01 8.577416673855619341e-04 8.703097760143116424e-02
3.513296758513356211e-01 8.134363531894693855e-01 2.148072623714658291e-01 9.032608029072111133e-01 3.334641465064965837e-01 1.018189523934698582e-01 5.550043403009372600e-01
4.523483782434244427e-01 4.971482261175407813e-01 2.599366496517551139e-01 9.976120952176512624e-01 8.667596482788973988e-01 1.102709774261073500e-01 3.368284467759060652e-01
3.410983633484233057e-01 8.220365464130683364e-01 2.505087974795225381e-01 9.614640579642165230e-01 4.514470283158558694e-01 2.979683160033694093e-03 3.845164885109687014e-01
7.826781320002128561e-01 5.016887605917087489e-01 4.321768585141249619e-01 4.323772097560201200e-01 2.107940644623527704e-01 2.694386352963867512e-02 1.065172162318461235e-01
9.498202129398531923e-01 3.659991288228456319e-01 4.019017959476751667e-01 6.080911581138321864e-01 4.941198466877143591e-01 1.651560430200049246e-03 2.557767783397365546e-01
