6.246966927858561558e-01 4.826356443954037956e-01 9.996976149318808069e-01 9.988039569096309744e-01 5.569171370828812639e-01 1.249686197776495988e-03 6.956656867118066190e-01
4.451349729128061816e-01 6.613563465629219706e-01 6.558531740686481815e-01 3.499539925373523763e-03 4.114145107993494310e-01 4.772053538244535598e-01 9.918484569607391999e-01
5.130559043112616902e-01 3.728544653778972928e-02 9.597536541130837762e-01 3.793971308948499432e-01 2.981722250066352053e-01 6.997906973327688851e-02 8.472510972156266362e-01
8.314436226359543936e-01 4.390842535389421486e-01 9.856945217574996088e-01 9.987875520028529630e-01 1.926997450295902525e-01 7.493662579193106996e-04 9.744432544018877262e-01
3.561635861655831348e-01 7.248183209549802219e-01 9.873664191008991731e-01 1.333264706978068426e-01 1.451295318069122375e-01 5.315542048196951475e-02 8.059334626509939703e-01
1.838871181164333513e-01 8.715646720671035297e-01 9.968913040342525234e-01 1.803778326281240962e-01 2.508547927338832806e-01 2.737692462033973484e-03 9.668422681057030621e-01
8.411092970484261855e-01 1.702589347154159771e-01 9.962303555118497966e-01 1.567047300597508852e-01 8.176151436752941981e-01 2.820475630592124069e-02 9.644054209992177773e-01
4.985704819365597840e-01 3.019069857264458992e-02 9.991406714804036415e-01 3.281592737089867318e-01 2.794363163439001485e-01 5.882844657595936305e-02 6.943057609211069625e-01
5.056833999519549927e-01 2.591336425440778357e-01 8.602189566320822545e-01 9.344029492006276083e-01 1.131974198835224545e-03 1.942608875981022276e-02 9.379468478847021728e-01
7.762010158271531735e-02 1.574764611490186705e-01 9.961207452239572158e-01 1.174767106364209626e-02 9.793078231696483726e-01 7.017335809355085274e-02 5.739199082625526804e-01
1.038357840410430305e-01 4.044190744714485919e-01 9.101928997734765048e-01 8.734473561707407629e-01 1.929955931266516198e-02 7.803931358833721479e-03 9.969841419355580658e-01
4.635525555903009520e-01 7.847652776775174699e-01 9.883204890502979012e-01 2.329817072862127008e-03 1.886562293855383043e-01 3.527702424201007835e-03 9.921858552512570206e-01
3.855897513367904095e-01 9.809547169746103412e-01 9.945673070420131268e-01 7.340743241262721597e-01 2.644481179053113640e-01 2.210871579933899617e-03 9.732998300049671148e-01
1.152479857101212229e-01 1.538742020049123083e-01 9.462473722548166988e-01 5.477394274096217819e-01 9.788884753723579857e-02 1.253616874868255515e-01 7.323508698516116855e-01
7.334977950388648082e-01 9.941573794389318985e-01 9.826358398634129632e-01 9.020117907314405270e-02 2.566578593220614560e-02 1.496567954798528732e-03 6.063981692749474961e-01
3.309740274499498591e-01 9.947826563252780696e-01 8.122809737533541741e-01 3.320256147828009978e-03 2.285459725501027845e-03 1.459337491894167980e-03 9.992907233865500061e-01
4.725272131093860017e-01 7.056870254406437670e-01 8.326908064548583788e-01 9.290370911017462596e-01 1.509800565752152379e-01 2.693097963228584767e-03 8.534203515485303537e-01
4.616951195386473916e-01 4.071777842947703618e-01 8.268660676503306606e-01 8.485359118993595073e-01 6.199466063093100887e-01 2.030892091472379438e-03 7.519134238109322910e-01
7.418141397403263948e-01 9.871293904446889478e-01 8.862234215868386444e-01 3.169366895171864436e-03 3.217869283265991330e-03 1.093191509545169693e-01 9.396801764960562853e-01
8.342070592241832561e-01 6.840174953676391167e-01 9.673757337338722007e-01 7.849045543972008737e-03 2.141661564091290881e-01 6.627091353037882493e-02 9.771036826088331795e-01
2.731136842286354671e-01 2.795681904914764163e-03 6.349826797561920477e-01 2.234162901698189246e-03 1.097573839923546013e-01 5.475200970518470101e-01 6.522488855471677560e-01
8.570377576467702596e-01 2.786510781945673032e-01 9.590042129505086388e-01 1.205035821859443412e-01 6.852350410382948009e-01 7.825900513366861391e-03 8.190001208726287452e-01
8.235835615469456750e-01 3.035063838152621263e-01 8.717882447781404309e-01 1.399301857836725005e-01 2.312696666983546923e-01 2.391605086538412493e-03 7.302600168141465398e-01
3.094658801178594432e-02 3.813168161173839665e-02 7.497485290938460389e-01 6.312967531666568988e-01 8.171510800356569515e-01 2.032447142472073587e-01 8.204120085770267856e-01
7.981161495395763805e-02 3.936986370899260845e-01 9.627022458042953090e-01 4.840699931852769922e-01 7.651368981188801620e-03 3.432566597878231734e-02 8.201091340550432651e-01
9.904367848834362276e-01 1.006042993357812443e-01 9.967058205350634026e-01 1.125851317882036080e-02 1.401559526166527847e-01 9.763487614455057528e-02 9.845742401576763614e-01
7.264470184561740984e-01 6.285967820798247230e-01 9.818229681364608608e-01 2.473676687077598080e-01 1.123504552568384621e-02 7.199331267849937328e-03 5.139893083622418812e-01
8.365672884648989172e-01 1.024654848497950216e-01 9.063513266398972590e-01 7.640727104062449149e-01 2.783899126951425163e-01 2.221759434561141645e-03 6.221186214237005574e-01
4.471415477241536540e-01 6.891876933689192186e-02 6.141043646716026760e-01 7.039164911997152219e-01 5.455823859758400785e-01 1.536772442419154228e-02 7.985526501876775152e-01
6.585295456706982131e-01 2.105343625584707723e-01 9.326859642255918015e-01 9.980932034409212283e-01 8.707135096218568959e-01 3.844695994196521971e-01 7.862669328030851279e-01
4.740302560906513585e-01 2.556911359940829964e-01 8.232207543453531340e-01 5.555961157236161130e-01 2.648991751408547035e-01 6.369943331625943159e-03 9.848860057568019633e-01
8.616449356407912541e-01 3.465178246908637849e-01 8.828047832537860851e-01 1.398703331724741872e-01 1.093781836450636313e-01 1.566610962725336264e-03 7.272428153116551330e-01
1.162969009110173795e-03 5.411424397618517235e-01 9.977713701951480552e-01 4.608421461323999532e-04 3.761546891078913490e-01 1.866312487735060158e-02 9.917416911263738921e-01
7.774106807344339787e-01 9.988401846997411182e-01 9.497875172275874744e-01 4.145169546736857807e-02 3.365888459034930766e-03 8.192369191708532422e-03 8.921040728496756333e-01
7.493045683686520020e-01 4.858461792893430803e-02 9.270861278596602695e-01 3.030768966418714849e-01 2.940648680527088166e-01 6.813546228777105085e-02 7.803570767120122653e-01
1.992798121478386031e-01 6.953416812208259579e-01 9.024765415678764890e-01 1.512713979488686522e-01 3.673725020554303132e-03 7.715453703735189461e-02 9.386349520593184614e-01
4.422749947852387953e-01 6.959455395828187951e-01 3.958518857543809610e-01 2.112700108484729788e-03 7.031217008165314974e-02 3.092727475444624965e-02 9.564274830580327125e-01
7.194168185027958184e-01 6.747032682249939350e-01 8.164335908737845315e-01 8.578632907800380104e-05 2.288098900289761706e-02 7.808167601140418579e-02 8.123088877469936131e-01
3.158220970460756116e-01 6.666858616377624447e-01 7.116122519854712891e-01 2.348231379046365752e-02 7.761491997267967562e-03 1.235858253483375531e-02 9.988414252559346673e-01
4.659554688646495024e-01 2.544643449315169281e-01 8.004221268345540485e-01 1.132726123324693523e-01 2.772456302924937270e-03 2.583382268905350942e-01 9.745205977155184662e-01
4.564390589866939574e-01 2.672554827093143737e-01 9.245219317250258362e-01 1.333317751506124527e-01 2.590193646087955021e-03 2.716669495547662915e-03 9.203595607011126889e-01
1.213753310142759723e-01 8.512727831832552772e-01 9.541304942985525672e-01 7.432633268952165695e-02 9.383660995594374221e-02 2.769852436170210097e-02 8.038889027296135525e-01
1.355023263225610571e-02 8.111852672630824879e-01 9.936817799178608857e-01 5.756903611262580434e-01 2.317058184644826269e-01 1.171952378415344331e-01 7.198378051594120919e-01
2.184578235219908349e-01 8.315400420348835198e-01 5.024648916378403607e-01 9.983288804779870684e-01 7.217883539611621435e-01 8.380992788789617398e-01 8.643402001296548454e-01
8.347127626682290802e-02 1.244499195026121247e-01 8.414838503409139969e-01 6.575214861085993956e-01 2.363846620799402165e-01 2.014434457329319361e-01 7.274163319294176810e-01
1.784939679043802130e-01 9.350107298412888568e-01 8.504382337163548522e-01 3.173597889382945292e-02 3.987722408027231935e-02 2.774205343440936528e-02 8.418580481280456551e-01
8.077226258075241860e-01 9.933257672182297382e-01 9.912101852701805660e-01 9.703903319916913975e-03 2.811653907243317260e-03 2.381966063533967615e-02 9.838055589164155235e-01
1.965713535579930171e-01 1.446568801549350802e-01 9.957608602587982860e-01 5.527602213849924784e-01 4.962522898308276420e-01 8.361476882231334840e-02 8.212409405375951099e-01
8.432686985114088429e-01 9.140343069473426674e-01 8.424446651511401374e-01 2.762852145145835298e-02 6.825333722031910223e-03 2.416735240199674103e-02 9.979299381494752819e-01
2.318593391149537664e-01 8.230071856864085156e-01 5.148024065318496101e-01 8.433796021711466029e-01 6.645471362590382736e-01 1.541070244731251003e-02 8.290519695776117359e-01
3.268064529532546114e-01 2.461486530871082046e-01 7.156102612297082777e-01 9.436484871954752274e-01 8.044130035622768515e-01 1.888869474447338048e-01 9.935346529339367239e-01
8.911902040170742723e-01 9.224379393678556749e-01 9.986030582448027770e-01 8.276009860709056948e-03 3.243429652461003558e-03 8.301067195194404558e-03 9.999477056129739694e-01
3.335002270211079312e-02 2.058125077019387072e-01 6.063588669793704700e-01 9.784266068638540759e-01 8.775485508868920981e-01 6.910026187270366105e-01 1.357235070159144158e-02
7.284850616008655688e-01 3.255942159780488843e-01 5.686002494716931865e-01 2.095138388290745772e-03 8.335346426178018645e-03 2.765181951089284440e-01 5.990453211749249274e-01
3.701423007194211412e-02 3.773936534938729936e-01 9.126839146312479834e-01 8.156182862176578618e-01 1.728716284066292015e-04 5.006489712945095399e-02 6.320176016266466634e-01
8.220863054393073854e-01 6.744480407852505577e-01 9.458765507108587434e-01 5.647486290453034713e-02 2.000764283266206426e-03 2.460083232684169216e-02 8.324667540454102621e-01
3.511288350463451780e-01 3.753161424433711923e-01 8.430430771795599521e-01 9.398849219435195801e-01 4.039999290889759731e-01 9.896584670384627955e-03 8.080823534934074015e-01
5.523134527274171646e-01 2.515252673450212861e-01 8.650435617574525615e-01 1.473813975713175739e-01 9.402738929843787452e-02 9.774266761471281373e-02 9.635460760105460931e-01
8.336194562166148181e-01 1.939910685164424609e-01 4.602039545692397371e-01 8.400387574279957192e-01 9.539069172283201059e-01 1.494319730864092366e-01 5.215656708469953440e-01
2.672724579715592963e-01 2.254188710988604682e-01 8.582343265124816600e-01 8.467516390145340965e-01 6.764833835880541546e-01 3.151354927546111129e-01 7.428466286657104956e-01
8.992036295438790017e-01 8.146861035427078734e-01 9.449187732340773582e-01 6.696478542081173158e-02 2.141285530739624708e-03 3.594280428848484980e-03 9.275152202725336359e-01
9.159986067674861232e-01 1.120956959678297005e-01 8.347600949828443140e-01 8.148008457950598471e-01 6.410790425763475131e-01 2.383093783101982721e-01 8.331816754891563370e-01
1.963060331867632347e-01 9.657405230442603905e-01 9.198897930724282412e-01 5.899098107653745482e-02 3.373296390426790310e-03 7.523912254285487766e-02 8.944370733182062105e-01
4.667908930261582302e-03 8.529004330395982825e-01 8.822445442035776741e-01 1.080366952418156112e-01 1.699180354954630406e-02 3.224956990989761435e-02 7.219566520554925315e-01
6.822315992335451496e-01 6.767940787567390259e-01 8.054608914512739748e-01 5.719185572089375419e-02 4.404591939565631609e-02 3.883302266525406193e-02 8.495200268079172723e-01
4.622167891701050024e-01 2.178430896584125642e-01 4.353408038703888150e-01 9.996877492691407241e-01 5.258697348379187675e-01 6.799532850458203659e-02 6.592120141318906779e-01
1.689543778306177302e-01 6.073323651645682331e-01 7.280391693806346209e-01 1.319769500697033082e-01 7.378688418476710142e-02 5.454357225353963223e-02 9.018313281368512957e-01
8.180403917740705078e-01 6.911437515148245447e-01 9.910550148801497983e-01 7.917007681122088802e-02 2.071983846720459183e-02 3.978974047766637573e-02 9.758040981288630400e-01
8.324142250696776602e-01 3.461927804088374937e-03 6.023049657681682767e-01 1.871952341253751151e-01 2.812583493665789525e-01 8.642122242783072117e-02 7.441456893121835003e-01
3.699695758143147772e-01 8.446337429344576986e-01 4.473636450160288214e-01 8.921635304708812608e-01 1.963081106515856267e-01 3.047774052961024771e-01 6.900405532283752086e-01
8.126582712030042122e-02 6.694750928752464247e-01 9.456945552962257029e-01 3.041989657979277811e-02 1.896019204811336383e-03 7.288937838084868538e-03 5.847596442963399754e-01
1.862438197880395829e-01 3.851191467250765221e-01 6.789463787552665330e-01 4.781630054433127497e-01 8.593267585346237762e-04 2.625266351647644325e-01 7.116305348973633871e-01
1.670712111411118417e-01 3.707643777280560382e-01 7.902808653690529539e-01 5.619432191620696293e-02 1.249215517720896618e-01 7.605921671818384466e-02 6.168515129767592198e-01
1.761177839957437513e-02 8.737485554093156193e-01 6.278976094808482733e-01 3.241536541119953430e-02 1.499481991497385661e-02 6.045758610833004004e-02 9.676347910578089184e-01
7.448689225170719297e-01 5.921524400442911285e-01 9.684332742012784212e-02 6.645401650665047066e-01 6.789820264347811163e-01 9.916189442975212875e-01 6.471504970439025950e-01
7.122902297733576908e-03 2.717406446287696231e-01 3.687922780195463379e-01 2.116814063796165213e-01 9.842348473294562639e-02 1.643491009505142486e-01 9.848476817179732112e-01
5.186306544374521543e-01 4.646295665380380524e-01 3.761258618944534615e-01 9.984109651195085533e-01 9.097105868555277475e-01 2.076005982556873852e-01 2.818788370126038001e-01
4.886888547587074361e-01 4.639336834231467255e-01 3.598750006232034337e-01 9.993278910423926131e-01 8.889586816379746459e-01 2.246694336317161811e-01 7.427566059417759492e-01
3.849702647671970901e-01 8.331151525329899554e-01 3.310762009557752794e-01 7.786778235826410377e-01 6.925422778704882765e-01 2.031249165771092657e-01 6.401627413831332269e-01
9.049613716101868599e-01 4.769672909477855605e-01 9.984892665006099843e-01 2.342185767195753554e-01 1.408499780300394577e-01 1.584885902997672583e-03 5.498588078869525164e-01
2.671673886130907644e-02 3.679686126503392551e-01 8.783012914822938555e-01 2.251598758842432435e-01 5.854688806249547239e-01 1.024152157520465262e-01 4.493468650528126274e-01
8.439679042687302513e-01 4.452694294764851790e-01 7.513363595170596820e-01 1.116141823460874427e-01 4.265222881014764378e-02 3.543812140008006407e-03 6.234539348746563903e-01
7.124548504843974950e-01 2.693865475779889662e-01 4.164770481401737223e-01 1.639450104215778858e-01 1.135134668599002972e-01 1.023815854338466953e-02 7.238862188175319012e-01
3.544425574545122248e-02 4.621891352804279318e-01 9.775768472917829577e-01 6.418890107283739543e-02 2.226797302154441202e-02 7.004756894566083192e-02 7.556020182198093238e-01
1.116007062494328989e-01 5.772155835465688778e-01 2.719846122452467263e-01 8.043050636544036847e-01 8.582965827232327261e-01 1.180945239864079066e-01 3.007148549638246071e-01
2.129918521299736245e-01 3.647211127093831773e-01 6.554029461854223859e-01 2.992148793498998760e-01 1.471116855492761721e-01 1.052455407250699609e-01 9.922479534024369885e-01
8.701035785715856008e-01 4.530867518929187349e-02 8.357379466956580405e-01 8.964275300503430355e-01 6.517947256756486674e-01 3.018376085734354453e-01 5.494182987376711180e-01
6.412353229954744771e-01 3.245084815452005111e-01 3.222196674591525922e-01 4.381581110635840437e-02 3.816614539907629421e-04 8.677590651122450011e-03 8.787205894607097445e-01
7.859734331113269468e-01 7.001113277881514385e-01 9.793406289542724297e-01 8.491266272274064497e-02 3.384523187587096249e-02 2.555356702960384987e-02 8.437769375256276572e-01
6.417037036911585890e-01 8.414620336173400661e-01 2.441817656670322856e-01 5.885995332690686643e-01 3.601934446476933727e-01 1.139079905191332509e-01 7.471921346847568701e-01
8.761609283847747731e-01 4.740655279579492620e-01 9.939267797982913599e-01 2.485717064442145574e-01 9.020416726549987385e-02 5.281535806776367636e-02 3.200571339946203797e-01
1.950122898832336304e-01 3.800969918374572654e-01 6.934765698457573402e-01 1.200624812658507568e-01 1.859103407138599229e-01 7.567830004244723019e-02 8.992311861734613165e-01
5.353281798101809930e-01 9.962292179289355953e-01 8.986724133419760063e-01 8.990440181987330304e-02 2.665624554722254361e-02 1.663901814871832432e-02 9.045561285598683332e-01
3.453446328606989968e-01 8.064677641776235584e-01 3.281792395978730403e-01 9.994053689696533738e-01 7.017961525058578065e-01 7.611490342248857996e-03 6.909686691989205265e-01
9.706272944213715226e-01 7.151603289634874683e-01 8.534313569781514230e-01 3.363745068531437399e-02 3.255300173349830184e-03 1.082563235399925869e-02 6.313139162488707878e-01
3.745103827802898078e-02 5.141612383536918740e-01 6.190544263731359020e-01 7.750841280900265806e-01 2.475738356642656901e-01 6.681060266126012670e-02 4.521995177402073907e-01
3.253382851017188049e-01 8.311513243769784731e-01 4.377738481001114956e-01 9.995881043828226398e-01 5.108935383583743661e-01 2.656970015716006439e-01 2.221877953243178994e-01
3.748336032449944288e-01 3.806742032207514059e-01 2.836053601766914678e-01 8.914696141365260895e-02 4.281707881989243840e-04 4.211949392227173471e-04 6.565808963973051027e-01
1.886654711956639308e-01 9.775109068782991129e-01 9.771404552485641881e-01 1.898031152554929823e-02 1.597299372299388742e-03 4.701472927274310230e-04 4.959196881932154133e-01
8.756360703618206731e-01 4.305033414260806546e-01 2.458593914089132748e-01 6.632515662494060660e-01 6.042699000619280447e-01 3.052040940960153437e-01 5.508093513655408779e-01
