3.851430865403210335e-02 8.841869974556336720e-01 6.970090311133162464e-01 4.483819345379130850e-01 2.894380649422926277e-01 6.499391184631911900e-01 1.047279897358568690e-01
8.798674578481476827e-01 6.954620406579949954e-01 6.507179996595943150e-01 2.314331274123749282e-01 9.793806414579471209e-01 6.098705987504897397e-02 9.743348390217364541e-01
8.550368469718494513e-01 9.392790891421041177e-01 9.162975578665931708e-01 7.130155705472834837e-01 1.984686688273545330e-01 6.264257326718200569e-02 8.285596008552208458e-01
4.447193316472835001e-01 8.829726758344679238e-01 9.447435648546274045e-01 2.067263601884483659e-01 4.463171514764260883e-01 6.936985418536267822e-01 9.799658653050378199e-01
8.285815853353364346e-01 5.398755302043589666e-01 4.702352303381642229e-01 9.778891319690183881e-01 7.193244726220907603e-01 2.556506764736270025e-03 9.096941990528445432e-01
8.499508151751304919e-01 5.341774914111927508e-01 9.232944627307866359e-01 9.773857716806604312e-01 9.334882152583701131e-01 3.366814292335424952e-01 3.660345642969112245e-01
3.483609259933072022e-01 1.763703105104209856e-01 7.868720291307237380e-01 6.124564602299447102e-01 2.174388143405473969e-02 1.988060366377510380e-01 4.676475606100279903e-01
1.163504899473737642e-01 7.154491599951408043e-01 9.020439508010548169e-01 5.695404368410552642e-01 1.005860318233160570e-02 1.058096446932613316e-01 9.995969997724939438e-01
9.336264996768525171e-01 7.900223637394516718e-01 4.290595313406739830e-01 2.536450404931374636e-01 9.349837306143854443e-02 7.160333576263642197e-01 7.307709416622338860e-01
1.415274076016255766e-01 2.848747130597311106e-01 3.075960718382658721e-01 7.241360610930737129e-01 7.283896823037903090e-01 4.304403206338244803e-01 8.082902385971972858e-01
7.173291430815976755e-01 1.996654089397880139e-01 5.640370461734571794e-01 9.374217304774131732e-01 2.567554401066227676e-01 8.713149301968503568e-01 6.448751548339910489e-01
6.879220841121744812e-01 2.580310705493034096e-01 8.789498307831749013e-01 9.990270774654593788e-01 8.750867579019347975e-01 9.317507650335291741e-03 9.209669629493679732e-01
6.061330288725716997e-01 8.546551686866747932e-01 9.954466254144961335e-01 6.806405520264109665e-02 3.046032738943628693e-01 2.176172868475221428e-02 9.674459114083128197e-01
7.186134379584595555e-01 7.149854873005227762e-02 8.376753690166244271e-01 6.349100372023743777e-01 6.873837643312287471e-02 7.063435506874935488e-01 5.823415256917345850e-01
9.728043919181554866e-01 7.021793503716619034e-01 5.044917249615981092e-01 7.013240340215023405e-01 5.758766548216153192e-01 3.073546282697013285e-02 8.581929109671959655e-01
9.000114750743503089e-01 3.208660503634230832e-01 3.510632114178097174e-01 1.556512351922257897e-01 4.762582570883602262e-01 5.860123103490775254e-01 6.168552457046856397e-01
8.534336932190018654e-01 7.993547838389151172e-01 8.993408071752634347e-01 8.852649066976205905e-01 3.549374448514796554e-01 4.126635350538336855e-01 9.675592935319882182e-01
6.085724053539305345e-01 3.090279056792559764e-01 4.820027510587709396e-01 2.695528164192967369e-01 8.000803988438225101e-02 7.000749964790959901e-01 5.935722124414405387e-01
6.222654999368556483e-01 6.972299136058415225e-01 7.568104626839097793e-02 2.936732877331240665e-01 5.487202177970059713e-01 5.070633776645718793e-01 3.158958799264960926e-01
8.414805171689527796e-01 6.957615892112585243e-01 5.952963542966853705e-01 2.143922213955266887e-01 8.819178166560723842e-01 2.518021889259899893e-02 6.385685473602522588e-01
7.133218421262724207e-02 8.508263203642559835e-01 8.570961513622299410e-01 1.371908634458024745e-01 8.220255159749284557e-02 5.252380134783516397e-01 9.828845543085213965e-01
8.482673922979682146e-01 6.844875487127053404e-01 5.300774379342426679e-01 1.817799522132597656e-01 2.076227215330335441e-01 3.476839204146618956e-01 3.478542720432291624e-01
9.932148056900543809e-01 4.367143133502939256e-01 4.491516373407756363e-02 7.871204205139020749e-01 9.093057770262112927e-01 3.518153351412092733e-01 1.605237701303746378e-01
6.101393768236067494e-01 7.969135272091506517e-01 7.797366922249052701e-01 8.667753064428002086e-02 2.740086950143310052e-01 5.868522238327807949e-01 1.103110508319153638e-01
3.912785501881478889e-01 4.135317046467815172e-01 4.962240985338938759e-01 9.029840733533532893e-01 5.482068743160548735e-02 1.680817420655070504e-01 6.250116233364884089e-01
1.086209020261566793e-01 4.924140190023861829e-01 3.833001405765092406e-01 3.174240659085522109e-01 5.254670730987038851e-01 1.487167400943029960e-01 4.275276696466229764e-01
2.476758225678621361e-02 7.340459475098698450e-01 6.290174324287476360e-01 8.831289472565240217e-02 9.515783451680248639e-02 9.704199610186521330e-01 7.275420787496995612e-01
1.218588041309321968e-01 1.334546442827139537e-02 9.125574609645613344e-02 6.856386469680074702e-01 1.751896384056164380e-01 3.642255497391277408e-01 2.060335992521910575e-01
1.203766578755432748e-01 3.683164648653107776e-01 5.175408832145779181e-01 3.891064769230113962e-02 5.836155660405303314e-01 3.524640281583489299e-01 4.932573680355520906e-01
5.834265539317429194e-02 1.408032246523961417e-01 3.817035171682124917e-01 6.025277401641724317e-01 6.656941315566059503e-01 9.560782560744758296e-01 4.334506439633818431e-01
3.315536406025673122e-01 2.651725343092470322e-01 9.311060831170180352e-01 7.184676715834770189e-01 2.815510416089457291e-01 1.323696112479791527e-02 2.459608575373901651e-01
1.615715232941898616e-01 2.795200867915944784e-02 6.756109537040017043e-01 3.445735087005743491e-01 6.341614731421272300e-01 3.274761119330104990e-03 7.214173891351022272e-01
6.960337304636803057e-02 9.306228975716244189e-01 4.335384250370673542e-01 6.248497675078744373e-02 2.075367451158106891e-01 7.808469270571211096e-02 1.153061125145082855e-01
7.254941598511193135e-01 5.971480198059223587e-01 1.857429553546708911e-01 1.795872057000364730e-01 6.762813885390798196e-01 6.271670205721412428e-01 8.987292340308319361e-01
9.184631202455898480e-01 3.106009498432906191e-01 5.421215839582073093e-01 6.318928023416777728e-01 6.886649915930854737e-01 3.840545311417031382e-03 6.460360939745063424e-01
6.139851714108871539e-01 8.829062694411454748e-01 9.487753962730295365e-01 1.736869794477479689e-01 1.054545818283198627e-02 6.792387870679761352e-02 9.568213321838602292e-01
8.055162010332125311e-01 7.321429536392265458e-01 6.617077281171414027e-01 6.151760058083730609e-01 1.134351672119317533e-01 1.930610386657127531e-01 9.665587248636442474e-01
4.870268582878954922e-01 2.515381109463954434e-01 7.790791084120354260e-01 6.118090225822471195e-01 1.548330883368640720e-01 8.187758254061519581e-02 6.411367972953582739e-02
5.110279921189145869e-01 8.347923206779387373e-01 8.910566090060775268e-01 2.940983295055808466e-01 2.813250478020295486e-01 8.488257380708743582e-01 8.321226442259592460e-02
2.664139935142188498e-01 7.415211432982475870e-01 3.003472510974943832e-01 8.969591668112543159e-01 5.660997673433567634e-01 8.031864062514680880e-01 6.032728533431082063e-01
8.377653818799813967e-01 5.329994476070729625e-01 1.527127135892826504e-01 3.009089292606583199e-01 1.885574026128135350e-04 3.362927281885704778e-01 8.855494636398911767e-01
8.995836762808807896e-02 1.579956552070178877e-01 1.614175357104861708e-01 5.479816887588689900e-01 7.244776028115805788e-01 4.990420252406817248e-02 6.357630498847285372e-01
6.741820380693415160e-01 9.823013972857943532e-01 6.605054782771010435e-01 2.610833005905770499e-01 5.463850728081274255e-01 3.216666558462700221e-01 1.675657050832251027e-01
8.217229369959584417e-01 7.409172515933475367e-01 1.765240577915039299e-01 9.784529131653857403e-01 9.465837564717070052e-01 3.177652631132229372e-02 9.041619517927345084e-01
7.441609190314781852e-01 7.240825053785633347e-01 6.281562850876831750e-01 1.329135610513831715e-02 4.179484384058764629e-02 6.755926211593914488e-01 7.956785066388658567e-01
4.817377973969920735e-01 2.653019750180715675e-01 7.243259724530294319e-01 7.190892488891246215e-01 3.026751791867069233e-02 2.653887853621654247e-01 6.849115284445278506e-01
1.148775794075794360e-01 9.990390110561191417e-01 9.618221333337100276e-01 2.229644735529679733e-01 8.892399867048136897e-02 5.781212529706620806e-01 2.756457278337303557e-02
1.072953312215414456e-01 3.132570767448123461e-01 1.152138346724491252e-01 2.719681916035627811e-01 2.841401437877066338e-01 8.131325393818790159e-01 4.147306597940800255e-01
2.223372965164892578e-01 8.645319871116549093e-01 7.928532441675134601e-01 2.854797570736427592e-01 7.666258003990423023e-03 2.827133259317347047e-01 3.969094303578677985e-01
9.937108189472264597e-01 3.159318057135965807e-01 4.078525099450014402e-01 1.698896323115483276e-01 8.933153768257208471e-02 7.643095882326857993e-01 4.554633458396250556e-01
9.393221517675256482e-01 7.046890956937323924e-01 5.713564660352637992e-01 3.224303970215172677e-01 3.398107489983867580e-01 4.644066107508153241e-02 9.628229497769515977e-01
2.412946800664320102e-01 4.783207003409988278e-01 4.910395238484951408e-01 9.575892643763400658e-01 4.371066180133665879e-01 6.640167345957723177e-02 3.127670338012034090e-01
7.432455837286839895e-01 4.268723578421522169e-01 2.774628947667913750e-02 1.555916030441642853e-02 7.094053090715984888e-01 3.193311517496341678e-01 6.020437744408355663e-01
2.785256206361375053e-01 8.107876128889600353e-02 5.408070286538493310e-01 5.558443714373043631e-01 1.515887646246764087e-01 5.292536744347516864e-01 9.756535593635768944e-01
6.535739631650164805e-01 8.909703030998069595e-01 8.973079368646638132e-01 1.946017327317658280e-02 7.296647752717731750e-03 1.111737541200197715e-01 7.182127295346195650e-01
9.026328098270474110e-01 3.270963956596198985e-01 2.924155343597442669e-01 2.889913542103992872e-01 3.466897715002031921e-02 1.485145615376815831e-01 9.562362222255254007e-01
8.260667514489337115e-01 6.573640868061773057e-01 4.946810306108077593e-01 8.552696539159533595e-02 4.210462197049510275e-02 5.551366430843256428e-01 1.941043187289545890e-01
6.030202868161350926e-02 4.427062534985526931e-01 5.055151953206324933e-01 2.935599338261916658e-01 4.154982088653104699e-01 3.102468277878716110e-02 9.368999288366803846e-01
6.271436698571326851e-02 1.626776634404701882e-01 1.960621044446551192e-02 6.127091415509628991e-01 5.207494832931924833e-02 7.561085474009791030e-01 7.547808522619496863e-01
9.986319063586157618e-01 1.956621306053850651e-01 8.118481161244583966e-01 2.930083490016687775e-01 1.942483533051076461e-01 3.854767182475577446e-03 8.467499933411964941e-01
3.740277732742342542e-01 7.113479437112441017e-01 4.839253987947538249e-01 2.750238607939886702e-03 8.710566928468752024e-02 4.027543998596182923e-02 5.637138723521594175e-01
1.109214672502936289e-01 2.155403166246029623e-01 9.029927565309693316e-01 6.026170007831696540e-02 3.481323646442938680e-01 3.093724742235563416e-02 5.190029258397056422e-01
2.777241386780086030e-01 8.407562915333227638e-01 9.886011907007808963e-01 1.166749646665698747e-01 4.914543609924950512e-02 9.000508031485075777e-02 5.987736260124933985e-01
2.187625413538158217e-02 2.605550972358350315e-01 4.409785458662155433e-01 2.628456124923343740e-02 3.308680801394350141e-02 8.878161074039954137e-01 3.384906223676747983e-01
8.772194957985600672e-01 9.054322386833045799e-01 4.053317648980168109e-01 1.050265602615729765e-02 1.291972695997989640e-01 1.690527896188225021e-01 9.738999954142117943e-01
4.774296612733002210e-01 7.651441589377654395e-01 6.619796621676038439e-01 1.168082840664792649e-01 7.013676097833995704e-02 2.858157683239721802e-02 1.560730442141193830e-01
2.674318516638260479e-01 9.012625839593234600e-01 7.944598086540346493e-01 1.803729491960751399e-02 3.536683734644802679e-01 1.305207049954508133e-02 3.653781371580685500e-01
9.111301950435648500e-01 8.431741565827950424e-01 6.241600998508245457e-01 1.477049566908772557e-04 1.126622804823205620e-01 1.924735549065018647e-01 4.321866178172310002e-01
7.322294247306788961e-02 6.697300547609660315e-01 5.728732509292649988e-01 7.426473287998970607e-02 2.088279288799732569e-01 3.737959422648205049e-02 9.156716865588661047e-01
3.060131810629462268e-01 6.825067603305262631e-01 3.824927121119814366e-01 9.939826347513802673e-01 4.586232097395029350e-01 8.359391802530347082e-01 5.550211740866383137e-01
2.435367707949929322e-02 1.385253836882835987e-01 7.792899072254505510e-01 4.665854471284389821e-02 7.689323559232616456e-02 1.431890762005687545e-01 9.961403736085724381e-01
6.032895203214193591e-01 7.440785746414332325e-01 5.396527262735607150e-02 5.387201048051277336e-02 7.690728644519723156e-01 4.276399309403677296e-01 5.916952174669584119e-01
6.218786800355241562e-01 8.001332511554566651e-02 8.727015479863676761e-01 1.474835580769601195e-01 8.962753178870936921e-01 5.158694686848968036e-01 9.608950702253880038e-01
7.734593929405538804e-01 1.339913258191033629e-01 7.577616629942403037e-01 1.719181266679859488e-01 2.110096861887115482e-01 3.138751122239558655e-01 7.818231762119889350e-01
6.832604235287372818e-01 1.500034721625221126e-02 5.880586121678866851e-01 4.444907029029231404e-01 1.861267232933041388e-02 4.470774162874792124e-01 6.587424309375853326e-01
2.226188156516546446e-01 8.260501540998931302e-01 5.571044322111667890e-01 4.821752024307533468e-01 2.067468072865923656e-01 3.083756600450905938e-01 5.109320079520688340e-01
9.302371145277762432e-01 2.473805039839707676e-01 5.655715592336364450e-01 5.706353263899057934e-03 2.694535813903646826e-01 8.104116687520592777e-01 4.568183219088543523e-01
6.520558932252837891e-01 6.921435513154530761e-02 5.933951192269464325e-01 2.842258350513589549e-01 3.287375037529792765e-01 5.546568771395130604e-01 9.629072469587438565e-01
5.042683267742164022e-01 3.240675142522125851e-01 2.498916604334233682e-01 8.408825403666784215e-01 3.804043750435759375e-01 1.269958246201448870e-01 6.226099842086657565e-01
7.353100275216641890e-01 3.282857259495823299e-01 3.177564914049890166e-01 1.884644574452142007e-02 9.302763110489874199e-02 2.428962759108938552e-01 4.043076530443334149e-01
2.549756969514481442e-02 5.569012241632614879e-01 1.520957644781620877e-01 3.307054439862059381e-01 7.734922420678269628e-01 3.242949237010627761e-01 1.825303443539172676e-01
2.733008168158642670e-01 1.110473169303147767e-01 5.832633524640659095e-01 7.402705479708004965e-03 1.028189303464155380e-03 3.581582926266402289e-02 9.348613178254636669e-01
8.460025277520041298e-01 1.641007384014156467e-01 9.606908941476227648e-01 2.419127169976724445e-01 1.175612856906202014e-01 1.837477682539579160e-01 1.728217775543102741e-01
8.219304713539301588e-01 6.845226008149507546e-02 1.260116443104744022e-01 9.033540669224991992e-01 3.095228127653633088e-01 4.646975535261178569e-01 9.898073771151731925e-01
1.368512339530275623e-01 6.005302663750601289e-01 3.436166064279023713e-01 1.977972036316932858e-02 8.287328968649565475e-02 3.107207289152620344e-01 2.071823860453066990e-01
9.901564541723825164e-01 4.958732265785941173e-01 4.309128063201131953e-01 2.979604862267920540e-01 1.430889474892577395e-01 6.759980729193452650e-03 2.767632808873683459e-01
2.493513103840523937e-01 8.800792968057222776e-01 9.823184071671640094e-01 1.776173887502691812e-02 2.696479996715447480e-03 9.800847172510487870e-02 7.022015514914338175e-01
2.900320347084715204e-03 9.124573797156475541e-01 2.749478276848167924e-01 2.389063827750634306e-01 8.576724483005868094e-02 7.581330685558226867e-02 9.104070467204976591e-01
9.300138719277457611e-01 8.819577383793746339e-01 3.706965304536392614e-01 1.508791834944909691e-02 1.959669256603546392e-02 6.664312207513679864e-02 9.955455983502008444e-01
2.352883346590641522e-01 8.501181276668832165e-01 2.399530689914533832e-01 6.889026571798940735e-01 8.315999202684174474e-01 1.161315831995010095e-01 8.268667966485909737e-02
5.375008432098449251e-01 1.589487343316044188e-01 5.226466823848026078e-01 5.244402715448780450e-01 8.940361037828506788e-03 4.328325282537394680e-01 5.569732884762887970e-01
5.093588198098757402e-01 5.708741176196862055e-01 4.033073789367014883e-01 9.948450600616518535e-01 8.957602094330024967e-01 1.201082235463191150e-01 4.128510103191442848e-01
9.824280886435435844e-01 2.142043911339352458e-01 7.116974091244713252e-01 6.632512751202059020e-02 3.397222795690309494e-01 2.031232710612002890e-01 3.465190439746571038e-01
8.326191601093858585e-01 6.289365504104419413e-01 4.053620324604200187e-01 9.310483860450247118e-02 2.117828594132952890e-04 1.722648411065374197e-01 5.113174889251906885e-01
8.375253487647467132e-01 8.706591933631936397e-01 4.627316192973126574e-01 1.520962774665824552e-02 3.049507225904283473e-03 7.743930551033648135e-02 8.278860326784011070e-01
1.522522876130780745e-01 7.350826665808450899e-01 1.260113075396170901e-01 6.933516925830132127e-01 6.759025084623220270e-01 8.126783807425195238e-01 6.743513019118078100e-01
9.019882659993817553e-01 1.662669512330073197e-03 5.757969386965926528e-01 4.164348956040597738e-01 1.290501213907798150e-01 9.442027987633706543e-01 2.017129544169408428e-01
2.768329838734886472e-01 7.849771456811760473e-01 1.571863047066721641e-01 7.882901827137592798e-01 7.937775879575560412e-01 4.988402899526211270e-02 6.922628876854604041e-01
7.282399564022199456e-01 7.872277497594137863e-01 1.697683079459014754e-01 4.308775981388341947e-01 5.907947754320234945e-02 5.339987976253670610e-01 5.184822882827516688e-01
8.957874644950769571e-01 8.029893596402488953e-02 9.295310663918251448e-01 8.507090379017076542e-02 6.496607224495831723e-02 2.504875452963066795e-01 7.731915217963942766e-01
1.089142977306064262e-02 7.360365411953408987e-01 7.039267578106521706e-01 9.591939416785768072e-03 1.563868011692053916e-01 1.650416485035873047e-03 3.915750502438998804e-01
5.376649190215251339e-01 7.388226787002897256e-01 4.283476267269524240e-01 9.809587946688547166e-01 1.476050138800019118e-01 4.194037264919269759e-01 1.860501191076761041e-01
9.562905357709971686e-04 3.427827488784117582e-01 1.995646153254878041e-01 1.991220009569814268e-03 6.030698596487762408e-01 3.510497023433103297e-02 9.299795447122275460e-01
2.546747435599798770e-01 7.445046370141100711e-01 2.630191805277706241e-01 5.459015400235751603e-01 9.595791343870292422e-01 2.274023291910238220e-01 1.116870913242174329e-01
7.881919072847766161e-01 1.521172429965099993e-01 7.929232056295685283e-01 7.071578542895281053e-03 6.209659456601114291e-01 9.917561762347278098e-02 3.001524103605819893e-01
2.715168346232631480e-01 8.901691580149551086e-01 4.771566989395772257e-02 2.757230906951856353e-01 7.145899407805356152e-01 8.615169027942184976e-02 8.593988050460024120e-01
3.454155231555938177e-01 5.561737022235005989e-01 5.020862349940986152e-02 9.099634375282517063e-01 1.427509796324361868e-01 8.253734840985736954e-01 5.073105911020158176e-01
8.448081417759484291e-01 1.458599672589916685e-01 5.181624738140384601e-01 6.199776851065643690e-01 9.585669555033048406e-01 9.017812826427357153e-02 1.159113522163003618e-01
1.084668053639137875e-01 2.882855247293636403e-01 1.256548083243222147e-01 8.598225547315935247e-01 9.129903918411360619e-01 9.269327329414362993e-01 7.559431247054309022e-01
2.935753816533510085e-01 9.228859776310682772e-01 3.099059071793365261e-01 9.751264839760254155e-01 5.917025513918193758e-01 9.487963758307198514e-01 8.255693184004755936e-02
3.475201365358837613e-03 2.408624075484591120e-01 2.137887613582445390e-01 5.156262396461182007e-01 3.415986726672863849e-01 9.307388472175227578e-01 6.062938012436716040e-01
4.371878213124095192e-01 4.401120074533770854e-02 8.476634273165865041e-01 1.425431020023831645e-02 1.587915808664029649e-01 1.916326222602396656e-01 8.595158320169876687e-01
1.309577816071855749e-01 3.561038579440309326e-02 6.516685214807338422e-01 7.441514201748712642e-02 2.553559607900873774e-02 1.354990372870372439e-02 7.579661169893903150e-02
1.127294957799392372e-01 1.841034546021736162e-01 9.839636647766349942e-01 7.620371350850942832e-04 4.944199634334080912e-02 5.287400443396681610e-02 9.108574354600578182e-01
4.631336653754569710e-01 2.998605085641716794e-01 1.643127228923150218e-01 9.912900790865875056e-01 8.442791426607820782e-01 1.579614619100039308e-01 8.936708095694420040e-01
1.336341126991197892e-01 3.475598907366773682e-01 2.629830874058649570e-01 4.584408015465712277e-02 1.755832199733616816e-01 2.591298064337223955e-02 4.142899837020949660e-01
9.116130757762560544e-01 2.280194817406362984e-01 5.939208185526952954e-01 5.877314458747790599e-02 8.272774430535132506e-01 2.429364111437596896e-01 1.031392662764394758e-01
1.013686331002166402e-02 3.032941702175229737e-01 1.673470552405682266e-01 7.019770495338605032e-03 8.122170953529944670e-02 4.468973795866481580e-01 5.459019196911883975e-01
1.826561279080453348e-01 3.450253829298954300e-01 1.042652419492645088e-01 4.796357493052303966e-01 9.458715656790991355e-01 4.564657688562849813e-01 6.386945338079824674e-01
8.128103880036007256e-01 7.576986692778502341e-01 7.757239065116678933e-01 3.734280832775696557e-02 6.630812725248332040e-02 1.290091866562956095e-02 3.835478425462696683e-01
5.323339573469795249e-01 9.217243287220955317e-03 1.617398129733156609e-01 3.502440433821164129e-02 2.202331278317977703e-01 9.898113474695496850e-02 3.006178166080531455e-01
4.662042283272270771e-01 9.004768264950824275e-01 9.724904552881435960e-01 1.967824178705681118e-02 3.159075686836636514e-03 2.787050095048509285e-02 5.237853656831268356e-01
1.828531559217064228e-01 7.077891108140765830e-01 7.902998207759284743e-02 8.902935894445345166e-01 2.253160170476884994e-01 3.776323530782975113e-01 5.776538814646363651e-01
4.852617686352773685e-01 5.808647150157142391e-01 7.211935216760131939e-02 9.626093802081981954e-01 3.775250566249972045e-02 6.258224031244581376e-01 4.694540173761982405e-01
2.138205127182250809e-01 2.042834633604841965e-01 3.385254864022785304e-01 4.448008160579654535e-01 1.724047564494653739e-01 3.539954456096186530e-01 3.944929584301250514e-01
3.852920591492282609e-01 2.089210945233903882e-01 5.658425922606804548e-01 4.634675869622004174e-01 5.317852208788370356e-04 3.506056117660354826e-02 8.768294475488935813e-01
9.684676567448934348e-01 1.818324726638068933e-01 3.059955914787728659e-01 4.154799071244817676e-02 7.706401055777927223e-01 9.270383528504639870e-01 7.588621625266928072e-01
1.018639715526150485e-01 2.264598753591247349e-01 8.543293694077610523e-01 1.172342851500411676e-02 5.808638478958257773e-02 9.168070663621054328e-02 4.820820918926592702e-01
7.477499287187234778e-01 8.658353072709419340e-01 7.900172965680265502e-01 3.063863114713872519e-03 3.345923573992696902e-03 3.539676056143303134e-02 5.847400599665950605e-01
3.803269131494030342e-01 2.831412823047429472e-01 3.806772544883898490e-01 4.052368798429125535e-02 1.161649155424258756e-01 2.196103728339130964e-02 5.570215548471336708e-01
6.901408206099182152e-01 8.496435933816167685e-01 1.044239447456172948e-01 6.996875562173747731e-01 4.804931389736892267e-01 2.920575786509641003e-02 8.591144520684849129e-01
2.032870754501634181e-01 5.010021153676651462e-01 1.222071688337730555e-01 9.562733034215280259e-02 6.531977952029219825e-01 2.719120575241883164e-02 2.476365625094255618e-01
9.107580945675026740e-01 1.855003645669369428e-01 7.503071180824886222e-01 4.850328051017448877e-02 2.266304535618158533e-01 1.559612012031546258e-01 1.919131548387885133e-01
1.987745317593616334e-01 6.551047482241361131e-01 2.899773678516392450e-01 2.514347863974804587e-01 6.685574302816962300e-01 6.412292703063491098e-03 1.642635647279484801e-01
7.659766199951857368e-01 7.165948510647724978e-01 5.787372755616818631e-01 4.633597660637516630e-02 7.399123533082515268e-03 1.167572095567962348e-01 7.970051122989288972e-01
7.011265901291032776e-01 6.311960046222495624e-01 4.510301298317485191e-02 8.371717678389044570e-01 6.747064792023665936e-01 5.336779681848548007e-01 2.652901853086462869e-01
9.280689114540406903e-01 7.811934058102336653e-01 8.070590497971448229e-01 7.395202912462289779e-03 3.902517977285497458e-02 9.916967545017685987e-03 3.299758057998042893e-01
1.596691053204616143e-02 9.625047493909608121e-02 9.062486499530724160e-01 2.548852804615041150e-03 4.790385352197294028e-02 5.132440011388726964e-01 4.027655026738019561e-01
2.206908720481543240e-01 7.320242077891141452e-01 1.474897662065732251e-01 9.608525556392431000e-01 7.900290914762659877e-01 1.957657437064238282e-01 7.671306426391089062e-01
8.771107783340352793e-01 3.497567178798979270e-01 1.164082593364743484e-01 4.279172040285615930e-01 5.184630312742081193e-01 2.936724702118018171e-01 9.072467919057679575e-01
4.625320818567316139e-01 2.017922755576473659e-01 2.839716124301275638e-02 1.970741181580801527e-01 9.335573987529144357e-01 8.549785299880394152e-02 9.794614398657081056e-01
1.944453408327866395e-01 2.957305546281692732e-01 1.931450570464867678e-01 4.105514680191189592e-01 5.065758252177476884e-01 1.728557195856897377e-01 9.799313004795225934e-01
7.445228463269967234e-01 2.997590336514089140e-02 6.440966321978144338e-01 2.535880499946931987e-01 2.660032890344484011e-03 1.475266929441202551e-02 4.340910349549498282e-01
5.096361453147147946e-01 1.999793701831903414e-01 6.581064895186016228e-01 2.997539300050937328e-02 3.107827702671282777e-03 1.640055076297975700e-01 8.786554911628664533e-01
1.283800882750377181e-01 4.557329336227456951e-01 1.888522517898871544e-01 9.518551125907112054e-01 9.169482668912293244e-01 8.463882459042415540e-01 5.624196527092074627e-01
4.528003621241951104e-01 2.280027917527074066e-01 6.248056738625752393e-01 2.368422882856157929e-01 1.967804219619919987e-03 3.472516182593269468e-02 5.924534148499497332e-01
1.243904316370293972e-01 8.032142996811544311e-01 3.173039403665948218e-03 3.699041695411879604e-02 8.413974693069327104e-01 9.154645222428900997e-01 1.786623271702666160e-01
1.306397805250480437e-01 5.199305729754667010e-02 5.100164212830053945e-01 1.036655810765760022e-01 1.105919263713144030e-02 1.316265570912462934e-02 4.642077265732075242e-01
6.208654803004377554e-01 3.921296366501187403e-01 2.438896525205293819e-01 2.951332330821047623e-01 8.012389313941403746e-02 4.225736236805964496e-02 5.746930860265583169e-02
2.571136514383767779e-01 2.116604752764326414e-01 2.951889117069329826e-02 8.079764698650170329e-01 3.653331538487373242e-01 5.471701961532169367e-01 9.387675721484723956e-01
8.578882162627521346e-01 3.286060195369959192e-01 1.919618812096491878e-01 8.640377392878698659e-01 7.886604524957436801e-01 5.212239806158613931e-01 3.236464061691317062e-01
2.915191203638875517e-01 1.299893970400260446e-01 9.327615620434869248e-01 9.726797486917206081e-02 2.881492028772745292e-03 1.003703365649433188e-01 3.576011512229903544e-01
7.064218701091697916e-01 1.498133720685362047e-01 9.933721116178487742e-01 3.426956389790505875e-02 1.822505296916258899e-02 1.174290543191030926e-02 2.631987050156634478e-01
1.508892546589425121e-01 1.944551705036470235e-01 2.263953087030573519e-01 8.868200639784743489e-01 2.319717360778020820e-01 8.159740421086032480e-01 4.290168362603484775e-01
1.600889501100923318e-01 5.043519875304460776e-01 1.119603207718817550e-01 7.733358206862464002e-01 8.478271151422280827e-01 3.518295874210410901e-01 5.365046862767214320e-01
7.382650225857364523e-01 1.504275258151697159e-01 7.864735989662635651e-02 6.360721897053416285e-01 8.326866388998790391e-01 4.519156923978667195e-01 2.331978403539399503e-01
9.003650567083433531e-02 5.355076070490077944e-01 8.012607388652473461e-02 7.098114472931540408e-01 2.162890637021948337e-02 7.214206516291817861e-01 8.515878808742098904e-01
2.990250185906547231e-01 6.655277735963706087e-01 1.490224859766237919e-01 2.960031816251185166e-02 1.193800430415780933e-01 3.098050884923609360e-01 9.622500285081484472e-01
3.606980608891120488e-01 8.438200467810067495e-01 2.475250601795357663e-01 5.029301210685437340e-01 4.046788347670633723e-02 1.823943918472476777e-01 7.051519686545276722e-01
8.464433808247282531e-01 4.134473232438551915e-01 9.392119988513452505e-03 7.114361439322219871e-01 9.389753223638821478e-01 8.691027334851847419e-01 4.770337418957131259e-01
5.623767082236884596e-01 3.608824876761116407e-01 7.504925823200945742e-03 6.482140780241322231e-01 4.771499706649655059e-01 6.212232705110758424e-01 2.184068385989239858e-01
1.201150680564447015e-01 2.310226532011906142e-01 1.474870246375010185e-01 3.103176238916501295e-01 8.538345424928565075e-01 1.765748984543397127e-01 4.835893769063056014e-01
6.018876627852876027e-01 8.197507572031856871e-01 1.915987471554294122e-02 8.775072680593632990e-01 7.331682178733769373e-01 9.293252267403441236e-01 9.170685823438191608e-01
9.959027415443694187e-01 2.809192513084849407e-01 4.940725130266489518e-01 1.325452324497762846e-01 2.038880233527854968e-01 3.902399450122705921e-02 9.559041410094436531e-01
2.067600961967198669e-01 5.219718173118024218e-01 3.909537643150792080e-02 6.144974464331691422e-02 4.726909417132286739e-01 2.890367516164595862e-01 7.847831529232466297e-01
8.789180728876492266e-01 2.679362558826391960e-01 6.639900675380497330e-02 6.222478839806412365e-01 3.181319364979094400e-01 5.321183697701467041e-01 6.196993130956989226e-01
5.697112691733769996e-01 7.459504849969526008e-01 3.881022502928040407e-01 6.668709334992616311e-01 3.191373302187037325e-02 2.990954156980912826e-01 2.874878188216434174e-04
9.104018173308959794e-01 3.678799835641807237e-01 6.764762600413785076e-01 1.001269964966492593e-02 2.882120699761735703e-03 1.628812289288704635e-03 4.129706570670488852e-01
1.718618555815081272e-01 6.020940855999907804e-01 2.867223002242356156e-01 2.464111783766374519e-01 1.190950454874279384e-03 2.003350394630039246e-03 8.315285721742741165e-01
7.262511133494314874e-01 1.594537543925234058e-02 1.509880704786942252e-01 5.283116108001836286e-01 4.572062231572219249e-01 6.244047162886346980e-01 5.119768773044248711e-01
1.685669974050658937e-01 7.320075499138706254e-01 9.588497869817720343e-01 7.612966976271175190e-02 4.657024982512774497e-02 8.780728640751037095e-03 8.270527564167701184e-01
8.274023983567506679e-01 3.706060361261366842e-01 1.648113843976097281e-01 9.766087496671304047e-01 2.162065789128984616e-01 6.729898025467927480e-01 4.214519398628066571e-01
5.607105377450685157e-01 3.808764206539545782e-02 6.083527239276712711e-02 7.262851241347829945e-02 6.824497109598790523e-01 8.367157822007156298e-01 4.637319706686310883e-01
2.002200971665933360e-01 7.092852927710999733e-01 7.064694110633047697e-02 9.049037777986317366e-01 1.218605111931752583e-01 2.772840480558353415e-01 3.664909412898159635e-01
9.771765768832865184e-01 2.217037323571529606e-01 1.295540403089825987e-01 8.637565170327159425e-01 8.177975952263049075e-01 6.783079209823125177e-01 6.124019019474147979e-02
8.252246234103729483e-01 5.998700957706554204e-02 9.695022719424798430e-01 1.048320758556740978e-01 1.402381626352050825e-01 5.048028892469168250e-02 9.170376870108362111e-01
6.650641995812123231e-01 8.327254034561325513e-01 7.743615501938924672e-02 4.651627639442694195e-01 4.028737728129077600e-01 7.593912989900237706e-03 7.421114864395955690e-02
8.261198718421647325e-02 5.446446775966072851e-01 5.210767161617745752e-02 9.817435393371705121e-01 1.185048586081760835e-01 5.839122343533442727e-01 4.221544577128477638e-01
4.551458103718220016e-01 3.546383100486074635e-01 3.138581745116827415e-01 8.321460331735005544e-01 1.719063358349159909e-02 7.176774239132055477e-02 3.317269000313890492e-01
6.112684474346281593e-01 1.480051651372251975e-01 9.468145138239686398e-01 1.862131040313027772e-02 5.677857351371572159e-04 7.620419589551189789e-03 8.867936536872635944e-01
7.967810820934868588e-01 1.036505103835807517e-01 1.163067782543371204e-01 1.219453577892287838e-01 4.213376999871001199e-02 3.170057130299893111e-01 6.428458850265927893e-01
3.425642839891928637e-01 8.489605540276422557e-01 2.654059825011169660e-01 4.327041274777265190e-01 4.675642376040076154e-01 1.479045900443577977e-01 5.728427410438517720e-02
4.646821810501987615e-01 2.082796473880951238e-01 1.826865741995979675e-01 7.765504957325108926e-01 2.797666676673040559e-02 4.740100944463114252e-01 5.822431406868651127e-01
9.118985423144860825e-01 1.979976395573918024e-01 4.026557866033249611e-01 5.916973430222105534e-01 6.447017765019988911e-01 3.665895000073928767e-01 1.730903634537122870e-01
5.473615073593025571e-01 8.469021913605424556e-01 1.899952722157731422e-01 6.003892864305785393e-01 7.919103305162320527e-01 1.428900972550546933e-01 1.488003071654637466e-01
4.348171289890302993e-01 1.063588520862501358e-01 8.796339226020628566e-01 8.687557353050721909e-02 1.484248345329251166e-03 3.563147215084900860e-03 8.001733314862334856e-01
9.858826897993665517e-01 1.206550844898857527e-01 4.175386925175109676e-01 5.501321157689195163e-01 8.157003221795075532e-02 2.797576987402046189e-01 6.484541213777046398e-01
1.030830212139256102e-01 5.197493461915830837e-01 1.274404674365585410e-01 9.987908277084024400e-01 7.000260589913070985e-01 3.799722856943588134e-02 4.856704006052348643e-01
8.855318885458599576e-01 6.405439510517330071e-02 4.622069150662769799e-01 6.720456774186166493e-01 7.348134515094396635e-01 5.597956008413662587e-01 8.848583998529818695e-01
2.503572279387555888e-01 7.805376771093686106e-01 1.716392289630896267e-02 6.434661655934754698e-01 9.974999889246770335e-02 6.057316960596368371e-01 2.622439619772339858e-01
1.573816500651432637e-01 1.348840853255280081e-01 2.082232077234637546e-01 7.866007372194279146e-01 4.354723427675178393e-01 6.315931350097094832e-01 4.037699467144182930e-01
8.137975581585437101e-01 2.253140195935312076e-02 3.146944706057334118e-01 1.201933553178921726e-01 6.111409086146640801e-01 8.354842032490067405e-01 9.093828770310734555e-01
3.378336427207754844e-01 7.208128799556312583e-02 7.978257959382775710e-02 1.423145455381998881e-01 2.028389940889138987e-01 4.527898857161632290e-03 4.838587622569581054e-02
5.047283730146953085e-01 2.108509190620627138e-01 9.508625406390822099e-02 5.217072644535019066e-01 6.032782460292650528e-01 2.534157657605524694e-01 1.844036394924523092e-01
1.043201405358452211e-01 6.192097030229105625e-01 1.065987996122770842e-01 9.950133133672373065e-01 4.911983561901251960e-01 3.429927238491313202e-01 5.615916496289971027e-01
5.747095889025872761e-01 6.589936586506534022e-01 8.523001422421656592e-01 2.403411599731899301e-02 2.054976245650929744e-03 7.345763766047274171e-03 5.991177675967223060e-01
4.589811733610595357e-01 2.909183291001408711e-01 9.195387493873197204e-02 1.690133409318128055e-01 8.000824291802084431e-01 6.103022598652325936e-02 3.386150994700920513e-01
2.045547070082384400e-01 7.606089030468337064e-01 6.885813933761211758e-02 6.252400794571739695e-01 8.852762834233220968e-01 2.585752467056906534e-01 9.256490822690287557e-01
6.983156918465823759e-01 5.878224015821061910e-01 7.355848490983372956e-02 4.003277278525443905e-01 2.196898677200886940e-01 2.633924313036800080e-01 8.826224128737358843e-01
8.127344622913267314e-01 6.328907658653301106e-03 4.614602403283774579e-01 2.801990829231918237e-03 7.215613983307386237e-01 5.066572466223642768e-02 6.283854595374642749e-01
1.431112270695254485e-01 2.589528289445873765e-01 1.413177876956221990e-01 4.224941228792850612e-01 5.416169459582245160e-01 4.821838807302677998e-01 8.821817819179691433e-01
7.155615763424368891e-01 3.227412060091403717e-02 5.658431495610971584e-02 1.811219462399199856e-02 4.038229678790177246e-01 9.729010584517885363e-01 4.932750018016380800e-01
1.277749635633009806e-01 9.206031866908888084e-01 9.174488260713299648e-02 8.362047350419700431e-02 1.476610903018796550e-01 5.372470825441054698e-01 3.881138311088950243e-01
2.717184442786353404e-01 8.703225220478799651e-01 5.583230759802101928e-02 6.432619471285047075e-01 6.440963852444060445e-01 3.164429790449895252e-01 2.487122904592410089e-01
1.973535501855488705e-01 4.164611901180364506e-01 1.768789005965632488e-01 8.981591040296202921e-01 5.838931045106341422e-01 5.484376758359992693e-02 2.375041137341204478e-01
9.655648750563096128e-01 5.895341716269375532e-01 1.894718833281207881e-01 7.264307797608696715e-01 7.048054620548276361e-01 2.821811327630053823e-01 4.469145980318096206e-02
5.187187186498577463e-01 4.168506599413226987e-01 7.688867502830100398e-02 4.364817025304191800e-01 6.601679389567766121e-01 3.675383933110127344e-01 1.929382753163438324e-01
4.350086430656825431e-01 1.815242525857918010e-01 2.849304657295237408e-02 3.401102877143895586e-01 8.628794660816386797e-01 1.692579091907847888e-01 4.653727202816219100e-01
7.716252882995893181e-01 8.846509405200641066e-03 2.556989166478653153e-01 1.040611498740059548e-03 4.338539557005183928e-04 6.438619981761255495e-01 1.199810639214726887e-01
9.889122492081505733e-01 1.750727624676934671e-02 4.050588893490648101e-01 1.685097834422409069e-01 1.478759066394389476e-01 1.336969130917768991e-02 5.829139345022016361e-01
8.767894635409932969e-01 9.217679705469214446e-02 1.448077875858971297e-01 5.690614406921659096e-01 6.651053338609995702e-01 1.318322706686656243e-01 9.881783435880803212e-01
8.501875270752965452e-01 4.457483416662593179e-01 7.161209303004283377e-01 3.137096728742653773e-01 5.185353420620136128e-02 2.133082415541540100e-03 7.413184270474393323e-01
3.160452682255582291e-01 1.145522183010075495e-01 2.806961821034151608e-02 9.054128924440309201e-02 8.667984729957306511e-01 7.722561421029338069e-01 5.065139272235693602e-01
4.615137646891037115e-01 1.718906407806694292e-01 4.750577408568428667e-02 6.691927393533467772e-01 6.989758584603752434e-01 4.510681668977309933e-01 4.874258535855003904e-01
4.739136591486188266e-01 3.011059415211596590e-01 7.507663821334641108e-02 9.112902465329952850e-01 3.228188517761871323e-01 6.305323428306318645e-01 8.138938869417174926e-01
8.802649017177652802e-01 4.368775114270543325e-01 5.745548283840134357e-02 8.960840022559146689e-01 9.633397346673692185e-01 4.885628517118761199e-02 4.530539622464481164e-01
7.478984950966377498e-01 6.301684890466338063e-01 3.414284476891488174e-01 3.414753963358839288e-03 7.816081788018906795e-02 6.272631265835802716e-02 6.759693248102227603e-01
7.117924213073921758e-01 8.317771916663454501e-01 4.967923983347463657e-02 8.039323789728529679e-01 2.347048910027199342e-01 1.870036323607955353e-01 6.993607542543112121e-01
9.514857168648727104e-01 9.025181624031218819e-01 9.895591438511888160e-01 2.301407104461611688e-02 7.549086144394804047e-04 8.847906672545178403e-03 1.837157833788309880e-01
4.873897762196461869e-01 2.493022759214705841e-01 1.684907869291877580e-01 9.383276282935703039e-01 6.443016017043492472e-01 1.324986303934470033e-01 6.508978369265749908e-01
5.294004579766163898e-01 8.394966520873646809e-01 1.086081786631285240e-01 5.460084542020106069e-01 2.269359158761658779e-01 9.359288978929627967e-02 7.321948495309502647e-01
2.496600434589467121e-01 1.079047977695371668e-01 1.912426736757350254e-01 9.908753795993207047e-01 7.064774999358486296e-01 6.335264917438809817e-01 5.729608619532394753e-01
3.393305064320494835e-01 1.816102684758895969e-01 2.827656522236883241e-01 9.931720882693509944e-01 2.924997335539170074e-01 2.066602319992130454e-01 6.862535223633265957e-01
6.676066871316096440e-01 6.045410423891767887e-02 1.160549831890894251e-01 4.757097698094986948e-01 2.787553853532476200e-01 5.324503594599382383e-01 8.260172372166368904e-01
5.196844881596098809e-01 2.130785658819204231e-01 1.707357043663060986e-02 1.411773523201721725e-01 2.274317138802842420e-01 5.433432103987475940e-03 5.759463534666812157e-01
6.982916629450581780e-01 2.761921395028651971e-01 2.843414221677489362e-01 7.378557991226283863e-02 3.477298197115583078e-02 9.595971534769513409e-03 7.637447481968033802e-01
7.700002154789568065e-01 1.033664621250449528e-01 1.802323749547675991e-01 4.202813655362807599e-01 6.041380491670710340e-01 9.349401284264010625e-01 9.305261028292268755e-01
2.956925311260165667e-01 6.007567926096124555e-01 2.217451170040887487e-01 3.154010063871976605e-02 2.311622662821445282e-02 1.609716167081277349e-01 5.852877624995652672e-01
1.320803398165978915e-01 3.120877279550692829e-01 1.342347401887888370e-01 4.015029252149406869e-01 9.368014056346735119e-01 5.137349146312094605e-01 2.577927900933373317e-01
2.800428894879901653e-01 8.338193704728372735e-01 7.772668205631576566e-01 1.107543467524274294e-01 3.438682932691620314e-03 1.792439952287738780e-02 1.136301099183463920e-01
4.236399491431199205e-01 5.970930791563627826e-01 4.569156133135076070e-01 3.348177331227739778e-02 7.793173034414138667e-02 2.411924767658864613e-02 7.063135449358864948e-01
4.474708213314167460e-01 1.736730313287905281e-01 1.093730520886972563e-01 9.885773906084648344e-01 8.647948531867666322e-01 4.182878003436147352e-01 1.005026949628551464e-01
8.169207489183992754e-01 1.430203003991563360e-01 2.315407762275434045e-01 3.269720525868455990e-02 9.666400190878638998e-01 2.445508457567068250e-01 3.824513498449644833e-01
9.914597975419916498e-01 7.251322023842133868e-01 2.944399771744455330e-01 1.870811273748198833e-01 6.131355508196293519e-02 1.568858663761480213e-02 3.688287353081029507e-01
3.663405379942954454e-01 4.931484477892985607e-01 5.806807763893705870e-03 7.272594406889534291e-01 7.599324926406356706e-01 8.930846751513946691e-01 4.247521330843467280e-01
4.387124089567542295e-01 5.158844644368524301e-01 2.245542764337424280e-01 5.414065534604858287e-01 8.977708600818046225e-01 6.264141493349689727e-02 1.164087220609344442e-01
3.176575337680113131e-01 4.105850623128812216e-01 1.131066681048429889e-01 2.896091606592172685e-01 1.464704049515765886e-03 1.796554439706737200e-02 4.317810477759426724e-01
5.074624699431563579e-01 8.334452397923877154e-01 1.083697380411504096e-01 8.669468881180115716e-01 8.266615140991227795e-02 3.503953413565986247e-02 2.287364605388909899e-01
8.301455986482826344e-01 1.250621629626385289e-01 2.644560868980175283e-01 9.182448076456585229e-01 6.043003733167020552e-01 6.884279138061877301e-01 9.826273614471267015e-01
8.435257670621378878e-01 7.587810310854572471e-01 4.002549402459380512e-01 9.444184460313703386e-03 5.479307845943999500e-02 4.069191369965394905e-02 4.671192939426112023e-01
4.390776863122349827e-01 6.852964498333607990e-01 4.362088416969683302e-01 7.025002959377127376e-02 3.297357534758668662e-03 1.148392984911623602e-02 2.834773973400825375e-01
8.939259439011794095e-01 2.935275659441933804e-01 8.996230593788812416e-03 4.983879322689426794e-01 9.852969847991709385e-01 2.397978405693594328e-01 5.565976079545569277e-01
3.255871970354325962e-01 8.037107984208818889e-01 1.369531117600827075e-01 4.739215001295490337e-01 5.465596804543880749e-01 2.227768798957260321e-01 9.819050416366017497e-01
1.594960588563002768e-01 4.019660521365002182e-01 2.788024414130261738e-02 6.056329154027707551e-01 8.878653987997062735e-01 6.586697422408058777e-01 6.433745851097135704e-01
8.244412992284541608e-02 8.791372807580158932e-01 2.858835525603876104e-01 1.347819544960862925e-01 5.340037153317636967e-03 7.438335670162318780e-02 6.124132033963378685e-01
4.067436571696714243e-01 6.818068616311886987e-02 1.010430733987821919e-02 3.184164209687762037e-01 4.283218443711487855e-01 9.229116016569242908e-02 9.173123391277769878e-01
4.511475550771376075e-01 3.135286480666109599e-01 2.018645353374579066e-02 1.702543086043687981e-01 6.082085904233126561e-01 9.476243542468690273e-03 6.303745161811381559e-01
2.913914276766133571e-01 7.705262611491132674e-01 2.255352766060346806e-02 7.539285658805383594e-01 7.261302068694248657e-01 9.488402126150985438e-01 5.692494372451667450e-01
2.648063134790418771e-01 4.486264907911803324e-01 1.047127438824540513e-01 8.200509021795525377e-02 3.468689974434841644e-02 3.507718481711639968e-02 8.022630510548866001e-01
3.859842046927619563e-01 4.900717738246328503e-01 1.417365547825707832e-03 4.139340956063540800e-01 6.356095947577607985e-01 6.166871141549671309e-01 3.920916845082215163e-01
8.392023063974464181e-01 1.487832089671990710e-01 5.352858414799560594e-01 3.430139912337717978e-02 1.940250587921546867e-03 4.133313614339564207e-02 9.704597002467575395e-01
6.269435934548182043e-01 1.811009229139740745e-02 1.799892659066600342e-01 6.553459295068680968e-01 7.900277298080478072e-01 6.734959328478792862e-02 4.003542778392589763e-01
4.039824711727773021e-01 4.876764003298168504e-01 4.261626823609709902e-02 6.245242567354071239e-01 5.691072452597888409e-01 6.436819905376747197e-01 6.918075402311409938e-01
1.761411175935633233e-01 3.358929648487128938e-01 1.423039248376093135e-01 6.218157908132463385e-01 5.992902897443543875e-01 4.487139383933730352e-01 9.179959859686657175e-01
2.664873333512776110e-01 3.493650526115995025e-01 3.729391768938687679e-02 7.613740982047944028e-01 6.428870659890077999e-01 1.758753364469151093e-01 4.599637848965484332e-01
5.696887295503890725e-01 2.400663493892114114e-02 1.550807230232445766e-01 1.192745390733910837e-01 8.636234862424776448e-01 6.932089597898684064e-01 6.089737898948810457e-01
5.096653786475898729e-01 4.837477235944094289e-01 1.185568581232809976e-01 6.603873528749777400e-01 2.905236953807566747e-01 1.052105477615347950e-01 3.970029580258883639e-01
9.183040598318787939e-01 1.771962025546466313e-01 2.612799498883542904e-01 3.969211110583927282e-01 9.718103305524709024e-01 1.073191184748429478e-01 3.574163909131722328e-01
5.325867142257392217e-01 4.576344290204165111e-01 2.330110668831159304e-01 9.619836498441920458e-01 8.610180252593108152e-01 1.631989952943070088e-01 2.268454178217850850e-02
9.651952195244055677e-01 1.932233776566335826e-01 3.259908230060994949e-01 5.461107512638737616e-01 1.312288029722118998e-01 1.749916229541468443e-02 1.638719804074161845e-01
8.955958191301452986e-01 7.897329496000921045e-01 2.186826101994403249e-01 1.969294534168845520e-02 3.125027842387806398e-02 8.557070391862193039e-04 6.300841223712622119e-01
5.989488531228275292e-01 4.854943163828596697e-01 7.394735956227548035e-02 8.425157000807734775e-01 3.958062833246813184e-01 1.329079177791204769e-01 7.111104324119338349e-01
2.852245844136770403e-01 1.329538094029038275e-01 7.509168224435547323e-02 7.726139149244981574e-01 5.452826978811620151e-01 6.788582379430128100e-01 9.457074925705459822e-01
5.045770744674062946e-01 8.485779890947203752e-01 4.207595791785612160e-02 8.796141522094435006e-01 3.381550975554539762e-01 5.636174601973614751e-01 1.637482114401993261e-01
9.561717050908578042e-01 2.963447765061879013e-01 7.312720787519180060e-03 4.925925252199655491e-01 5.385660162600396372e-01 3.174577803963166134e-02 6.369777291580037970e-02
9.498057594040083540e-01 8.482088896473387596e-01 7.966649161601097040e-01 5.649792824746807662e-02 3.410111506963190570e-03 9.446855974796960695e-03 2.230384160643166802e-01
3.471084485987528945e-01 8.318938629814094377e-01 1.758962601059011199e-01 9.509218748360741547e-01 1.626139593011135254e-01 4.189899005766369311e-01 8.133831454411021289e-01
8.241902870370799716e-01 3.283612583053647782e-01 1.502093337076374213e-01 4.329678458157404375e-01 5.348225004941645766e-01 5.106849436105864032e-02 4.360376351019834007e-01
4.333075999807613488e-01 4.918301771965506997e-01 1.369194929013171913e-01 9.890185878748076753e-01 2.242214909711759407e-01 5.909831100475025911e-01 1.272902986188311214e-01
9.115086679902281164e-01 1.448252495568960740e-01 3.921882647503315278e-01 7.301650727892178283e-01 4.763251830650520047e-01 1.448879373025146744e-01 2.664497668329285363e-01
8.469930117909094669e-01 1.881369365209207001e-01 2.616481047481108990e-01 9.925804784919367574e-01 9.254369353300001544e-01 3.342895068478496934e-01 4.260805508239550177e-01
5.803076738388086679e-03 9.181004544938878853e-01 8.707454480412633036e-01 2.481250542223777458e-02 4.648364303311419699e-02 4.686510177638184699e-02 7.354696985765388773e-01
7.780087155133194043e-01 2.831141481115890812e-01 1.242432920515371825e-01 4.729455161164757698e-02 6.478948581969833365e-01 4.420516250989535711e-01 7.826760445861542792e-02
1.908325191763690920e-01 3.679032754088911727e-01 7.749657081560954452e-01 9.498356288680448456e-01 4.552508458057044072e-01 1.603825161934044211e-03 2.365654181617475940e-02
5.309515670071385252e-01 9.518705995960095034e-01 9.912158264503728722e-01 1.097316613993490758e-01 1.620861445422640615e-02 7.465573758453269461e-03 7.453901356642546050e-01
1.945591530730059193e-01 6.669221079623163240e-01 1.576778020706044448e-01 1.250949157399439300e-02 1.529091928855517979e-01 1.637404030878836236e-02 2.932136662942316230e-01
5.295850574071824246e-01 7.062540349043969767e-01 1.985972059958379388e-01 4.203386476962266138e-02 4.309815529207756263e-02 5.882299978715593153e-02 4.245230860800204287e-01
8.520329236434871778e-02 1.625124634898517384e-01 2.872479701188565201e-02 9.552984107400499525e-01 5.966454190070707986e-01 9.163267058490069950e-01 3.856192036441424831e-01
3.796806528931339075e-01 1.170556893977944823e-02 2.403907262772054521e-01 2.511175591410208519e-01 9.917329054908010644e-01 2.678896505958812679e-01 5.078227861590864922e-01
8.013295293987949819e-01 5.792160475919627682e-01 5.129246556724565975e-01 1.277380263242456626e-01 3.736273578047604599e-02 3.366655850406960644e-03 3.158508972156559014e-01
1.403123940203884583e-02 1.537423839009968152e-01 6.946714877986298609e-01 3.116805375460057759e-02 1.148447616053790143e-01 5.081141606531231619e-02 8.009497267615975913e-01
3.665835282113065752e-01 8.232702173845548588e-01 1.525181176697135987e-01 6.314493199678811175e-01 4.687606011555083829e-01 1.450581255894421587e-04 6.400000408257033868e-01
1.457247949530479092e-01 1.582288359666287059e-01 3.257206531212294420e-01 8.695865563817954946e-01 5.645563568947797872e-01 5.170804876051145194e-02 7.623521799874900529e-01
4.666118308474667131e-01 4.773939396137852342e-01 2.456677535517590993e-01 6.903758684198006979e-01 5.444137827733037671e-01 1.038811807867032061e-01 3.313655597232729733e-01
4.644419540411601766e-01 2.209282841062274461e-01 1.387391712887577899e-01 9.260938785671370965e-01 5.774827720363800987e-01 9.912495184523719555e-03 2.169107938204256070e-01
5.282059801495784246e-01 8.360437377780941537e-01 3.245160471558094367e-02 4.633682632274810920e-01 8.867685763434782209e-02 1.829985972642732273e-01 8.668562447360743384e-02
6.084958265350119966e-01 5.060891840175947565e-02 6.025428325276461355e-02 7.610587052367885352e-01 7.415912925011738377e-01 6.282131057809222652e-01 6.961031194430256086e-01
6.733370651234851234e-01 7.472722534808934336e-02 6.247709199603392050e-02 8.441873794925408570e-01 7.728917248073724489e-01 7.663061238515709306e-01 3.010667558247314135e-01
1.086801965936924769e-01 6.440526829798899622e-02 8.093029918241871276e-03 2.402880236739542985e-01 8.595079764816914158e-01 1.869941853012136168e-01 1.637955298163679130e-01
8.651353483042051318e-01 1.891659280183907443e-01 6.298813965194704871e-03 6.363299865534589594e-01 6.371525430013723623e-01 8.485586861521555724e-01 1.195003677206737114e-01
9.790262232255591002e-01 9.029584595103316846e-02 1.586127598558784435e-01 4.547926597716937525e-01 3.824138331657211953e-01 4.873498643897115901e-02 3.277793298412753353e-01
4.539728039499451029e-01 4.818217918140876854e-01 9.807993589904112630e-02 7.856771574505364564e-01 6.991178232571403361e-01 7.714602623239599222e-01 6.428381354292185268e-01
2.595570578265194439e-01 1.491452545775057703e-01 8.680457263038744709e-02 6.284487125675265462e-01 8.373723144373839133e-01 4.438203353432423892e-01 5.053528821980415309e-01
6.117740363671206882e-01 7.645112373928601539e-03 3.095811983890273678e-01 3.152214570403335525e-01 1.565141714687560970e-02 3.574424913838774448e-02 7.718161501199345409e-01
3.150311693957337233e-01 8.442053056847001469e-02 1.055994810788893623e-01 3.412179081513120882e-01 8.553492190982489030e-01 1.152792054670644800e-01 4.817973616445786478e-02
4.542884922474020315e-01 5.049413569007856761e-01 1.710210418590106807e-01 8.433066689111207159e-01 1.105727349043862245e-01 2.212371202303229506e-02 1.932088155231605764e-01
1.563582862566963438e-01 7.579101233859805165e-01 4.570077514296802534e-02 9.625049860441579064e-01 4.589848323256024987e-01 7.369500842714253874e-01 1.059053080329882268e-01
2.281827486961797088e-02 4.931596376347681665e-01 5.397406481932613964e-01 1.936790610994474846e-02 7.872341995378619173e-02 2.721871488523581323e-02 3.459736799159987553e-01
1.475698740834899270e-01 1.648215618600816501e-01 2.042775369484957915e-01 7.688271588303041693e-01 7.567692787860365033e-01 2.980648431936319120e-01 6.869163697046491990e-01
1.344490843712931039e-01 4.479747369033392768e-01 4.233606666660904433e-03 2.999585351587008564e-01 8.725948334848144805e-01 1.879797408321763619e-01 4.281119838464791938e-01
5.445245283285521376e-01 1.184240296658057266e-02 1.550382419376145071e-01 7.171656344958782237e-01 5.267598037103035091e-01 1.772252844807838956e-01 8.872792140373610970e-01
8.491277844111908557e-01 3.608923142257935424e-01 1.563890105109951578e-01 4.467076338533295110e-01 4.007099836318337993e-01 1.272166150752379044e-01 3.605568659203868265e-01
4.236117576187967138e-01 2.535908561467300343e-02 1.622160116033352362e-01 7.160120162020431334e-01 5.088263866223216025e-01 7.785993281209983019e-01 3.942239278411872189e-02
5.565888937117546842e-02 3.663220998462959899e-01 6.886425506571033361e-01 2.815281688666466664e-01 1.863993299553431265e-02 2.692443155441171312e-02 9.443432361832810873e-01
1.499015191319282569e-01 3.580974180484749469e-01 4.230138453524718845e-01 8.538781880186088746e-02 2.126726917034403863e-01 7.709293555463501979e-02 4.226170850671637225e-01
2.885443151954080743e-01 9.767200805217123027e-02 3.510111195584513233e-01 9.071538085901030835e-01 7.371258840955944303e-01 2.782366162747677493e-02 4.544058049006671762e-01
2.035800807643080579e-01 6.173166298396700474e-02 3.349794262962371705e-01 8.751309170570260587e-01 6.788912062154348614e-01 8.667226398443115265e-01 1.104974655848959819e-01
1.235831649426618883e-01 1.894044855149923656e-01 1.876255964717161995e-01 4.803332845112250893e-01 6.437287400839931673e-01 3.607649180497802810e-01 3.006609833273787835e-01
4.359369072238823001e-02 1.887202852085664850e-02 4.929303917556436265e-01 8.900580984748118762e-01 8.305915227242191001e-01 3.136665129832046928e-01 8.221876949333694062e-01
6.901338597673175590e-01 1.157789874888401176e-02 8.029632438831698638e-01 9.731728405167402451e-01 4.972948509819818952e-01 6.255813693974343614e-02 2.256517600868984952e-01
4.789195137810481895e-01 4.786968975544457772e-01 1.616652563818247734e-01 8.014254491144586767e-01 7.493118387733334052e-01 6.231477644619728973e-02 9.285638045412765162e-01
7.418028872069893920e-01 9.958917460883354167e-01 9.055243517196330805e-01 6.111614854037138861e-02 7.622504801910533201e-03 1.646192167589154154e-02 8.499333841952051716e-02
8.958822729130487827e-01 5.552575473529035126e-03 1.272189136252580566e-01 1.995506515717775653e-01 3.703549427151368034e-01 3.115923516752794331e-01 6.519117449776645756e-01
1.773143455701906568e-01 3.660879464585216347e-02 1.806469058408262385e-01 2.836329177372924337e-01 2.815743128568694020e-01 5.877863282034564985e-02 4.588225220831082529e-01
1.957450191369777548e-01 7.099214753999405492e-01 3.196168691355801283e-01 1.233204069375782169e-01 2.394125541567644275e-02 1.341595969576038494e-02 6.374971600092785851e-01
1.393320141728633388e-01 1.092102645266935929e-01 3.023252619220362925e-01 6.979851836580482916e-01 4.938163002799332291e-01 2.705816397271571527e-01 9.726789878751957996e-01
2.686199842403731025e-02 1.448991053578661536e-01 5.499617180608038502e-01 4.209836819069464608e-01 7.645309130636982475e-01 5.205808066567354196e-03 9.886541711365852067e-03
9.696683501864341581e-01 3.277436933081964709e-02 6.939742100781787215e-01 6.630902793203024004e-01 7.150113229634288414e-01 1.801999572896551549e-01 4.604019276068402888e-01
3.836568099475469173e-01 3.816162413034979162e-01 7.367259246463386813e-02 2.398201854878009159e-02 2.625372086879084604e-02 6.510331905234323369e-02 9.968485720397599614e-01
7.268076018425720930e-01 3.344064319270169672e-01 4.115128482032169854e-01 1.372234841727875132e-01 9.913997184587523825e-02 8.018483601810597050e-02 6.598309088328331296e-01
8.257783118782466847e-01 5.532014820462952814e-02 4.061949941145863718e-01 9.206016796677829461e-01 6.429109428017907302e-01 1.335026537204877239e-01 4.177153429466515244e-01
6.505508034785730809e-01 2.655737855196422040e-02 1.762497551185139011e-01 3.814441578779017017e-01 5.662879067062298599e-01 2.192707016214592297e-01 2.676883613873496381e-01
4.257496780302971046e-02 6.379678718047889774e-01 4.974293259103878401e-02 5.232386248393581241e-01 3.352534223793230406e-01 8.394835571033008870e-02 3.397877874548462240e-01
4.058006205534295252e-01 8.150045553715170588e-01 8.605148518545052694e-02 7.963028633619456675e-01 6.786336492474061011e-01 2.819401391644277277e-01 3.697831565540337651e-01
2.741100879494680065e-01 8.640786437674147225e-01 4.292143881268139366e-02 8.392220661567297846e-01 2.245083050628383092e-01 8.994191907146641130e-02 2.275161804084023520e-01
3.167256342626502685e-01 8.458865097179759651e-01 1.621615374389515779e-02 8.078943953563622049e-01 1.038403097387357310e-01 3.392413545597805502e-01 5.379192552011859974e-01
3.970417952570691189e-01 8.178495065296973454e-01 8.971300297449992522e-02 9.458865395428046607e-01 2.452643966021548771e-01 1.157988088236860114e-01 3.639171163444556156e-01
4.926934904680945748e-01 4.778591784190876490e-01 1.606872332790768854e-01 9.387122531976267448e-01 6.160830501940331994e-01 3.503058866005583361e-01 6.840960213645267407e-01
4.502250561331122003e-01 2.506348570606908299e-01 1.774431394399408335e-01 9.005700274700861874e-01 4.392762600341643675e-01 2.454107410807761513e-01 2.761196003480921313e-01
5.576717589296555921e-01 4.303676506101151156e-01 2.744326371414746238e-02 7.390482282416330762e-01 8.087927019903995429e-01 2.347575937537864088e-01 3.896921251948460840e-01
9.962845236084544309e-01 2.218242235105994525e-02 4.096515190265826445e-01 2.657879112695079593e-01 2.507795582932659251e-01 4.287349265044021474e-01 2.690991472442210136e-03
2.421992522395411129e-01 1.449072995701956579e-01 1.150223635810948553e-01 8.412394620267692469e-01 7.013111065346968598e-01 9.447440789499392255e-02 3.018496725076706966e-01
8.012830245014952446e-01 4.377773958482062411e-01 1.960278396270723200e-01 5.771239436843504933e-01 6.055070741752135444e-01 5.595375597587426419e-01 1.385487330170040998e-01
8.724401549457179161e-01 2.373224045338414578e-01 5.200079146776076522e-01 6.669858055736144209e-01 7.469528731317897075e-01 1.181882857840634987e-01 9.863193280625187631e-01
2.565029245838424399e-01 2.138338699228321260e-01 5.106886268678478835e-01 7.039536667918969703e-01 8.110948831503214107e-01 6.295842231795645283e-01 8.668377222426898454e-01
5.660907211802044259e-01 8.203803094418680164e-01 6.877023850102762514e-01 9.501932311884888627e-01 9.763710734178416839e-01 3.468103385403752126e-02 3.716222384561320147e-01
7.539656474537869135e-01 1.627455015215698575e-01 9.876996377149953599e-01 4.368686510090694641e-01 8.487594240896662035e-01 2.705883930565560203e-01 6.727094586653793451e-01
5.160327794249951472e-01 2.449681049189440709e-03 5.601498768636627990e-01 6.738963322680893708e-02 9.554605492317463922e-01 5.207665879135897624e-01 6.128253932914994040e-02
4.725505121062881231e-01 1.002228742150923502e-01 5.351862831078417759e-01 7.149353367598827724e-02 6.614701050932543513e-02 3.761294497174037521e-01 9.831730701379763904e-01
4.378030667910742801e-01 1.220828956527877096e-01 8.645662155117436187e-01 4.143501593549455131e-01 1.173841294438707217e-01 1.408803788960374948e-01 9.045115035469923903e-01
3.229228559911952456e-01 7.554438057559743624e-01 2.814580105551949818e-01 3.345077824493811192e-01 4.699707338674386503e-01 5.446992428952900783e-02 5.833858076637324919e-01
2.424951872918175433e-01 7.552196280177885246e-01 7.262556481215307613e-01 2.948114197983912610e-01 1.926410645990744852e-01 1.326958561520582836e-01 5.463067011287873198e-01
7.798450799594607297e-01 1.778417727347887112e-01 6.378971196524768628e-01 7.260266527391141533e-01 6.165625108039909374e-01 6.682819254391217934e-01 1.897791164272019937e-01
3.614058944896926251e-01 2.221284200094840733e-01 3.965028531309330861e-01 2.267077128701959210e-01 4.113584445803840639e-01 9.179223943430475652e-02 4.012933888591242448e-01
4.652539274381006784e-01 8.007070070098977199e-01 5.825053862666177418e-01 9.145055459647973839e-01 4.930893699506467831e-01 2.895921535929411039e-01 2.304938901623108105e-01
9.461942693370626323e-01 4.757884703734825971e-01 1.770553812097422353e-01 7.693469834154232911e-01 4.952179621488412842e-01 7.329368183656272961e-01 2.595718082346401556e-01
1.397720098529015020e-01 1.805249031194532949e-01 7.632864661880920387e-01 6.667478181881844046e-01 9.967265336298315459e-01 3.742141421758213848e-01 3.337220898954190718e-01
3.172174373271871017e-01 8.483203353104744604e-01 8.570627109836028712e-01 3.894053343921403121e-01 4.448311878168685896e-01 1.092615873597286014e-01 6.442851809497422977e-01
6.284683867831374338e-01 2.587434080747370579e-01 7.951940389171259227e-01 1.899064946230744760e-02 1.807691069075745283e-03 8.158685708849482132e-02 7.682186501106265109e-01
4.758884566302118424e-01 4.007933075965723901e-01 3.062855250723701683e-01 8.131567874831998610e-01 2.907624644849123863e-01 1.995085892251569348e-01 9.632225962243662343e-01
8.341031969909451504e-02 4.051000889459085430e-01 7.286475840575669383e-02 2.669207744181909536e-01 5.831419429577198166e-01 4.107982075931423949e-01 2.834058757840979825e-01
3.003263939697629614e-01 7.721471075010519769e-01 9.017039442198028221e-01 6.812341570007865998e-01 2.943678831890167991e-01 1.513372123520531631e-01 9.539159372770878997e-01
7.494459630978707043e-01 1.789324611502692008e-01 7.332881050835724501e-01 7.593299493182098514e-01 2.903637700468230110e-01 1.610197447324523412e-01 5.228671799333225456e-01
1.513522014112359815e-01 7.416515721649156179e-01 9.287711068576054441e-01 3.121132899870823763e-01 2.293898063230762063e-01 1.784902835706635438e-01 3.845086091194394595e-01
9.803964446303929936e-01 2.194270638446740862e-01 8.100507404775034170e-02 4.303066513005280314e-01 6.624374160821300261e-01 3.799279846721957399e-01 1.904530641516185563e-01
4.910339159765182981e-01 1.058713090154528580e-01 6.768304667044202638e-01 6.382401535280018967e-02 2.133548851647408262e-01 3.806846097719645758e-03 6.157877794648131120e-01
3.671006167966727740e-01 4.899963470793314846e-01 7.908722275160064985e-01 7.491761598348584128e-01 5.571303346686413693e-01 2.442145933519157264e-01 3.674920448418845242e-01
5.139921855042597354e-01 6.942612793918813419e-02 1.585944346829245288e-01 6.565038336988729961e-01 9.880893203831784266e-01 3.045662779402598663e-01 8.613376775980547961e-01
4.050848196180949490e-01 1.318072570227584173e-01 7.277574882902043685e-01 3.889168358620006660e-03 4.325435049518777664e-01 5.488025516064939935e-02 1.951288428308763645e-01
6.303874165401222029e-01 1.966827730313388742e-02 5.185757635304593105e-01 2.827952629187617251e-01 3.919107744416522321e-01 1.312099444268264858e-01 4.866646787820736453e-01
1.156695770211956242e-01 4.561138507778719764e-01 5.501415947164732811e-01 7.020246342787888061e-01 3.146402166050910054e-01 3.646378901809695927e-01 4.798668079299639455e-01
2.979836219062706459e-01 7.525920942968297167e-01 2.709487772884663359e-01 5.492320538064746627e-01 6.997688668989286986e-01 3.261194392434121903e-01 8.531576449435314125e-01
3.026186902004054935e-01 7.618785230322155932e-01 9.853229345600869049e-01 7.307876263956792906e-01 6.527640986339101614e-01 5.385324456250838443e-01 1.381483836330953119e-01
9.081293372827961008e-01 3.851056223802578060e-01 1.871740393375030953e-01 4.549891062914596107e-01 3.317999165561852926e-01 1.244862176044201907e-01 1.924546876894776826e-01
5.234271930748547463e-01 5.137375722724262239e-01 1.166978493929845262e-01 6.082496167962370137e-01 6.688839243585185113e-01 9.634565262197625213e-01 3.347843582533041040e-01
7.272160040643778078e-01 6.030199629523095295e-01 9.980944416039669864e-01 9.332024133163985269e-01 4.455759283538811011e-01 4.876283829771232980e-03 1.781331614344856540e-01
5.192088627850722782e-01 8.177510905741654235e-02 2.539247023589396024e-01 7.926813186436315606e-01 1.537098421167747975e-01 1.195178708239294230e-01 2.129666170341374953e-01
4.967790202257182375e-01 3.347916816660487238e-01 5.321928510026013859e-01 4.589633442504925109e-01 2.498217931608607278e-01 2.984960549221679638e-02 8.821191259237585180e-01
3.478594301025376145e-01 7.692487072735190168e-01 9.705869846127544998e-01 9.806253994895945958e-01 9.904659792355596792e-02 5.996629967198107147e-01 3.270086993831306521e-01
5.100754047316001794e-01 2.876710340485945094e-01 6.301920611308883258e-01 6.868678821494196285e-01 9.893514212406984143e-01 9.360593460754450534e-01 1.742498423469718283e-02
4.092251099340125098e-01 7.996837949232429299e-01 2.531279721708966091e-01 9.885407996665536157e-01 4.789063980978579549e-01 9.298561374253487555e-02 9.455566603055171049e-01
2.930735106702153647e-01 3.215453409531301432e-01 6.047863617500026656e-01 5.512200467428121642e-02 3.512749674439955561e-01 1.395566494802011059e-01 1.761594348520269526e-01
4.396364202397667897e-01 1.596237904469214319e-01 8.586324212629755648e-01 7.749524814431771880e-01 7.883047524486654911e-01 1.750325049763419016e-01 4.715827425667694084e-01
6.394322098957371248e-01 5.495357577479527134e-01 8.493575086603714075e-01 1.426374868686186848e-01 1.173786943865228888e-01 1.008525252848588988e-02 7.947869120678207056e-01
3.353593178476259595e-01 4.221630175982625244e-01 8.457225318537096026e-01 1.359704902317355590e-03 1.085213078009073101e-01 1.015179231191274956e-01 6.873630730388972099e-01
4.458817955816254397e-01 1.571439031273474118e-01 5.571864257538206022e-01 9.145462194664453204e-01 4.012371175989385974e-01 4.397250437477866480e-01 5.971812612361393491e-01
3.273909861432546808e-01 2.266087197641993012e-01 9.352875417249763013e-01 3.879519887013795354e-01 2.103435635360326461e-01 4.272830443265186046e-02 7.468912099102220647e-01
4.544620083996820381e-01 2.244783769882735813e-01 4.097421946638687973e-01 1.163520354197840057e-01 3.682176753265142821e-01 7.405818209180135836e-02 2.682165934066589874e-01
2.801352247853717281e-01 8.356926933516622968e-01 6.403679716868723171e-01 4.487380691142693889e-01 9.653202338461381871e-01 1.916844172179239247e-01 9.042823566511340450e-02
7.467076303738445775e-01 3.113056246915656966e-01 2.069503153575074639e-01 6.039343929491439722e-01 9.665098784680987709e-01 8.268201808616854054e-01 5.218349100817107344e-02
1.934647726393019240e-01 7.408056377916052426e-01 9.489882783784925335e-01 9.923482095308289175e-01 8.609517141665768217e-03 7.023533819564931752e-03 1.207444914282398279e-01
4.786531590178244033e-01 4.128650970054632552e-01 4.059138013073799178e-01 6.519445331649558195e-01 4.363980080114510662e-01 1.007881574016600973e-01 8.674509152680167645e-01
5.252249633342032098e-01 2.480486552179397564e-01 3.721682621772162691e-01 8.394885154805319383e-01 6.162974787276205291e-01 7.672290890838300292e-01 6.545051222986354444e-01
2.455354122070472767e-01 7.504921612665712560e-01 1.900991807215018925e-01 9.383837154020312488e-01 4.982046097461105272e-01 9.243857314563566074e-01 2.999064734235488278e-02
6.841514186127426456e-01 1.395986617567670229e-01 1.162148909383343282e-01 9.228376956770736328e-01 7.933434917863428915e-01 7.073718938966930270e-02 6.026601161965479125e-01
4.324360263423250306e-01 1.502101214869822066e-01 5.210144988518675691e-01 7.581440870600657522e-01 7.789593848754959859e-01 3.462608043609449182e-01 9.180987107397166058e-01
5.061199568511511870e-01 5.180356858711339108e-01 5.417045531887031418e-01 8.206452131020866014e-01 7.937632874606410649e-01 7.998590904411948532e-01 3.586962639760694627e-01
5.808595284231496958e-01 4.137651446338623251e-01 3.044441521034309539e-01 6.982440960322754409e-01 5.946228571258568296e-01 9.738557215353683960e-02 2.054192699552585821e-01
5.059602169504678892e-01 2.189774254228823158e-01 4.490369926233754860e-01 8.622439460778756615e-02 3.045295868598770286e-02 7.730983450561515480e-02 3.194548603719207791e-01
5.080408402321235917e-01 1.718231014356728648e-01 9.092075360145710494e-01 9.697841456436285812e-01 7.283179350348967240e-01 4.902013332292146086e-02 4.147998105093856913e-01
6.591161053248665302e-01 9.142831444101963412e-02 9.344789507511719329e-01 8.558147137209671795e-01 8.970053094174011976e-01 2.471946132995927747e-01 2.474409656068967123e-01
4.582332224307528734e-01 1.733755233857291744e-01 8.737622864577889725e-01 8.955387099819374086e-01 9.608686382709784590e-01 2.243975510918908289e-01 2.979909826284620200e-01
5.642204177714973401e-01 4.253660274307317635e-01 9.354982988533234733e-01 9.851098669033349076e-01 3.267739605789757862e-01 5.738236296493493677e-02 7.045496916295234113e-01
4.114208005541936108e-01 2.587642738420475319e-01 7.949956436876134402e-01 9.281278973919717679e-01 8.603654764855479531e-01 2.070586486708772891e-02 9.722975453996380857e-01
1.712305965434139376e-01 5.024517671278583286e-01 9.151498972690507161e-01 8.022924398445038241e-01 6.570240479438640424e-01 3.409142636965586948e-01 4.543743557935449595e-01
8.220747698783317792e-02 1.668709763472020213e-01 8.579778722646796973e-01 8.909440616294560522e-01 9.876050241023353049e-01 2.483081434967039369e-01 3.938916232569789622e-01
2.861030579757504744e-01 1.896962434956623034e-01 5.751481167786810511e-01 7.139013128125415442e-01 4.944083309068132426e-01 5.127162390491492028e-01 6.264358816069123259e-01
3.047402968303650206e-01 8.515977847684883528e-01 2.900358011769511579e-01 6.080005037190714390e-01 9.199723049530131869e-01 5.603395428170895864e-02 9.154304477851614441e-02
6.271636151154855732e-01 1.467610007682714490e-01 3.171986697367918939e-01 8.469167243560098146e-02 1.167858429560035272e-01 3.406287125987476072e-01 5.385424744563200861e-01
9.529275177590640356e-02 6.149642188536732501e-01 6.608938330478404399e-01 8.617723702271791186e-01 5.687922946178491923e-01 4.409082533372035706e-01 3.780343529985946138e-01
9.766758680523640601e-01 4.977280966403231921e-01 2.861811679054850344e-01 5.105956864221123936e-01 1.990004472355763887e-01 6.478331686310193072e-02 3.372255640432174628e-01
4.425221257898863669e-01 3.428177777323464515e-01 3.307038392940111482e-01 8.718689793385018261e-01 4.137714172755438957e-01 1.343071712856599709e-01 6.273225029370889105e-01
2.933548813779626729e-01 1.790060424134135852e-01 4.791684512144002706e-01 9.707432202397081600e-01 5.654024622425487534e-01 1.937568196373603002e-01 4.816233629585959797e-01
3.819359447225996185e-01 4.712229319123145133e-01 5.690046224703610989e-01 9.789546386079650553e-01 1.892204669139135598e-01 1.899887422997282790e-02 3.391921856016465453e-01
5.685781575298458623e-01 4.099480161683021207e-01 9.683392794417996496e-01 8.237560786665292234e-01 5.334163415194882463e-01 2.351671371560930257e-01 5.330113528496028819e-01
8.367667571411329108e-01 2.136048442780509038e-01 1.304512627291562754e-01 9.064037753616807080e-01 7.517461351020752192e-01 3.921301702716794568e-01 6.626098429922621103e-01
7.690003135198717477e-01 1.537990869908640035e-01 7.942142185032203816e-01 8.044206924953324345e-01 5.738101304823757243e-01 1.361604529595913105e-01 6.740600694421968742e-01
5.265621569286189213e-03 2.296940703676607631e-01 3.458984807234769532e-01 2.600570182797589530e-02 1.042093031875599013e-01 2.384077850682818911e-01 5.786192178336188041e-01
6.743236609201542775e-01 8.141388123676397415e-01 3.372717616530546136e-01 9.967929226380662922e-01 8.823318548357100832e-01 4.066905736801373350e-01 1.667362381074777300e-01
2.703648487906847864e-01 1.767519583729864480e-02 5.854229925639131693e-01 1.575844094635295567e-01 3.093097736929150687e-01 2.781520639440691056e-01 4.255808208079931432e-01
2.672539705069709726e-01 2.281918151877206091e-01 7.731918904531307479e-01 4.764323363621948970e-01 8.954414287013251483e-01 5.253962923691187781e-01 5.114308105960119200e-01
4.230752544291225270e-01 1.575737324785545512e-01 5.347702168300005887e-01 9.740104905622075648e-01 5.027680765516747696e-01 1.522726103003524956e-01 7.663980907420558930e-02
3.699578849702463978e-01 4.959484709662729807e-01 3.998936177897219890e-01 7.935918411645311865e-01 8.054388994926758860e-01 1.743431328629896637e-01 1.611410717862619135e-01
7.243831687577546863e-02 2.142645667808188437e-01 7.546673523013384122e-01 4.159902489431695494e-01 2.751624669961227898e-01 1.000259963415560949e-01 2.569079094643848538e-01
5.979405947293487955e-01 1.322783538811432846e-01 9.019477399230556580e-01 2.388453224937741315e-01 1.683046358432430667e-01 2.522076576739606599e-02 5.678465657757778562e-01
4.821999022327128070e-01 8.017044164457229893e-01 6.441657189227469882e-01 7.666208753790433317e-01 6.633953452479537383e-01 1.702607347924629255e-01 2.195022944381976038e-01
8.750752500304685988e-01 2.526310464480037710e-01 8.171819011868233229e-01 6.517548263476387049e-01 4.667866782485071697e-01 6.328147724470338520e-02 6.100534693404876529e-01
4.383888245071707046e-01 3.205123987085647941e-01 9.154103448454494751e-01 9.930494659899996579e-01 4.943882635248302293e-01 8.864939938538947406e-02 6.943647143848407088e-01
4.406898952280057791e-01 6.181333311630121674e-02 7.987717245289008838e-01 6.904689264077948918e-01 5.433564731688677041e-01 4.051029175240195568e-01 6.529148266936081191e-01
4.528532465197800394e-01 4.925912030782577111e-01 2.809306813464894637e-01 8.239524888214522225e-01 8.400631672325322707e-01 3.450105073063987060e-01 9.434937878795434107e-01
2.684205385494720097e-01 9.079160748330491471e-01 5.702213676177925183e-01 3.974595035746864569e-01 8.654416379429794026e-02 1.877618299522466061e-01 2.249325338182256162e-01
4.947900668914270161e-01 8.270178333096200873e-01 8.117041137905033343e-01 4.127843259765799910e-01 2.936900199798228028e-01 6.140618289218616188e-02 8.369284719498710778e-01
3.779596595083175529e-03 6.573899955345168244e-01 5.676299014667430809e-01 2.623305302921921101e-01 3.998392809798711513e-03 9.363613250537237975e-02 5.720802010989417541e-01
2.662027368325862731e-01 3.724559839899456715e-01 7.967048556513061097e-01 2.713382041186730986e-01 6.065883660588333726e-01 4.032809220184386811e-01 6.665345011971585132e-01
8.715823789022830725e-01 4.325591150564472853e-01 8.987159075993090829e-01 5.642670061543213489e-01 6.976209367686366791e-01 1.551389647088376005e-02 7.324019170994814365e-01
2.585642614430018749e-01 2.208756364819576545e-01 5.130590490809028292e-01 9.970150481735299275e-01 4.753575959691887509e-01 4.878898971888761399e-02 4.868399422514934627e-01
4.504765606475490403e-01 2.955682879276321229e-01 4.579998627190243754e-01 4.804041106894910707e-01 3.126241300507108800e-01 1.795956532111419191e-03 7.828625832818618679e-01
2.667298068002568745e-01 2.044365541750906290e-01 5.861026572003208424e-01 8.896502307777521823e-01 8.969642644501405471e-01 1.489888319033463027e-01 6.400790527430226806e-01
4.550426943836475280e-01 3.777445480786140730e-01 1.265052077025926869e-01 7.229109792910192178e-01 2.167123688777921053e-01 3.975503265979886403e-02 2.312005274777670927e-01
4.209594775527096266e-01 4.378724881982515305e-01 4.522372218339594796e-01 6.515366831956449500e-01 4.900503829556255853e-01 1.449910757070918543e-01 2.487455949969210878e-01
3.612166403563970563e-01 2.264833350727806227e-01 8.096824403753098975e-01 2.816616586199169880e-01 1.096524546710643533e-01 7.435506837607354369e-02 2.052949658669966648e-01
8.220540548322081698e-01 4.926940482961149059e-01 2.628572642639758206e-01 1.442268895650604919e-02 3.014674188209684816e-02 1.903023891131298134e-02 8.857140827069120981e-01
2.158835373058251295e-01 1.872340693845548909e-01 7.136441955458494579e-01 9.456265898011524396e-01 5.412308660038976926e-01 4.762334491777705514e-01 3.867128389120907395e-01
4.422956036328772322e-01 1.465218848469052038e-01 6.196678208917393293e-01 9.978034880934167905e-01 8.289826858028199741e-01 9.808909227982313961e-02 3.693078663467846967e-01
1.079385451919098876e-01 6.062044086429065892e-01 5.412332647384291429e-01 9.688268673151337884e-01 3.061346307594240979e-01 2.190154089438594853e-01 1.968256636290157957e-01
1.252133283794413243e-01 1.678077730084352182e-01 8.297156880869155371e-01 9.334025854860643623e-01 6.362064638539132178e-01 3.933510354075224202e-01 7.900955499698567586e-01
6.750212581544614565e-01 1.347316048853814674e-01 3.806784557004276315e-01 6.836663358566744675e-01 6.348635050231159482e-01 9.749917267767382878e-01 5.356211741209985361e-02
4.864559662139236740e-01 8.708691577265396111e-01 8.007649466373024660e-01 9.859524198692645180e-01 3.022537822193790413e-01 5.871679779019184364e-01 3.766186630674289715e-02
5.074624014895158242e-01 5.948978444932001564e-02 8.246690411514082664e-01 8.667379803470616206e-01 9.963627459444089896e-01 7.248984626428751910e-02 8.354685805641720586e-02
1.509700566639572972e-01 4.549676384351281078e-01 6.021305527046963979e-01 8.354635415612347016e-01 3.471438948033324645e-01 2.633122538983188876e-02 1.941015831087605781e-02
1.784186786004891556e-01 7.971975137469895500e-01 4.290845288760350984e-01 7.134247613949180888e-02 1.929292604632866850e-02 8.194090306027110304e-02 5.821375840239925159e-01
3.847957474604707384e-01 2.470910568155151310e-01 2.045272453445995398e-02 8.373227601431900702e-01 5.651831964394675722e-01 9.453943550767029969e-02 9.706993468752782572e-01
2.941429602700562085e-01 8.810147779483452624e-01 8.706347705728499642e-03 4.241938793150782372e-01 9.548738572242508882e-01 1.136796908142604645e-01 1.939573342727845540e-01
5.246002473614784778e-01 8.146618143351571639e-01 2.652665515813760200e-01 7.669211452874505897e-01 2.522195123996232025e-01 3.056062341295982532e-01 7.088940481996034437e-01
2.584967031830539552e-01 8.516400971399580300e-01 5.758778726313298346e-01 7.277116363564165580e-01 4.533276473409389440e-01 2.313273129883952339e-01 9.632373791720567624e-01
3.461018080433879152e-01 2.688435132115462589e-01 3.698971696060318060e-01 1.188191380352931689e-02 1.248616957834875335e-01 1.563559521581793788e-01 9.513524442215158805e-01
4.576029967168866452e-01 1.884540373719221715e-02 7.189509264972695490e-01 1.249171692732802819e-01 5.662367758534365692e-01 7.501862363468021766e-02 1.656567122133146275e-01
4.715473750565277178e-01 3.013090404416542412e-01 8.705176935614344913e-01 5.201137344713114841e-01 1.677502784815889936e-01 3.043450263793245555e-03 3.943428426866190106e-01
6.607173315701221350e-01 4.862741525701995138e-01 1.935577158753472582e-01 1.987249848230624172e-01 1.747040629548362034e-01 1.291003713079126314e-01 1.139076991042028281e-01
2.412947723157147506e-01 3.793475522032831448e-01 9.154980298562973573e-01 4.040131777985200845e-01 3.992440245318576997e-01 2.222999898535955587e-01 3.684437946233515837e-01
5.212413506687347819e-01 4.515874422602787486e-01 5.347301316094653645e-01 9.029609381405301338e-01 9.594232645948174154e-01 5.894768335932271119e-02 3.091714385425438638e-01
9.435763984358286338e-02 2.668549021852754666e-01 2.576227987715957735e-01 2.310922839811391238e-01 3.925106493452616696e-02 2.093515545885345774e-01 3.475410970611915729e-01
1.159473910821826187e-01 6.051702760972537121e-01 6.510823922586345125e-01 8.362187926179616149e-01 5.169062163325685022e-01 2.499761371171661251e-01 1.505260811049289882e-01
8.638140504136870845e-01 4.330751125621403186e-01 8.959972878666330187e-01 7.386100760690700318e-01 1.130051174471945474e-01 2.352019159239300827e-01 1.935497979519949785e-01
5.325194474116348164e-01 5.146046826969596921e-01 3.317273888429840278e-01 9.773991792087960429e-01 7.961578308633896484e-01 3.621978299625194797e-02 6.057498545263981793e-01
9.549848630285379114e-01 2.229508058164764994e-01 5.889958506571253416e-01 4.876524258169285253e-01 2.631674027432295282e-01 7.469329561632076162e-03 4.331760563199956726e-01
5.170783138870642670e-01 2.970655846553965085e-01 9.251581028133823992e-01 9.261121085596359936e-01 3.307339860826757350e-01 1.129355820027436175e-01 3.852855378413395093e-01
2.196917801648681223e-01 1.709279096982585511e-01 9.467293474064029102e-01 9.728805992447714379e-01 9.096496684752292117e-01 1.726913511580212279e-01 4.088399863119416278e-01
4.925311273053629146e-01 4.032044587421969584e-01 9.415148829848505319e-01 9.076160604213070471e-01 4.204851161365797951e-01 3.126858430317830950e-01 1.212131990354409911e-01
5.010809485717830913e-01 2.561252863860884466e-01 4.604738404918043426e-01 9.649349001859575115e-01 7.021852311915059985e-01 5.121163337854003350e-01 8.143027118247236906e-01
3.023488909731609220e-01 7.626191990355754013e-01 6.641377681455443716e-01 7.884999114051992608e-01 6.995922952551553164e-01 6.190614208798501661e-01 7.548866408147872353e-02
2.756481919209732845e-01 2.097060217426651163e-01 5.940696623352034189e-01 9.969142250759983614e-01 6.905528094536244055e-01 8.389521415614760169e-01 6.724243897442792883e-02
1.480558454891498510e-01 7.589992617685145104e-01 5.592081742789934973e-01 5.376952383804489699e-01 3.305124152449816499e-01 2.973538925628461671e-01 4.210443767685179139e-02
2.132888013592933452e-01 2.104214363108337926e-01 7.944890123844180474e-01 8.637140464094225090e-01 7.778515896779565342e-01 3.240684899007644226e-01 1.783507180059790975e-01
4.301462330669625356e-01 1.792199951028393135e-01 7.682278917129828910e-01 9.933150542587070309e-01 9.962827733607670933e-01 1.070804615437691842e-01 2.745797571947103388e-01
3.746336302322515466e-01 6.956648607808028906e-02 8.393745525355917891e-01 9.707813183602541640e-01 4.788249069786161272e-01 2.565959596859667124e-01 9.688313508764133386e-02
4.825540617426026246e-01 4.532311254121311195e-01 5.417103566158403272e-01 9.101090912799377763e-01 7.302266151266704197e-01 1.152821270350180283e-01 2.842932933748008595e-01
6.688587660276725799e-01 8.217648820691523248e-01 8.101370321403505992e-01 7.182033342680994581e-01 4.429283730674959396e-01 1.669290915753189053e-01 3.588454843215537760e-01
8.872269906403303930e-01 2.108532119477004030e-01 9.821278628379371822e-01 9.540843626317341286e-01 9.091632707119833290e-01 5.927389038602655369e-02 4.169393226392676954e-01
5.141131069793405395e-01 4.994314783886706355e-01 9.231990317162237503e-01 9.972832963553901475e-01 5.198535804546436934e-01 4.395697110789908990e-01 7.555265142495761754e-01
4.101639644131618856e-01 2.676096550986361011e-01 6.089337752653942726e-01 8.203709222623635222e-01 6.775683480350691568e-01 9.193230690439437858e-01 1.095027624378379777e-01
4.612042871502203267e-01 6.461897034050201327e-01 3.398940549396201605e-01 3.295145630219682431e-01 5.509028855835758076e-01 5.090968417753785058e-01 5.158102049585309989e-02
6.283170037539244079e-01 1.674617532580279233e-01 5.897165472868911573e-01 1.048316772046344325e-01 1.169807625548544561e-01 1.598763691021365396e-01 7.128717369258495973e-01
4.914374827637993381e-01 2.788348429360966163e-01 2.899199232157386175e-01 9.187087671965432634e-01 5.741195707565157624e-01 3.117666671293323200e-01 2.828991533757571619e-01
2.844478311871377341e-01 7.670445978784694585e-01 6.159373751742308611e-01 9.411969124786765395e-01 4.835036691019329869e-01 3.640298300364723516e-02 7.612846584863196542e-01
4.709848928356506481e-01 5.134451015631399384e-01 3.846318569186378267e-01 8.796615611069152907e-01 9.654437614957125380e-01 5.041687891939273802e-01 4.290019937761450630e-01
2.923745405090982796e-01 8.404579066758089967e-01 3.286889459929066559e-01 7.423900178055744536e-01 4.041766395172802229e-01 8.943551246404450594e-02 1.830172051744009265e-01
4.631368484366876204e-01 8.119520713481577223e-01 8.321487740831047253e-01 9.308394273572044852e-01 4.984734788706113862e-01 1.009692453328426831e-01 6.008118578102374929e-01
4.402341949303076873e-01 5.151182469844757250e-01 3.134367314671735461e-01 9.967683914818959989e-01 9.206267183597779402e-01 4.781882546735228834e-01 6.015885588568135045e-01
5.166935922619391164e-01 4.997452265240675540e-01 8.734602932242031548e-01 8.277432479171660251e-01 9.865632347545101322e-01 3.926532671617719017e-02 5.525175517230814792e-01
2.013711120343144867e-01 6.645801422090136246e-01 5.619491438006263273e-01 3.533191363470006841e-01 2.787982444888454370e-01 2.256724992532023188e-01 1.773762991012780010e-01
5.276319163567436688e-01 2.523471150102014615e-01 3.167604030426979245e-01 7.843657671256967223e-01 4.933880792937900273e-01 6.558322392987586680e-02 9.964394976635573276e-01
3.843433556852143274e-01 4.960545961467486831e-01 9.246994019750598426e-01 8.326962053206163894e-01 9.308450416869253896e-01 5.493058481483015926e-02 5.437637046033784172e-01
2.512943027470488921e-01 2.737390628594443265e-01 7.606696228765483792e-01 1.632544071889308612e-01 3.604653346399405711e-01 2.227976443535913120e-01 6.491751875632248980e-01
3.137568938889134795e-01 2.958281819868481821e-01 7.696584739478364856e-01 1.448728982780587149e-01 1.085688497232174289e-02 5.092561410139394978e-02 4.681362731282573408e-01
3.680912965582849861e-02 1.416719423323905547e-01 8.113390153243028591e-01 9.010229303508378029e-01 7.469968223854366318e-01 5.171450607796778121e-01 8.533072161188015592e-02
1.793645446350100592e-01 2.474684405294183820e-01 9.406703774853018007e-01 1.516889853547743194e-01 5.878418692777892529e-02 7.235000595742596685e-02 2.752744292097489276e-01
3.720418978444047231e-01 5.102942790358299119e-01 8.213516591957777946e-01 9.725997149973336642e-01 6.088858494361681917e-01 1.355445595384189572e-01 2.205992367676316290e-01
4.250234557315820116e-01 4.661457664584451877e-01 7.607133127084203528e-01 8.435761496408018534e-01 9.387708969744757992e-01 2.045796705941387572e-01 3.857361055782209669e-01
3.082546057108859205e-01 8.564733007153698674e-01 3.195507566656700105e-01 9.928274984834541961e-01 4.262062046047466191e-01 5.430450322917589057e-02 4.012714142584116739e-01
4.044783580425628799e-01 2.234334126966407152e-01 1.993622316289899721e-01 1.383985080164826242e-02 3.193283680603554164e-01 1.074851810817846892e-01 3.873694842856116316e-01
7.171361446929750416e-01 1.566909875768186522e-01 2.893640246690894480e-01 8.079398252659336643e-01 6.459747102460795531e-01 4.257043457726247815e-01 5.680570942752561914e-01
6.096993415009887007e-01 8.243976673268034183e-01 2.934992829654322066e-01 5.061803794247879962e-01 1.886140920451707670e-01 1.568575769335720238e-01 8.199114892268494215e-01
8.955725865921951856e-01 2.386767818161832089e-01 9.218347355877360982e-01 8.772995351274521791e-01 6.694534154379810920e-01 3.897060166026459771e-01 7.339767819552119876e-01
2.806054871422972719e-01 8.875986760112861695e-01 4.580872166557075631e-01 8.399311405845721890e-01 7.388855605788670067e-01 2.804742688494407110e-01 2.822195562793728962e-01
8.056590855215629565e-01 2.275644591770576708e-01 2.282633225748634254e-01 4.544873164848389213e-01 2.005336451637319828e-01 5.284821662475936571e-02 5.245916272912305445e-01
3.941902538025481295e-01 7.990147042460907789e-01 9.279483201663862868e-01 8.952854924657673852e-01 5.386993810866401722e-01 1.877922766396982468e-01 4.561188174341887502e-01
6.259064763452280022e-01 2.017155814722554619e-01 8.113374917325919533e-01 1.167969276702226639e-01 3.451473092599008363e-02 1.605398280774831821e-01 1.344208449304681585e-01
3.346753050688426323e-01 7.739053318693985828e-01 7.922388051525628416e-01 9.593946599365931194e-01 9.357748812537233229e-01 1.287205966739045082e-01 6.563245586315041846e-01
1.185541029009782865e-01 5.437998884494026353e-01 8.787230262261109814e-01 5.106439925208547947e-01 4.639911797541100280e-01 1.210447406461142295e-01 6.941210983257527500e-01
