5.908791474196869314e-02 6.859749293737403553e-02 9.785817062172010861e-01 9.805131836731630912e-01 7.367804921388833028e-01 4.220951361266506163e-02 9.959642264570675030e-01
2.494971556602804119e-01 5.407685866173507216e-01 9.872632537732421998e-01 9.025990579420758442e-01 2.884792308538199901e-01 1.577384303447495473e-01 9.644754893215620184e-01
8.444632817706559935e-01 1.315090179998198994e-01 8.461778757911005977e-01 9.822517297350032150e-02 7.540178556897130235e-01 1.794735788375214280e-03 9.930651392235386732e-01
2.127630484844063030e-01 2.188018811669294739e-01 9.502289691302296948e-01 3.934693741149566382e-01 6.582106360937954870e-01 1.332431453887389650e-01 8.516152629480017167e-01
7.073374781750842999e-01 5.274780923032029722e-01 9.988502646327066525e-01 9.665614310682537624e-01 7.444255528834537242e-03 2.005732633774861239e-03 9.899496982342822493e-01
8.509548099242544295e-01 3.755695066323328501e-01 9.912071206683389368e-01 9.995776201690370621e-01 9.355240675476311774e-01 1.561600649297138852e-03 9.688103914445501674e-01
7.403608453359922237e-01 9.921046576967613717e-01 9.976683037530056364e-01 2.035758118634489744e-03 1.057738396275580001e-01 3.047314784140402466e-01 9.912858408614949601e-01
8.374450329089163647e-01 7.966080014116435626e-01 9.830741591007329250e-01 7.323920054985831596e-02 3.114230239991265525e-02 1.681478521857999453e-01 9.041015245162449254e-01
1.420769385851568256e-01 1.157157695243032913e-02 4.166280330524409492e-01 4.065751253807300958e-02 2.339528475265194307e-01 9.856974800509581136e-02 9.525905024196109627e-01
5.973111509271804564e-01 1.205599718810675472e-02 5.758725597386593620e-01 1.817446548001444839e-01 3.909781322115682411e-01 3.028685895896822688e-01 7.485312334996266914e-01
6.539337332123404956e-01 3.194401544432405871e-01 9.646248166657060974e-01 9.977385728075084392e-01 9.972882948844428164e-01 3.390836096546734346e-01 9.340440778298890745e-01
1.041479200435730529e-02 5.129689292992103411e-01 7.530115735175992864e-01 1.469710939250791493e-02 7.451280862859227527e-02 2.155012079064480002e-01 9.926903664959413343e-01
1.033305645385424604e-01 8.643383332736552793e-01 9.976210419315965083e-01 6.061426609874762811e-02 8.131144927823293761e-03 6.514362682702441731e-02 9.956956491826697286e-01
8.438087099327159710e-03 4.454923336985944227e-01 8.775132885936480776e-01 2.720066427166480810e-02 2.860278222286510297e-01 7.985092845578108112e-02 7.787703182377091471e-01
1.221628705544947069e-01 7.197821716576870976e-01 9.703001333942123940e-01 3.997237900756493434e-01 1.061965001729534529e-02 1.295078675287139429e-03 9.489442141443933387e-01
7.601924114467135674e-01 2.449538728162630741e-01 9.448171780591153590e-01 9.386924909432560193e-01 3.840605500911495884e-01 2.833394392354015093e-03 7.842360393441720756e-01
5.298303353362403961e-02 4.640794625298687026e-01 8.989266550854306814e-01 1.948392144474389021e-01 1.491956487003190911e-02 5.332314705200281307e-03 5.231075406848100240e-01
7.825968487025504183e-01 8.206101391675163503e-01 9.811112440843304805e-01 1.419880456076905509e-03 5.438844890417680183e-02 1.551787922429508082e-01 9.279574146154363490e-01
4.417889344328906343e-01 5.619350468505746043e-01 9.026643113701774412e-01 9.966468159081306455e-01 5.062892594971901694e-01 1.477188819311280321e-01 9.468870962288631343e-01
1.270185280087062218e-01 4.856731959029250145e-01 7.569833656043715164e-01 3.227880185070299696e-02 1.845557554439962999e-01 5.851969743565250959e-02 7.983278766925437919e-01
3.464510722011857613e-01 8.976338784429899187e-01 9.675429211890927972e-01 1.791513504812824731e-01 5.725735990169041750e-02 8.843787653589367526e-02 8.239021746154847614e-01
6.943687624865026997e-01 1.277483913074027588e-01 8.717829145010219660e-01 4.730352703835183914e-01 1.201013497309508099e-01 1.749940781126207989e-02 3.318140707496415875e-01
2.856574232593795393e-01 8.902208913489129127e-01 9.285952521980110896e-01 3.927393089612529753e-02 1.076438572696772518e-02 2.629344185599486947e-02 9.208227767132707298e-01
6.148164646404708639e-02 4.410046652699955994e-01 8.329600229071124629e-01 3.776415256105613572e-01 1.188637618637676530e-01 1.159342501028225864e-01 2.611774579616499281e-01
9.955997526948352494e-01 2.986314017534247300e-01 3.248094834398983499e-01 3.607253570790748820e-01 3.626569459102846893e-01 4.621133890190382010e-02 9.965130485916401382e-01
8.086974081279818538e-01 1.899720351799841778e-01 3.538763214296918869e-01 9.966760589990024677e-01 9.020831223841455637e-01 3.847569344405731839e-01 7.593110640259222999e-01
9.076895709370699228e-01 1.787038546009414031e-01 9.893106967802844931e-01 3.506979366709146451e-01 3.514644069608445776e-01 1.607083431202465384e-01 6.769273550496088809e-01
5.375971646362293077e-01 1.604820725113144109e-01 2.383513438536445095e-01 4.274498267199415558e-02 2.902831948522740027e-02 2.187208058848593151e-01 4.599927880597742824e-01
9.898433408116847909e-01 4.536040800237455817e-01 5.853629735479344287e-01 6.911107737322488322e-03 3.489406788514126667e-01 3.304602450457717888e-02 5.830721185136392704e-01
3.672827014350163455e-01 8.801201859012683926e-01 9.874126228675004224e-01 2.625136883277322079e-03 7.655890753189582842e-02 3.983531169826805968e-02 8.691588571038687538e-01
8.325208183789959415e-01 4.285259285131391982e-01 5.085345404957917204e-01 1.060078632268010856e-01 7.459523518798694131e-02 8.521552048797211010e-02 5.446252502568666998e-01
8.197177800627885036e-01 7.625355339217614326e-01 8.892369458339278721e-01 9.614098739274828942e-02 1.616706032233735085e-03 1.707161873030099003e-02 9.957164259666176909e-01
7.454244254267881065e-01 7.717728271798577344e-01 8.664328454933564183e-01 1.217394220907263847e-01 6.643728807456081298e-02 6.107348605525318719e-02 9.658740248330939249e-01
6.984685302322364286e-01 2.749903236298442688e-01 3.424667361248320274e-01 1.106117675336270277e-02 3.169104936849894694e-01 8.762071474570891361e-02 5.974595948362251274e-01
8.651947716361563234e-01 7.551321562073312066e-01 8.928944548409816218e-01 4.374579005620724340e-03 2.424507408212078080e-03 2.360119813608691636e-02 9.451491513244361098e-01
2.179439697144795463e-01 8.167927541416993842e-01 2.967057988715601224e-01 5.321196640171469427e-01 3.529907237104755735e-01 2.775393485338480820e-02 7.478899238685405848e-01
9.116513047895172805e-01 4.812109250800852278e-01 6.751919972934378178e-01 3.428416555655746101e-01 6.773477120162600673e-02 1.905114452188750793e-02 5.080462505331805323e-01
1.307891264462203162e-01 9.524038955819584817e-01 5.656860199031612524e-01 6.438097898112457584e-02 3.524169250942914972e-02 3.792728237131999525e-02 9.367606876943864735e-01
7.059638750660665041e-01 8.681527705511004056e-01 7.915399579049060552e-01 5.083112082955613606e-03 7.261367593844251893e-03 9.239423471010954278e-03 9.817837969445034618e-01
4.987686907753341448e-01 2.388215587938697093e-01 4.882211311835158996e-01 3.722729503905154724e-02 7.177520142015313132e-02 6.736646988634038824e-02 6.553868057525952251e-01
1.329185770367670438e-01 2.877534182176981828e-02 6.167923513768142074e-01 8.632248605512820028e-01 5.969115309632599953e-01 2.174377602832231748e-01 8.469207704392729408e-01
4.211812864550656399e-01 6.524628124285071218e-01 7.942194093210236394e-01 7.872177725153844952e-01 1.528370441514655953e-01 1.111374959962424108e-01 6.613969352620104047e-02
3.840411923032706620e-01 8.231345278943311694e-01 1.987916669319240992e-01 7.750001753549858874e-01 2.675048752676297270e-01 2.475927871138605407e-01 9.411730635427693059e-01
3.922068847028406524e-01 8.397744681653119825e-01 2.485255402113142886e-01 7.828360608889509686e-01 6.220384145468990100e-01 1.260358540891474421e-01 4.798248613990594991e-01
3.991030389125724276e-01 1.577703203259114145e-04 3.187264170817253883e-01 4.506913621437003692e-01 6.083291432551934941e-01 2.046993904242592199e-01 3.780072857602638225e-01
1.414260467907759167e-01 9.910597121227217032e-01 7.406790694194453906e-01 1.272554376463373993e-01 2.079754800500305863e-03 2.518355457366109815e-02 4.680327512229905951e-01
5.608181130892614386e-01 3.160748665701428317e-01 6.046534310100064591e-01 2.435182995005848450e-01 3.855479986587115153e-03 9.995119213898538690e-02 8.408825327896782831e-01
5.026365561341442634e-01 2.056250318604986582e-01 3.592886681989744257e-01 3.124366046464047142e-02 1.064920014460581836e-03 8.845236158046079766e-02 4.482487791512411168e-01
5.132298246274552556e-01 4.600429285647365529e-01 8.522089748562563516e-01 1.475910859775578926e-02 4.280930793070573948e-02 2.610259936299165820e-02 8.133824306543239180e-01
3.479775601110168815e-01 6.196228972047693739e-01 4.163222854641442372e-01 2.887778202738490192e-03 3.838297064920323087e-03 2.692200330447577783e-02 5.761272786176583338e-01
4.523850210073674383e-01 4.801273443041902400e-01 2.083143547057739187e-01 9.045141467768176291e-01 5.242433145464738820e-01 5.758336714409669765e-01 6.843517894452103567e-01
8.615730207388310191e-01 8.418853330656369538e-01 7.435237617967467294e-01 2.664824515811368977e-02 1.349043121397803385e-02 3.126354441471669576e-02 9.700890979878866727e-01
1.492577244452050200e-01 1.299444712732148177e-01 2.519085830612275423e-01 9.147887453125793655e-01 8.166487418278737254e-01 3.309826586058032261e-01 8.818815319867608915e-01
9.940518025393632051e-01 3.620356918381854583e-01 2.740370776908133132e-01 4.589176264007300415e-02 4.343255692258459616e-02 4.860711124435300456e-02 7.913953800103877834e-01
1.333823075284575332e-01 2.179780655742139528e-01 9.865924367005411977e-01 2.573410967423335749e-01 6.115191388698757585e-02 3.940963348535711508e-02 2.868365116155989769e-01
4.651861806727588533e-01 4.835377148500112354e-01 1.852590208467802813e-01 8.604719532005794536e-01 9.403896826053768088e-01 5.172165227930417553e-01 9.822679039571949877e-01
5.164991796170480542e-01 4.610637583417044327e-01 2.315216551851235482e-01 8.361427736414668299e-01 5.249716344109883748e-01 1.269680519097058369e-01 7.995265497983989889e-01
2.321223183858225347e-01 1.601950463053774532e-01 2.238569232101857431e-01 8.775412764039115521e-01 6.867936730193930916e-01 2.593444431813575202e-01 7.272390098849839113e-01
2.473090200889672269e-02 8.779223020208496431e-01 4.183310591446223192e-01 5.101740311943030876e-03 1.026824420137068851e-02 7.814148032785615816e-02 5.192858974170605491e-01
4.130759818254926552e-01 5.059474114943800505e-01 2.131841692801195731e-01 8.519949194522198344e-01 5.091961510161528981e-01 1.971953581459959248e-01 4.648016239137253702e-01
4.163358106886799193e-01 2.566760993120413281e-01 9.411531174688898826e-02 9.973193214833380171e-01 7.641773370641717911e-01 5.783691998041163851e-01 8.621292113849616801e-01
4.773197775987313984e-01 4.718775435869127510e-01 2.319124924785895547e-01 9.978580839066046870e-01 7.652601771567913991e-01 2.419367294405053992e-01 5.670386124307157383e-01
8.836037582036131433e-01 9.659682820289806626e-01 9.242303981590429540e-01 1.470519434716588136e-01 3.306029298978014480e-02 2.132787493166802065e-02 6.437598998608364820e-01
5.563269078568348069e-01 8.387934219352527476e-01 1.592849822847204611e-01 7.300437634816908661e-01 3.817104429081505379e-01 1.171417885681057258e-01 5.818907258216724498e-01
4.706348192506968342e-01 2.672312575944120194e-01 2.383268249816812012e-01 7.589873858275451024e-01 6.578960191650329303e-01 8.959298385633719664e-02 6.955117205078795717e-01
4.749362365410963460e-01 2.103869709148866174e-01 2.617030502825771210e-01 9.810822352232753119e-01 3.042732110638449727e-01 7.743582706971798013e-02 6.773738520564686061e-01
2.833898611651550214e-01 8.775524874375436601e-01 8.478547724259570817e-01 4.309574350859483038e-01 5.032020265873798914e-01 4.591633822331354642e-01 3.549766636298455347e-01
4.389400888273933821e-01 1.744797583114059691e-01 9.543780076454039252e-01 8.166319810278086511e-01 8.667079159086766849e-01 9.547831733826355194e-01 3.507340582248086314e-01
4.297136730594437459e-01 1.652102223509230305e-01 8.010573940787897307e-01 9.064001711063676137e-01 9.462250500147231236e-01 9.075895669605941185e-01 4.159845264272817311e-01
3.015574475155162193e-01 7.735498877559207065e-01 8.609231629979565703e-01 9.561354961783472550e-01 6.654382393317311850e-01 4.693058851288905431e-01 8.787928379050543581e-01
2.531097940312057593e-01 3.754646402871025246e-01 3.120137488407979109e-01 7.430845962993255505e-01 7.879656814456412750e-01 5.178236650429761667e-01 5.527878258435922065e-01
3.730023253023131979e-01 5.036334917285916202e-01 8.620462273805018505e-01 9.990657079824935005e-01 7.018058224719810889e-01 7.764961959902524913e-02 5.702114976682693959e-01
3.661056223493558970e-01 7.777590852350120265e-01 9.541532224333381107e-01 7.835030531834479284e-01 9.178014116001536049e-01 5.879075170714002235e-02 5.434858231123471661e-01
4.546157420501137914e-01 1.550475787705770381e-01 5.687345765291239585e-01 9.986620991533587954e-01 9.506390383662997046e-01 1.979974190997719485e-01 7.198683067776663336e-01
4.109115268807860821e-01 7.892194858847776384e-01 8.027536422713865694e-01 9.985781099000161642e-01 4.836414478895677549e-01 2.699495424080126105e-01 4.116773354314616773e-01
5.019908552944241098e-01 2.618078075801081872e-01 6.003118232135008503e-01 7.829779943411344645e-01 9.503608967117953554e-01 1.022573741961943228e-01 9.616494482502798702e-01
4.946496034920005447e-01 1.739678322316339232e-01 9.531025926514392621e-01 9.969358210977181667e-01 8.707549313268793112e-01 1.512339696894322849e-01 8.465744305147155924e-01
1.689269352607216668e-01 5.144524225733544398e-01 3.835559496870881158e-01 9.319632609424101100e-01 4.080850321370860234e-01 8.870175116296877271e-02 4.293031707328450741e-01
6.639832007840463790e-01 8.210738814166790300e-01 8.349343549873063930e-01 9.969960336850200999e-01 7.786941345778848333e-01 4.183577032186315825e-01 3.329463094359108033e-01
3.841575567521066104e-01 5.027938177714654788e-01 9.472918075709322316e-01 9.983637225290544759e-01 9.498882714245573400e-01 1.177369877440094942e-01 5.553984332991200867e-01
3.305343684869260779e-01 8.671865307014515745e-01 1.857282680080625803e-01 7.042178751662534486e-01 2.930215249020223234e-01 1.443766050120110500e-01 9.675720428087788427e-01
4.419415500258363494e-01 3.143837481791799671e-01 7.567603575155326112e-01 9.858132385826702260e-01 5.634487566783317192e-01 3.622956990197980232e-01 6.886279385764678684e-01
5.064870468185834751e-01 2.653353357812022195e-01 8.233878222356719734e-01 9.890080213452330238e-01 3.905036723168917034e-01 1.711264473079559534e-01 6.846318621645803848e-01
5.706523658373198193e-01 1.345643182771557311e-01 6.034391367186219268e-01 8.794783651597267923e-03 3.432347984377982428e-03 5.658067260053660161e-03 7.369122782083478151e-01
4.673155167873615512e-01 8.096958833974966518e-01 5.280293164070887224e-01 9.924898635643638611e-01 6.600688803693444129e-01 6.769524437086422985e-02 9.317915903840480185e-01
4.044121241172941583e-01 2.584475961255390808e-01 8.226255015723783481e-01 9.987785314160101402e-01 8.115087214207196142e-01 1.419610882504449556e-01 6.622478703583998261e-01
3.894436879874841884e-01 8.130300735714098836e-01 9.804663844459317046e-01 9.877258205297838600e-01 5.541585819499474930e-01 4.961658312307566654e-02 8.769704742344286430e-01
4.203388884074173992e-01 1.880725136634513461e-01 8.246991901610986053e-01 9.971179818797667460e-01 8.776846329650681566e-01 1.866027367900363054e-01 9.919893310411290743e-01
2.995324804365506743e-01 7.726011886157515551e-01 9.640286509661425418e-01 9.978940248857524065e-01 6.674299650224909675e-01 2.324507080948589877e-01 4.843931317740467479e-01
4.358111831886823939e-01 4.607943005240401901e-01 7.791049638505759267e-01 9.989319024304413874e-01 7.748270948716581286e-01 1.398460353405970580e-01 8.571484087871713564e-01
7.142856065306767421e-01 1.614010156988820166e-01 7.670330007719801113e-01 8.618483285847462483e-01 7.924972216334219555e-01 2.240252940853368901e-01 6.550176407822982938e-01
5.263716057332415987e-01 4.962522080426288729e-01 8.795435998330957128e-01 9.986230369537154594e-01 8.781380334776993646e-01 1.780897514924623948e-01 8.466102553780121553e-01
5.541169570476989215e-01 4.396653863427345543e-01 8.006327032252044118e-01 9.927799415040097220e-01 7.917803516942060194e-01 1.181591762881530061e-01 7.626391229120729198e-01
3.265068359160256395e-01 7.691499682376149449e-01 7.942762955029456506e-01 9.962038758655542559e-01 6.033871248911997220e-01 9.571040185379744991e-02 7.405940197556230009e-01
8.699596806765506063e-01 4.427904409369148309e-01 7.991374082568057924e-01 7.696582311387185626e-01 5.739423803405289126e-01 8.269568963476281453e-02 7.596613135803113037e-01
1.578434500179543842e-01 4.784598214828688634e-01 6.038869506363094830e-01 9.723741677489035062e-01 9.598152140940771071e-01 7.759006425499418436e-01 2.273745124382404170e-01
4.536144175470730455e-01 5.037986072964625306e-01 8.468696813671439116e-01 9.966852516084543367e-01 9.401251252159549265e-01 2.673065884020638938e-01 8.383927112706283102e-01
2.792674266870074917e-01 8.581813201035914940e-01 8.807387710710815609e-01 7.689596666586460127e-01 5.331471442546635853e-01 1.551702306810525123e-01 9.432068521628566016e-01
5.017762134281334996e-01 8.297260375474586613e-01 8.378685945865294027e-01 8.197896626095684258e-01 3.049099593150952359e-01 5.644123929034724346e-02 6.373064500557230616e-01
2.685471467156603786e-01 8.767175519508952908e-01 9.606569617705936759e-01 8.246579159763111067e-01 2.170279598121391818e-01 1.726518595016842544e-02 6.812588311644026673e-01
