7.342092546303470302e-01 2.600993779964271280e-01 8.945262573174923570e-01 6.708489618102071450e-01 9.317098104635322953e-01 7.080107095102217141e-02 8.450281612674267473e-01
6.854574232100266729e-01 8.077547856186274577e-01 9.530849851092221270e-01 2.690123858525773071e-01 1.723094887996719227e-01 3.844800046311058067e-02 9.555585021901608078e-01
9.603357506849874436e-01 5.248411904277565654e-01 8.389407201326452013e-01 5.403261720059200357e-01 5.093539538379509429e-02 6.148668721648947559e-03 9.965072891302223512e-01
6.538641661331570099e-01 5.827227208090784982e-01 9.978207391610363075e-01 5.427955270646772634e-01 1.521053917323680338e-01 3.465452100403501601e-02 9.294862230201160758e-01
7.445007030706737305e-01 8.126146231107660434e-01 9.503577372990741345e-01 1.129775295136551880e-02 1.285910735106426395e-01 1.562610926029105174e-01 9.933213753794892797e-01
4.148998962200018958e-01 8.494394093544190838e-01 9.792035214499639206e-01 5.394900671007664406e-02 1.319707422500063839e-03 1.498096449547203224e-01 9.481765995107998002e-01
2.706480404896637326e-01 3.475677267675452153e-01 3.382505275798990407e-01 3.091408227641532364e-02 7.324517109667151304e-01 2.518647989960324796e-01 8.709171518655437483e-01
2.622290427346978814e-01 8.971130461060343730e-01 9.104391267226550344e-01 3.855742698959597342e-02 1.046303591159031612e-03 1.018711196766298455e-01 9.302630309897031990e-01
2.026143677014761446e-01 8.157354014354378791e-01 9.603754788193437086e-01 1.945307957829620904e-01 4.092579197296213056e-03 3.576056649154350266e-03 8.075490151003240635e-01
1.237139258072808140e-01 7.018755973394173210e-03 4.717666305079219469e-01 5.480810078319246770e-02 1.893988110007762543e-02 5.460410747532561393e-01 4.461305837671845076e-01
7.885274943989590835e-01 1.229856440702172676e-02 9.384629278345067993e-01 9.977742785480235854e-01 6.549259146628028105e-01 7.654927808608354492e-03 9.915063378797911442e-01
5.979443976412278372e-02 1.654165869886318118e-03 3.941688963948694058e-01 1.756123594458373627e-01 9.842623387480134434e-02 2.999796219473029879e-01 7.402504574042397811e-01
9.269646361510733845e-01 8.981302980371656808e-02 9.378304130760889423e-01 2.550345872907373024e-01 4.069838045606893329e-01 4.131503010680925153e-02 8.624042925992464470e-01
8.159382098773398928e-01 7.578674026992286983e-01 8.718887493344434914e-01 4.245367985169548608e-02 7.748038709351961345e-03 2.211998521784277333e-02 9.638714184424549414e-01
5.586751417102318040e-01 3.053613427057601526e-01 6.422248576176993184e-01 1.639176926231934450e-01 2.419029773161900099e-01 8.201547138547035654e-02 6.072098324978451034e-01
1.109177799403436495e-03 2.912435140411701040e-01 3.649691614521323735e-01 1.252763578749563067e-01 6.521893851467081005e-01 6.042996344176976287e-01 9.048527742837859655e-01
7.109472095750704046e-01 5.302103861116717054e-01 9.659041771867440396e-01 2.582997995256801071e-01 3.859693429167209561e-04 9.116269537724113262e-03 7.100968555372242363e-01
7.613744955090806510e-01 4.744576367915144255e-01 8.034734935485600138e-01 3.207515967026721912e-03 1.101706257390209082e-01 2.183893624309193524e-02 7.841666043100291583e-01
8.430478199704076747e-01 7.451074727143947030e-01 8.339905249099139883e-01 7.716692612542433438e-02 2.716562611090206705e-02 5.271474048378003985e-02 9.975786834602827780e-01
3.772998492298573758e-01 2.920927063235285656e-02 3.196098500479642723e-01 2.630687785231882736e-01 5.169557760561243054e-01 1.836743802859978625e-01 9.125554399891731006e-01
7.220950825378414928e-01 5.729060622627915045e-01 6.668615580036862944e-01 8.551537732038542172e-01 2.869374056013789254e-01 8.806110803647074214e-02 4.937016648522078444e-01
1.066841645190024640e-01 8.240389872576766583e-01 9.773701788589973516e-01 7.910928847541197351e-02 9.041583245960280527e-03 3.718969575944233198e-03 8.604730591515971083e-01
3.743027510567916161e-01 8.816544059759789942e-01 9.741820609389016949e-01 1.008860688767027449e-03 7.803501900050084390e-04 3.841643998097072060e-03 9.937532840866574180e-01
4.917108735344167814e-01 4.812909685157477635e-01 1.781735224612933932e-01 6.631236415957132424e-01 9.098500236929403240e-01 5.190816414011892865e-01 8.184880259294623484e-01
7.907904601174498005e-01 7.871097134622501157e-01 9.538331908391288749e-01 1.342027644346737714e-01 1.599764584329608219e-01 3.885209426312828500e-03 6.709767491396487760e-01
3.254744716188240350e-01 7.573094705336710919e-02 7.917709545482287670e-01 9.843204617566646553e-01 7.768112962696266388e-01 5.650281417955492491e-02 4.530629179412269947e-01
3.694365814544331959e-03 5.150079926321702306e-01 4.932579961336014396e-01 9.023557405767244077e-01 2.207372147983424904e-01 1.559147819245784022e-02 6.570855814959974950e-01
1.118600606647929437e-02 1.747585495293288715e-01 1.690599116283130754e-01 1.875258432813418641e-01 1.863301170490133940e-01 5.877936138219949092e-01 7.826084971864764039e-01
4.995251852323869812e-01 4.734400095287825128e-01 2.464498819188561118e-01 9.508151337026343741e-01 6.556093583371137568e-01 2.076589121896888490e-01 9.468052154172394985e-01
4.114138061893820586e-01 7.995721570322975591e-01 8.336547995911500752e-01 5.301158259497312786e-02 2.021942372077568939e-02 2.788898949920032289e-02 9.196871738554747155e-01
5.036292242984764522e-01 1.062998823775846910e-03 7.663129541344568807e-01 3.209541114649676619e-01 1.207498057461453833e-01 2.259966755722120357e-01 5.679068417324728557e-01
9.056015676493130995e-01 7.726688402838589598e-01 9.743499457286319831e-01 6.106598335711526521e-02 3.221135920920380072e-04 1.152429405833252027e-02 9.362302428648036079e-01
1.195698132381270429e-01 6.202903338676508949e-02 8.390309742728145892e-01 3.095600973197465966e-01 2.877578040195030717e-01 1.937147381814032995e-02 2.911458870978556046e-01
5.011534155313589478e-01 9.887623170723487398e-01 7.462323657067503335e-01 3.062455676080754752e-01 1.426294884631344462e-01 4.396021486940381029e-02 9.945734861860664466e-01
5.220698423981193770e-01 2.351966695688675335e-01 4.900341261194886000e-01 2.336182595719686617e-02 7.312048194663252343e-02 4.179218860379638883e-02 7.378790924433142884e-01
7.318658299193909755e-01 1.238797913343354096e-01 1.976414527212649042e-01 9.969905390968444303e-01 9.809429713950402752e-01 4.505261312139423047e-01 9.954186561633164843e-01
1.723526683979212382e-01 9.987725554862981747e-01 5.719211667553023570e-01 6.054020417589198177e-02 3.031215867375138678e-02 5.438900180331434492e-02 8.835340131512349204e-01
7.308815640616853626e-01 3.769982532192708846e-01 2.790615680554960898e-01 5.823203838477299110e-02 1.876412117913910452e-02 5.499990872012042176e-02 9.975771546882030716e-01
8.827109711978331497e-01 4.378486189984489574e-01 1.718459309016085734e-01 4.241580430736359153e-01 5.187472097213287059e-01 3.578856454565829907e-04 4.001185550842990546e-01
3.020387234527911659e-03 3.397082392600581091e-01 2.968702306052252160e-01 2.241695685958801018e-02 2.943483006405849256e-01 2.990894431378849916e-01 9.195385181382238482e-01
5.011048786474516792e-01 2.196753210529864553e-01 4.150625854129931236e-01 1.646661319819473779e-01 2.675668473071239704e-03 5.843683991445933895e-02 9.276012225837299008e-01
4.623658307954764402e-02 1.367169985226435267e-03 2.685887403031340659e-01 3.706719267578794108e-01 2.226886034591526453e-01 3.670313204720825756e-02 5.093718853779987121e-01
2.919200014733972295e-02 2.948841981323709754e-02 7.406163680267704441e-01 4.246494882783441449e-01 5.167569028944917209e-01 3.558786462530844769e-03 4.955188622407263876e-01
4.015124885221181272e-01 4.352351807405964168e-01 4.621773950898528938e-01 9.970698309763904588e-01 4.855201020726236383e-01 8.779024344510348576e-02 7.451979485178923390e-01
4.689658124880824452e-01 5.026384450096762491e-01 2.988517453833287041e-01 9.968741596956436357e-01 9.963084616114220582e-01 2.506783766184703111e-01 4.268945275267305717e-01
9.127943965747884469e-01 8.883116686939853679e-01 8.448339455028500700e-01 1.247597294050637601e-02 8.260095832132444832e-03 3.816410217813474837e-02 8.919757086139316060e-01
4.987886781680909154e-01 1.689560042176228849e-01 7.270383384383612979e-01 2.274416769714828201e-01 1.710537954266656401e-03 2.756200395381051566e-03 1.295002942548906764e-02
8.206867311200426451e-01 9.369133547928528705e-01 6.383574739622303040e-01 3.123205473234903079e-02 7.427778466238378965e-04 1.554540463228311700e-02 9.325366216653061535e-01
4.652689407549212564e-01 2.222478294234360441e-01 2.735506989931306698e-01 9.777224250395274430e-01 3.374105571409662385e-01 2.412182930772277523e-01 6.546727365436789681e-01
7.014222866474689733e-01 2.630547715563866795e-01 2.496182320766216767e-01 1.527836335442701865e-01 3.886676952178286237e-02 3.542135345696442728e-02 6.925569608114082731e-01
1.886018353445840234e-01 2.832366161305356345e-01 8.119076457297442762e-01 8.797193136383235634e-01 6.190998948146626546e-01 7.139829607283176838e-02 8.890351559141431714e-01
6.696999640471320570e-01 7.179296945523169216e-01 6.383610912895956169e-01 7.228551096203909843e-02 3.263693865808800498e-02 8.926807762731320262e-02 7.692834623653990178e-01
2.934923669968747539e-01 8.541773448175209449e-01 1.004214525408925196e-01 9.023150101255433819e-01 8.146883764856073240e-01 1.683376967242189992e-01 9.271142689000758663e-01
8.366782228642858366e-01 9.122506892676572887e-01 9.522571875734674451e-01 6.684307720831535182e-02 2.242786533112067771e-02 9.984545757738412866e-03 9.364550243502106630e-01
9.628816862789569830e-01 2.750374346362217115e-01 9.123710760682876009e-01 7.621244591048578765e-02 2.096316990130637353e-02 3.067308249694390698e-02 6.065933049765176444e-01
1.022505472124914522e-01 4.893926542162729265e-01 8.132333461462356583e-01 9.198673859700871869e-02 1.583160763149660949e-02 1.058054563807008658e-01 7.866367163535503693e-01
1.955838390296487650e-01 4.143114684832386319e-01 5.302426662949254466e-01 9.777499414051767090e-03 1.316641526429470910e-01 3.978265017233856282e-02 8.173023222625325213e-01
3.597787701794068899e-02 5.076347646506140787e-01 9.946788562221270391e-01 2.309317659305537007e-01 1.391602143433330885e-01 2.111572766049683511e-02 7.408984038488605206e-01
9.029426403896932962e-01 3.534359353512183666e-01 3.913591797277197748e-01 3.027610566838144779e-01 3.036640244918449305e-01 8.806945608004984605e-02 7.790171571855682986e-01
1.279482304430964723e-01 3.948763639584517704e-01 6.212200829044743911e-01 2.271522939750858228e-01 7.472004419224163863e-02 9.358154500401724696e-02 6.415122944318061293e-01
2.046997675123151880e-02 4.831322489923317587e-01 9.978478683609037780e-01 9.237254090673605034e-02 1.085350436299760413e-01 3.525201166893393578e-03 1.400837092363003689e-01
5.873738672889352586e-01 8.442679178226685233e-01 1.785831755497482576e-01 9.585554425564483116e-01 3.690400319237701621e-01 6.840248722501121592e-02 5.078305018975469709e-01
8.654972894741601586e-01 1.510277208104145175e-01 4.308602267290091437e-01 9.762728579340896884e-01 7.410703889654596255e-01 2.686989473631087311e-01 6.872607847922559410e-01
3.438272523892644816e-01 8.293301162693724748e-01 3.010857772453081060e-01 8.181057380387745104e-01 3.614858939982947827e-01 1.843074437159999135e-01 7.414017167992006385e-01
6.162195368618498259e-01 9.948662936217501640e-01 6.906682537856918547e-01 8.161484260159276860e-02 2.202133005634886523e-02 4.995213421786614399e-02 8.479342818329220766e-01
4.663803089191083107e-01 4.842543579608684645e-01 2.227853912976579809e-01 9.415752297835925377e-01 5.499296681011052179e-01 1.145696876457768520e-01 4.669591852006129140e-01
4.647332855490581838e-01 3.653957422885926176e-01 6.060467066954712267e-01 3.441828737003285177e-01 2.257674978072918628e-02 7.415022210111042733e-02 9.913614068804322832e-01
3.096381997466405855e-01 7.660921944546812412e-01 6.343470822582741864e-01 9.256419245397258244e-01 4.094392288332644458e-01 4.101834623647615530e-01 9.095982169384758675e-01
4.351492656887316901e-01 1.780152226965412143e-01 8.591918393615439742e-01 8.483794792041504662e-01 9.988503005647534350e-01 3.381372791555977697e-01 8.569141173058897332e-01
4.279210710068167001e-01 8.089287343696376364e-01 8.012854597523583200e-01 5.529526985297474884e-01 9.934521356526027080e-01 1.221589587046524317e-01 3.376263814538790764e-01
4.400881993817926663e-01 4.999305538764253209e-01 9.799906564682944188e-01 9.985959336045073798e-01 8.528611838251128896e-01 8.843746431895178617e-01 7.630415033818237491e-01
1.069123722931934750e-01 5.467016196007513651e-01 9.192599834200118059e-01 8.825320978333831556e-01 3.886414878432836173e-01 1.019440093486177062e-01 8.108368638606363588e-01
4.658634116675226533e-01 8.551634062433108863e-01 6.239479388870026177e-01 9.540217852742411964e-01 7.919524078021209501e-01 3.752428776534070809e-01 7.082755041667818663e-01
4.417040265676609456e-01 1.520299488841247437e-01 6.176614164977347610e-01 9.975051887118571159e-01 7.300065780716629149e-01 3.207052871898076196e-01 9.138157337837502503e-01
3.758305897756414882e-01 5.030652689805326094e-01 5.769950838938021631e-01 8.476118821448301865e-01 6.159632110339661182e-01 5.074596612135884310e-01 7.840695933490665626e-01
5.100948788510396570e-01 8.171919991842693243e-01 5.960051347973203129e-01 7.948482574675128642e-01 3.419034675239464027e-01 1.170901430336004356e-01 9.774977061596203942e-01
2.938650543531814430e-01 7.629970893122114406e-01 7.246026068198668790e-01 8.733244701745840333e-01 8.000162899458204135e-01 5.994075400806710974e-01 5.847864566742442261e-01
5.272265065110005589e-01 3.560773514827776376e-01 8.075541316585247431e-01 3.664192694201951275e-03 2.596191565319564895e-03 5.093848146467191279e-02 9.012019286925276873e-01
8.529742580443137046e-01 4.415940803037346485e-01 5.027918491394882672e-01 9.865124168355977607e-01 9.222205941362430215e-01 6.527039758049406615e-01 2.770663324046334641e-01
4.132556360869496515e-01 4.643343836639078348e-01 5.344799161288490419e-01 8.472434391823499000e-01 9.023288370660188518e-01 5.722895242594040477e-01 8.780623259838269412e-01
3.723153921227041474e-01 5.021772591237860794e-01 7.833370368333275602e-01 8.957815982889687501e-01 7.950477029409962482e-01 4.359313247232417948e-02 7.127452420956750245e-01
3.745530652816648765e-01 7.840251157282766004e-01 9.418190930944725370e-01 9.981859673047563941e-01 3.182385394481384022e-01 2.642885874934262080e-01 7.001396512953199647e-01
4.299911033612716649e-01 4.542718304033442345e-01 9.441468986928650553e-01 9.987529990589185669e-01 5.337990006837606272e-01 3.753918021208372813e-01 6.017680535760769889e-01
4.837489211503542830e-01 5.087841962074531876e-01 7.614795001885815706e-01 9.997667328458696989e-01 9.994257897357495812e-01 3.732373400669227737e-01 6.558245536911641027e-01
4.483442514360574394e-01 5.111192464593130591e-01 8.122606423824226818e-01 9.987372740345691335e-01 9.243438235395010638e-01 1.758807861299801489e-01 8.667303312804772730e-01
3.479622396160736431e-01 2.236386433779194993e-01 8.797512069247009903e-01 9.999110335704086694e-02 2.658561236505889713e-01 6.259774792693827139e-02 5.973149141128926143e-01
5.859361667624225500e-01 8.267950661243081978e-01 7.887022432680592665e-01 6.668322725129938178e-01 3.617286934124036013e-01 9.225695151271419425e-02 5.664330830232665592e-01
3.675055961720525843e-01 5.032847118844964163e-01 5.954367177765935715e-01 9.968795374056447223e-01 9.677883902961563756e-01 5.554255539023997823e-01 3.472498045413471845e-01
4.150273439778913720e-01 8.405867409832988857e-01 9.507799689628311235e-01 7.492015586768573376e-01 4.773208691847601326e-01 2.076539318911110876e-02 5.691140159457165337e-01
4.003850887985417328e-01 7.928095974361963894e-01 7.513540156696610905e-01 8.787507963430521984e-01 5.552356050555784517e-01 1.291157953483872411e-01 6.567408757983494993e-01
2.896621478765243896e-01 7.678310342531379229e-01 7.887791613571957239e-01 8.511093709750786607e-01 6.240528312914157549e-01 2.733558532644977390e-01 5.387155056908814466e-01
9.526248476686085542e-01 4.815525844855775284e-01 7.654215599628640954e-01 6.940005960744884961e-01 5.062512486310253301e-01 3.219097861379264375e-02 6.477471064730926376e-01
1.699720592535322594e-01 7.500924733115369447e-01 9.215289600856162444e-01 9.771266775382670966e-01 5.109497989803423179e-01 5.321947641246680405e-01 2.911811879992994845e-01
6.815387345857262247e-01 1.082294328992164933e-01 8.480794667771610618e-01 7.977814169225059260e-01 7.798235494134583279e-01 2.019053354217630325e-01 6.211754133485822837e-01
6.674114041916152651e-01 8.135541897095819319e-01 5.217521574002609297e-01 8.160762403387297192e-01 8.783846722712737032e-01 1.515770817867069797e-01 3.613202431688464777e-01
3.251634046023892388e-01 7.605933675528241400e-01 7.057441589720262476e-01 8.602910538539731977e-01 7.531251587642486811e-01 1.691013967344959928e-02 8.008131489295969851e-01
4.489889918119260859e-01 4.486496121487726918e-01 9.871775702078562365e-01 9.961961750967167628e-01 8.511330340656233506e-01 2.534478108378233063e-01 9.978723266505780121e-01
3.590636579269969042e-01 7.976797499475740683e-01 8.563366859756108562e-01 9.578612387117249050e-01 6.239500094314442968e-01 1.999565239344748835e-01 8.293780148238107941e-01
3.836165941110271649e-01 4.933956340053360923e-01 8.481692475655853158e-01 9.972862869644529837e-01 7.794086435684546288e-01 7.483320528318872233e-02 5.283822897543652974e-01
4.522472309447692074e-01 8.064180698832535965e-01 9.758064667780155244e-01 9.991299909856927730e-01 4.985909541793518973e-01 3.248821347835653683e-02 7.915158470102707788e-01
