8.961838239343304924e-01 9.737583918549843620e-01 9.050897361363248184e-01 5.144856172843796926e-01 2.097311404702642545e-01 8.523278192876707071e-02 7.395789470581344283e-01
5.629836730840965808e-01 2.451790012384801043e-01 9.127831112560490512e-01 9.974175770307510680e-01 9.694272792151814588e-01 1.686145501925989491e-03 9.929568999039604105e-01
6.230042901148278300e-01 2.230709821424925465e-03 4.905103814707644783e-01 5.398194157941604149e-02 9.880518080794210567e-01 5.032717733213023376e-02 8.564182684993753014e-01
8.800554229293557906e-01 1.260693280133039496e-01 7.590592595363758743e-01 5.289978668937168615e-01 9.705474488848904180e-01 2.638645923962852202e-03 8.133953753280960264e-01
1.188943295534946112e-02 2.768922501592928076e-01 4.285251110603105484e-01 3.418356969001345447e-01 4.660963765969247108e-01 1.696466525092645838e-01 9.305543950790008401e-01
6.067963087205000550e-01 2.669658132275378182e-01 6.781291798102612178e-01 9.955132114245353048e-01 1.003640041630442514e-01 3.402810917811037728e-01 6.928575527949728530e-01
9.142143638756071722e-01 1.614240240799378334e-01 7.565416027661713283e-01 2.868092336257106467e-01 7.953075665678491224e-02 4.329660958857493025e-01 9.820867809671273152e-01
2.240355596166496432e-01 9.264183030820569709e-01 8.561229935839910210e-01 6.836551227773858541e-02 1.410307791320195292e-01 5.508795307191788337e-01 9.080468941436908858e-01
8.888707621029006134e-01 2.860233916690892997e-01 7.104634760812660321e-01 7.716824171386066356e-02 4.844379353048729464e-01 1.380447278080022822e-01 9.523468060668321966e-01
9.787131405463778133e-01 2.999361696782381070e-01 9.003065991093396336e-01 1.507782982927514948e-02 2.236104730884161049e-02 5.014100663931184698e-01 9.550278775228033812e-01
5.242271299299103848e-01 1.238909887777707441e-01 1.324797424208114249e-01 2.949556251703139634e-02 2.653879087704102413e-01 3.915087558387470024e-01 9.460341969401326878e-01
9.101088193296955620e-01 2.637219386936065502e-01 7.633373108378825878e-01 5.124468730896675206e-01 3.401759127773851255e-02 6.848850933774713878e-03 6.334556722406684548e-01
5.296985781472478561e-01 7.740347257630750821e-01 7.096992475691847879e-01 6.333767798559970519e-01 1.092780722184280573e-01 2.409135730570944323e-01 6.522266219356752659e-01
3.843719438274633138e-01 8.658365204321111230e-01 9.187662995339280769e-01 5.049054048487075508e-02 1.123264576128700093e-01 2.141848811552459486e-01 9.852134433620024501e-01
9.269957075054477968e-01 7.828886837081225902e-01 6.970657882081739976e-01 6.235342438973496826e-01 6.666942138357964120e-01 3.131849565956260073e-02 8.469267021774712356e-01
4.431506287743753325e-01 1.775994469163963141e-01 2.299548766413867518e-01 9.831912386197997344e-01 3.637216679060042424e-01 2.421560089844833948e-03 5.139527597241402290e-01
8.079279419290225084e-02 9.378861203197750296e-01 8.822179228255940808e-01 7.514971986805225879e-02 9.784481996745204857e-02 7.923529952987468095e-02 9.826349273670621498e-01
6.084426032438166043e-01 6.412086771936302831e-01 7.426331821514262632e-01 3.898704128169103722e-01 9.407586442654962931e-04 1.068494155961647318e-01 8.959563632689668822e-01
7.666773731987977167e-03 5.169158791852089818e-01 2.928601839101087068e-01 9.364069971830307759e-01 9.371466635391604953e-04 2.515743450772182088e-01 6.989197191564529010e-01
7.830000535922684302e-01 9.051584933517107245e-01 2.771487596384214491e-01 7.426279581364383375e-01 6.002647509314188445e-01 9.980420449644357150e-01 3.358955898538023011e-01
8.978799148511329431e-01 1.706095206776454473e-02 3.955446694054352008e-01 3.578180246488546837e-03 1.594754723016875986e-01 8.056669242890218685e-01 6.166478962920005635e-01
5.978115150837761682e-01 6.129705776471162659e-01 9.269208050274025945e-01 7.467239508658540803e-01 1.844476814789816621e-02 5.582713521552234992e-03 9.577785853609607214e-01
9.194183243954463514e-01 8.656872562343790323e-01 7.438713610901702689e-01 3.519095764468798127e-01 1.421262502504893818e-02 4.848391404493339329e-02 9.445010615758198114e-01
9.192237216678047496e-01 8.345970579686199375e-01 6.555295798569240606e-01 7.650851600674886399e-02 6.030914785453954374e-02 1.119797558774584118e-01 7.916544485849558166e-01
9.057501342286350399e-01 9.119501956472544357e-01 9.416236699296952617e-01 1.364616784640381442e-01 3.696367409448934882e-02 5.370278668487665774e-02 8.158606070936108567e-01
4.954717675645187724e-01 1.995630109443337075e-01 3.760126175164039686e-01 5.174648253878719739e-01 1.971615533730475961e-02 1.190967854121320890e-01 8.530121088023180365e-01
9.999938766815653635e-01 3.462973781765106285e-01 8.953186718586105819e-01 3.639378235139787421e-01 1.359458929239823564e-03 2.440293731937343263e-03 9.380437497275285752e-01
7.551809618324518691e-01 8.946751746525756221e-01 9.499113899565148067e-01 2.720368896794378780e-02 4.983542366050740594e-03 1.744114383459020867e-02 8.494695173138613331e-01
7.129415889305351639e-01 9.087269469812319089e-01 8.236992808919816333e-01 1.411973805630630657e-02 2.171319458714146208e-02 2.682382782368599589e-02 7.373669378719588385e-01
9.115667734092637309e-01 3.554401285419865886e-01 3.117859276947589908e-01 1.147013506302568125e-02 5.624055486827870265e-01 3.308512817258524308e-01 6.404978336011528661e-01
7.792556300858672902e-01 8.928397932099570167e-02 5.622084154639748199e-01 9.645601492684410805e-03 1.475865755849697369e-01 8.985334297551794691e-02 5.160831883167604772e-01
6.690225865798090643e-01 9.196045025438305265e-01 9.467884124311789495e-01 9.930548749269380027e-02 2.315047511548834133e-02 9.368789044628279827e-02 9.545421522760729749e-01
9.941588141258240752e-01 2.834648816213303779e-01 9.303656487096747529e-01 1.113179345956967492e-02 1.061254233562263253e-03 6.401067747068778235e-03 8.667354831424013417e-01
9.644254688863042047e-01 1.928672592896814864e-01 8.707663307390370866e-01 4.473626350192151657e-02 3.716913743653552440e-03 2.303411813138661959e-02 3.376276754013053938e-01
8.545739366055316033e-01 4.359992841466160396e-01 1.807308644870803116e-01 9.892941827126245924e-01 9.395060616340381587e-01 3.956053097358186443e-01 8.041903837264084975e-01
3.102847968233574671e-01 1.399864512378916868e-03 2.845746744555013308e-01 4.536072111545219054e-01 6.155860852631960256e-01 5.035263479225705191e-02 7.349309925228422191e-01
2.496802171589548591e-01 9.363969370932934133e-01 9.441519308052481740e-01 1.010711029539451411e-01 1.121983148113380943e-02 3.332462787646060364e-03 8.016856521465144381e-01
7.186892911829462043e-03 5.590215441799484264e-01 3.582121426912507900e-01 6.116082089698446911e-01 5.240597064158819540e-01 8.220768634770524164e-03 7.022466566934167931e-01
9.266570826875564215e-01 8.630872251999164302e-01 5.153829101641951294e-01 3.333811810491005972e-02 1.338814123678890022e-02 2.381040700271486177e-02 9.785457508069651533e-01
8.280418365756055110e-03 5.127613589275102912e-01 2.753924373109984391e-01 5.538299250442523247e-01 9.652337519193110449e-02 3.556224942870314099e-01 4.283982191987700805e-01
9.030269066609437623e-01 2.119793889233046180e-01 7.267117383180545787e-01 1.182500247773195234e-02 2.032354044488667195e-03 1.515686401209066433e-03 4.238019343081435575e-01
8.050623522607361915e-01 2.049372249688296843e-01 2.470057626931348449e-01 2.323796590279344210e-01 4.879983960045664593e-01 9.104694506525513598e-01 9.664133147259156287e-01
3.178932376294542062e-01 8.697653936473791481e-01 8.814042323732476092e-01 5.003392987987915347e-02 1.034928865577388127e-02 5.788461047811386748e-04 9.594166213918340347e-01
8.129733830667793537e-01 1.362816282604010776e-01 3.136525486205768987e-01 9.494782748983702225e-01 8.883699664615171132e-01 5.939105390586629785e-01 8.849076214586626410e-01
9.708708621009740081e-03 8.379851489234440010e-01 5.469605913582391565e-01 2.297134898287502697e-02 2.196831097163036775e-02 6.231680106702578575e-02 9.993769074980634048e-01
1.579251449285366338e-03 7.357194842258607537e-01 8.893117335859287431e-01 1.657987364895848470e-01 2.858808256511054594e-02 6.830632739817489932e-03 6.920988002077660406e-01
3.360987002878132457e-01 2.862414639521843746e-02 1.884504218453325330e-01 1.769873377752013630e-02 5.287772238312272721e-01 9.723096657333010207e-01 3.288798818815988900e-01
2.721509236468979687e-01 8.785308700629773648e-01 1.429656850445490401e-01 8.275906412352823649e-01 3.471733080570819086e-01 7.981775211314949825e-01 8.465044587989537517e-01
1.200145689421751316e-01 3.554395260475287643e-01 5.790764727465262940e-01 2.963965271567798321e-01 4.647045707206967635e-02 3.089437170765003127e-01 9.733760064087191299e-01
1.552747434016509276e-01 1.094276195635074667e-01 9.344239554125176594e-01 7.988840555802784182e-01 1.939934555329320435e-03 2.168289099702028211e-03 6.951717144622011624e-01
6.028415937334054009e-01 4.710893734738071104e-02 1.714418071644165931e-01 7.024945505104559507e-01 9.132679674455557173e-01 7.496147105013523104e-02 9.035664946571922984e-01
8.148394474239111229e-01 3.569549085109150477e-01 2.917821838704248161e-01 7.044357940897423287e-01 1.837053732073273549e-01 8.774331193664381967e-01 4.292527536845295866e-01
8.206602550120508655e-01 2.180189661401101819e-01 2.822070838562780182e-01 7.643609305160490308e-01 9.791084494124260296e-01 1.749759348424282102e-01 8.282697525233418956e-01
4.358887869894212952e-01 7.952755764634056312e-01 7.444663910100786097e-01 4.001666990365078669e-01 2.357918016883791060e-02 2.411778493934622070e-01 5.548982140165691357e-01
1.683597977365084153e-01 4.240374022866972847e-01 5.874131818436613139e-01 2.533996810215572437e-01 1.941803957608988773e-01 1.917802405720814840e-01 8.663729565281654832e-01
8.674410610347903505e-01 1.177661594543917833e-01 4.651441469847916732e-01 9.232387574476893510e-01 6.890818330027451699e-01 3.150956180885716718e-01 9.334098829279258158e-01
7.863302278018569069e-02 2.311426669998298614e-02 3.076496724465887511e-01 1.314017406383442277e-01 5.088483784610674521e-01 9.934833250519148340e-01 4.367775080481904881e-01
2.834437622709602422e-01 5.720248728805360505e-01 6.816869232073111684e-01 6.732025516333742798e-01 9.898544258128279261e-02 1.840290886638730750e-01 9.203251163265586676e-01
1.637272670743551151e-01 3.590330895285108181e-01 5.288520016926733236e-01 8.192936902936032856e-03 7.415210544500919210e-02 1.869008199163175177e-01 7.633094205872732463e-01
6.351318539478155722e-01 9.999627519220558591e-01 7.895463316853620350e-01 4.382214821895682316e-02 3.623718223589512955e-03 7.068857493075075132e-03 6.239083925177213441e-01
1.187421521568769595e-01 7.267947781461231091e-03 3.120444161220881640e-01 3.371102959705903346e-01 2.760412881778609995e-01 9.958302306585175012e-01 4.652256189849955370e-01
2.180183901103446009e-01 9.075193687253184649e-01 8.350447036902618470e-01 5.009627057319303300e-02 2.355699860434016385e-02 8.680287188372891316e-02 7.316607917146195073e-01
2.146275803315040032e-01 7.530018935211654219e-01 5.956649370800261994e-02 4.033865953508046498e-02 8.921295621233044093e-01 5.673452291965229710e-01 2.167363259077560445e-01
1.630752317032130583e-01 1.554434084431723442e-02 5.821088463524503043e-01 9.526689634323080025e-01 5.966345673369211761e-02 8.504664475000821566e-01 8.158436277630384259e-01
1.131986461499984581e-01 3.384623127110737428e-01 3.646325723154801302e-01 5.262474863056348928e-02 8.663469182399649027e-01 2.705608191945187424e-01 8.324160475038937523e-01
9.891836126179901489e-01 1.061152697148041862e-01 2.268057458240956004e-01 4.428318020895224416e-01 2.831617822468935897e-01 9.636590372611541881e-04 8.682827487243105491e-01
1.188700384554505773e-02 5.870598676886028960e-02 3.126938839934011449e-01 2.684148924972154515e-02 4.312462620659491819e-01 7.172632541265185901e-01 8.520282904956303360e-01
3.925341782593821383e-01 5.641997526835512700e-01 7.994337802470710130e-01 8.792023719977823948e-01 9.583245857234529153e-02 9.080460614935725872e-02 2.549491098877956219e-01
9.079267436441046391e-01 2.030552110219748518e-01 4.613899356062198254e-01 8.960734030920832760e-01 5.069997578729917853e-01 9.205828799734836615e-03 8.796169472500541264e-01
5.432764333065905893e-01 6.746989330769705973e-01 6.672852570063804167e-01 9.395905260688387495e-01 1.188727310343461324e-01 1.696797976035800959e-01 9.256182128304776269e-01
5.158558285167175184e-01 8.024497058739340494e-01 2.713329191899175319e-01 9.528834673747732520e-01 2.420894929411106233e-01 1.139361998033454476e-01 7.785849332605634388e-01
4.316790395384459966e-01 6.593853687687093457e-01 7.308356703449895297e-01 8.841367192492072258e-01 3.948551737134060602e-01 7.049967298230340462e-02 6.760369845870456418e-01
4.636429883695447618e-01 1.694224333207107747e-01 2.748286659540992716e-01 5.100008676850419365e-01 2.954469455868271449e-04 1.827320383985589214e-01 4.021285989568271213e-01
5.526391290466969863e-02 1.139532635203551391e-03 4.900159218767455305e-01 8.916745932033721261e-03 3.777074745749505608e-03 2.058939685752634863e-01 7.740076240364864857e-01
8.712635110546900208e-01 4.413261936225937321e-01 1.042502771362341513e-01 1.612380671502728902e-01 5.320589331571758951e-01 1.061299323161789959e-01 7.705025905828118971e-01
8.982651938451687856e-01 1.695178045874880801e-01 4.825683369108305087e-01 9.683049986692200406e-01 6.592270992333413293e-01 7.232138270321436524e-01 3.519928707370338916e-01
3.983714119486850280e-02 5.815371337489665393e-01 7.351122354792034574e-01 1.213543397921728190e-01 1.185409434661441747e-01 3.154002857149691003e-02 8.449006471660139850e-01
3.321971749388249323e-03 3.058716628228735912e-01 3.084329153042163485e-01 3.820427096973888492e-03 1.784512123292092411e-01 3.820933443626361309e-02 7.826152686890515131e-01
1.332363301024623026e-01 1.447507645558787290e-02 3.384051395588510425e-01 8.536934023859810150e-02 2.052703488404329472e-03 9.325119029534791049e-02 5.037015853062049020e-01
1.254009517586847922e-01 5.012300154339724978e-01 2.510774718585628840e-01 9.971036685410111788e-01 6.728905492852829129e-01 3.557101628149100803e-01 8.578353337531595679e-01
6.657755862811575165e-01 9.948104552910502774e-01 5.820334813255393369e-01 3.886018776852790541e-02 1.873009218297902109e-02 6.327813265869363692e-03 3.166039238481858087e-01
4.972860288505677739e-01 1.134448726830234178e-01 6.893491282882044380e-02 1.576432424527040785e-02 4.320052633730738223e-01 4.963815058694684423e-01 4.462365326475624672e-01
7.025354364816640551e-01 2.107455634240475162e-02 3.253312969029465429e-01 6.308759960121183008e-01 1.444659607332193507e-01 1.582002776176904546e-01 4.491747690189031861e-01
9.513709806313038753e-01 3.324818879680883910e-02 7.470522677551748592e-01 5.575203472053008591e-01 6.313485060067509647e-01 2.456498675460709324e-01 5.729810037366763753e-01
5.678169526532259592e-01 9.147874614484161754e-03 2.597277599100994983e-01 9.266788521983384541e-01 8.823875049999605480e-01 2.717378952741589804e-01 4.616068984766407146e-01
5.866119263992868316e-01 3.805987770250736646e-01 3.195813613532028086e-01 9.988447997125192712e-01 2.319137405573960808e-02 8.378929945308935534e-02 9.714070320373822121e-01
6.407656713446973074e-01 5.661952234997894573e-01 8.150107026632035234e-01 2.428644260621016793e-01 2.280370953100442633e-02 4.432662679029531622e-02 7.450735712446546755e-01
1.370886955422685460e-01 4.731910609412882107e-01 7.644130871119844128e-01 1.633117760947400479e-02 1.190430008673219603e-01 9.716116223056146806e-02 6.238695669198844884e-01
7.051606228317512937e-01 5.512650541920974812e-01 2.278370328504562559e-01 9.424422714601040640e-01 6.531645231926039297e-02 1.206748497372033269e-01 9.095132743054570312e-01
9.783843219065665453e-01 2.493847043037692723e-01 1.771980932528829655e-01 2.961318857156986645e-02 3.390496853129236765e-01 3.134097690110987933e-01 4.027656568072796039e-01
9.543707227729444353e-01 1.185136640031528715e-01 6.501561127817814256e-01 6.561786986145818901e-01 5.594411934453913382e-01 1.406645332950049940e-02 3.646535735977169401e-01
5.256486598903987728e-01 8.367226630589325032e-01 1.804449097663849977e-01 9.938361561953235057e-02 5.038702490624082930e-01 8.379168165597448287e-03 1.882184315979310296e-01
5.321676445605237893e-01 2.177068728537643605e-01 4.815946022304393170e-02 2.784431164293739783e-02 3.355903158730980107e-01 2.439558664932573590e-02 9.495275667903916306e-01
9.460374643154351171e-01 4.455336848231125635e-01 5.295422960095658160e-01 1.725853708265464581e-01 4.684991801217370383e-02 2.798306410945603645e-02 9.064706834246910594e-01
9.064716365122639230e-01 2.308106693196778636e-01 1.035763338015511376e-01 8.516110281420987693e-01 6.951533673259984170e-01 9.114549554650214214e-02 5.547946325578099191e-01
4.369690846208059698e-01 6.054798524284734640e-01 5.506485206970854751e-01 2.720261885651303890e-01 2.662685758710591280e-02 2.206128021975835296e-01 5.039126735867712759e-01
5.366890392873204796e-01 1.388067374797599396e-01 1.509340711500759269e-01 2.341915374979459258e-02 3.268220018315675102e-01 7.507466796651225682e-02 6.551130541813100505e-01
7.064263025780542771e-01 2.832069636784298461e-01 3.103298788228218141e-01 1.392206274421945167e-01 4.113293007549324587e-01 7.320123172299795866e-02 7.166565138313094607e-01
7.198232364142728157e-01 2.933140500895484726e-01 2.690451440011398798e-01 1.497996597147872311e-01 1.983193580356048535e-01 3.300641599716958030e-02 9.337618406014753791e-01
8.694982150309723545e-01 6.829055416884824981e-01 6.704537264588940060e-01 4.694860887645551165e-03 6.932945291626693707e-02 1.029951251608528413e-02 3.227483711183003479e-01
1.629838260288550833e-01 5.000269759487381283e-01 7.226768690143133833e-01 1.628426039230375932e-01 1.246336337440485768e-02 2.215013562322046617e-02 7.182721578510359306e-01
9.189645347201343961e-01 9.765824546113581750e-01 8.631520312439258102e-01 4.334664430722508233e-02 5.548322904557409507e-04 4.170252504230394230e-02 9.385890332898040311e-01
1.347955833119194591e-01 2.717927764534166513e-01 1.968505968711685983e-01 2.521134040710514834e-01 8.676752905418302353e-01 9.306999486079841066e-01 4.705594164718317485e-01
5.614493577747555753e-01 2.752327432046923761e-01 6.142843392603070107e-01 2.272669860533038932e-01 1.452791202230722944e-02 2.990706742529046502e-02 3.239597745376420201e-01
2.150511916368633147e-01 8.120585746693330664e-01 1.061859858517719135e-01 3.724940768410910097e-02 1.035813979667503104e-01 1.902645243978954293e-01 3.051849389003896684e-01
3.383034999036070578e-02 4.467119564305631618e-01 8.999102419934671415e-01 4.666414655147069906e-02 2.442461482166691580e-02 2.807506824002098736e-02 3.081204978586735699e-01
9.133007709808692587e-01 6.680604092892631230e-04 3.717839608937609230e-01 3.427310175420875682e-01 3.743216027203128959e-01 9.519842205886523689e-02 3.326424338681579496e-01
3.457695594710170073e-01 7.959552947624698449e-01 2.010464786625732192e-01 9.609338140326497690e-01 4.510538323854875187e-01 4.000786988238740766e-02 8.106452991016878107e-01
5.706667491602945841e-01 1.440853043033998304e-01 1.413312681234782930e-01 1.744902965038032990e-03 2.107545894070786963e-01 3.224059643006848760e-04 4.854057352134614756e-01
5.711092307068184049e-01 4.078849985175719284e-01 9.760165227732195414e-02 9.487052320380856552e-01 8.608645386707137748e-01 4.619697446620109615e-01 4.053618516912386727e-01
6.190167796291622393e-01 4.634412787634028391e-02 1.847978415798255114e-01 7.639195345237868029e-01 9.817206296070691840e-01 8.386443193700777732e-01 3.917153672237592699e-01
1.547163751426652578e-01 5.540729452524917331e-01 2.614624408644949938e-01 8.495436016838260329e-01 3.200238979721195531e-01 1.235366339268798574e-01 9.630382287530330210e-01
4.980448978603699284e-01 6.975774334959953561e-03 1.139202820883535444e-01 2.216651814086353367e-01 9.318513329359011665e-01 9.296719686176755371e-01 2.182598370083264627e-01
4.838063950258961188e-01 1.759024598051593391e-01 1.467738095458307745e-01 9.960904051336225695e-01 9.224291451373592965e-01 8.516304220367004740e-01 1.273090368453370647e-01
1.763494784510880875e-01 3.805905988862112732e-01 3.037460228247375604e-01 6.939145251322961228e-01 7.137865597268363560e-01 3.039527951560029861e-01 2.677507139860470509e-01
4.214918635564901539e-01 6.115451764766905995e-01 5.337248585673715073e-01 2.929146914560748494e-02 1.132179497913226446e-01 8.709021101694314204e-02 9.998350967548623736e-01
2.221593267996864740e-01 8.944904074027422158e-01 3.815559176050931089e-01 7.415022613008707963e-02 3.259852445949185801e-02 8.136969759687570636e-03 9.430903780352700716e-01
3.129923816290988703e-01 6.334824649258168350e-01 3.777739556012070232e-01 7.575358723574437958e-02 2.388014988307558817e-02 1.146393970091462572e-01 9.813023164177430147e-01
4.276920031531972755e-01 1.688941577174385700e-01 2.184935354703651245e-01 5.889005078401616800e-01 1.763190162724471467e-03 2.520796558505186344e-02 1.665390396476674473e-01
7.045880032628333289e-01 5.956570393430346000e-01 1.832521629417355191e-01 9.026505438774069523e-01 3.846176822455061872e-01 8.862493802883569805e-01 5.744379998838891055e-01
4.088437813252410735e-01 5.455745408244655481e-01 3.130013838302438400e-01 8.713583090204926052e-01 4.162613201230395132e-01 1.202025829962805464e-01 4.818582208330243755e-01
6.333564548834244023e-01 5.329715868737977535e-01 8.913301999079888960e-01 6.234431240900675103e-02 1.676855532458653569e-02 7.615713228606242960e-03 8.676795748235919259e-01
4.449477079514177480e-01 2.818104455815989562e-01 1.788031287273457171e-01 9.999835436573611958e-01 6.661460325649932734e-01 5.959347662987708460e-01 4.211510674341887306e-01
7.314683527512783057e-01 8.331076656624855081e-01 9.241437341919885029e-02 6.787396912544050309e-01 6.269952475868005859e-01 6.312052096105297272e-01 4.816087340590693433e-01
9.689704875998760292e-01 8.172521301726326515e-01 7.794108989076051763e-01 7.004674585689441013e-02 3.530149436245517275e-02 9.052888133720106423e-03 5.688171187647441673e-01
2.296334132210159640e-01 5.419493835974037443e-01 4.929650493779120790e-01 3.199076946440150837e-01 1.392923358644793108e-01 7.329034961031965709e-03 3.042422952696178240e-01
5.539562684706940132e-01 5.449546418566086903e-01 8.338277436922708619e-01 3.654735916848805832e-02 1.664988613917800985e-03 3.570042998280558572e-02 7.049408709102888970e-01
4.708305177333076963e-01 4.811738772373896356e-01 2.230559847289825814e-01 9.922859563783413828e-01 3.315156619126758408e-01 6.663533014085395445e-01 5.017918952463749083e-01
1.170975302727244455e-01 3.154050317145258298e-01 3.516384718153889866e-01 1.382982887440177278e-01 9.172484911974349009e-01 6.879438479270603146e-01 2.295248015705309008e-01
4.248213866473570799e-01 4.970096750461823198e-01 2.126129098006881712e-01 9.706670184907298937e-01 4.955376468240347276e-01 5.389201352605902384e-01 4.310494211769047013e-01
4.562464217599037641e-01 3.200713698871290869e-01 9.735661680107102200e-02 7.479692400601718472e-01 8.502305063327098011e-01 4.102341869462154400e-01 8.733040935351401579e-01
7.983220655237149854e-01 3.313015271162428887e-01 2.117260221196496095e-01 4.122206159398703051e-01 2.048859029195577719e-01 1.224050286682249328e-01 7.980783595811874465e-01
6.478939598370057062e-01 6.119367387047247586e-02 1.434122176278992966e-01 9.859931599395704849e-01 8.819015279090851589e-01 2.815971731244374943e-01 9.639631312910852401e-01
4.573706882843394106e-01 2.933733235660814231e-01 1.485552881825362437e-01 9.221701261980721487e-01 8.450404382130521919e-01 4.427302765265935802e-01 9.076205831820627346e-01
3.783129243850392176e-01 7.898358267467715521e-01 1.219376844488948286e-01 9.253743948636439232e-01 6.614127115269603507e-01 3.961423229697937365e-01 2.972308112905470701e-01
5.207327113167057320e-01 4.650652483301119799e-01 2.471032806833363960e-01 9.447072429413393424e-01 4.384265279492318701e-01 3.096884536542952038e-01 9.980678729247876024e-01
4.677052373458380763e-01 5.099592188735666554e-01 2.811308109131516741e-01 8.247371647488220825e-01 2.790301900666625201e-01 7.185349939638895067e-02 7.719210640982159255e-01
3.756693921588794005e-01 9.728872195550851421e-02 7.287670209557559620e-01 2.606209536042179975e-01 1.541927577126814275e-02 1.874598786880500318e-03 8.360113295160352953e-01
7.221018736243074443e-01 7.853142216690753297e-02 2.361772261767087766e-01 6.120579093948310678e-01 4.804090520480151505e-01 2.039319805042446587e-01 8.046907837153277621e-01
4.550999464687140450e-01 2.382772156771324201e-01 2.158092619230400078e-01 9.492885352823153822e-01 8.786047591180481398e-01 8.231095215936475029e-02 5.508981073225265312e-01
6.056497042578601331e-01 2.888542449216537911e-01 3.727087643769435577e-01 3.805914979327693071e-02 4.511439804187409273e-03 7.379832065289236576e-02 5.207818258801514277e-01
9.851964587297277198e-01 4.591915036389710991e-01 2.987687045129379104e-01 9.507164706470614401e-01 1.609140860840007625e-01 1.335687229447749111e-03 3.025864753948211416e-01
4.255244613640605800e-01 3.872393291335571863e-01 3.862867059149134308e-01 8.163482327157061125e-01 6.082290616876993017e-01 1.359210121523256667e-02 4.496035596722825628e-02
1.500022587239794591e-01 1.709797952793544462e-01 3.755368478638180796e-01 9.617636161967634267e-01 4.257377747783463451e-01 3.620523917733893815e-01 9.929622880236667060e-01
1.017302282063622526e-01 4.845990509213499164e-01 2.350412355036297363e-01 4.830484956522784756e-01 6.587925709047061096e-01 1.042889196338706304e-01 2.088320867926236335e-01
5.088563625862760897e-01 4.775129850643183849e-01 2.097507197117826072e-01 8.527526664426495762e-01 9.733127315988926442e-01 1.108048648192905827e-01 4.556930026170497583e-01
8.502261375460253845e-01 3.809541527422921625e-01 2.333243510855839697e-01 5.920275081844385001e-01 2.887398048415488194e-01 6.237254939501696988e-02 6.216435859693438815e-01
6.745371438546955700e-02 2.874331774315611598e-01 3.319389054998492239e-01 1.165966504951226473e-01 1.164377947652684153e-01 1.997296156500494302e-02 9.921742111893802063e-01
4.848049727800076703e-01 4.766342789886228726e-01 2.005689393548948374e-01 9.543341241578954248e-01 9.850402604649901583e-01 1.138212369836694021e-01 3.545212274144147191e-01
1.684777665570254268e-01 8.153611085760388566e-02 4.507719747108721586e-01 9.863099717827962243e-01 3.374194632462247934e-01 1.460948230329214836e-01 9.693010269952764268e-01
2.947160281544234928e-01 8.611510918378659785e-01 1.432904913361488786e-01 7.779311125574034369e-01 1.382470058757206133e-01 5.081972125155208575e-01 3.259507478662191926e-01
5.373082296320452755e-01 4.720983916158070226e-01 3.536558084818776648e-01 9.608107080547474421e-01 7.735956664540930561e-01 2.899691961043462246e-02 2.506328539901862551e-01
1.542720771972319882e-01 7.670232443610819351e-02 6.400580471529323523e-01 4.557270423927515801e-01 8.233270881008993847e-01 1.345745472341197957e-01 9.164986045029840378e-01
9.357386266810271414e-01 4.288018210700308974e-01 5.000439772849166742e-01 4.265966144576898572e-02 1.397918710723733415e-01 4.511630295933708595e-02 6.372890793112329089e-01
8.440511499615456215e-01 4.422802035868636517e-01 5.275088149000337623e-01 1.076854739263456012e-01 1.876703225971447508e-01 1.451792416604915335e-02 2.716125207387349860e-01
4.170050535173270845e-01 7.722895666450597663e-01 7.748858990497365928e-01 7.315738509111312238e-02 7.878198738740796458e-02 1.618316815871588196e-02 6.199558051041899054e-01
4.732699799036073074e-01 2.413186931531317303e-01 2.663908771447028312e-01 9.997325496450891746e-01 7.106131804669376661e-01 4.377417883070739563e-02 4.230210930997260199e-01
3.431120053283285287e-01 8.397497199286303449e-01 2.935478689010496134e-01 6.596414833164986335e-01 2.659812046471473068e-01 1.666809309186468441e-02 4.173034598602479162e-01
4.606651202499886105e-02 4.425688579273670542e-01 7.274067086933790893e-01 1.709741812770188343e-02 2.180816016231250029e-02 3.240227939111581506e-03 1.826399541383718905e-01
1.809420251749703223e-01 1.480040744947435372e-01 3.522611367399137161e-01 9.677540393005318320e-01 6.048362013931478653e-01 6.149603185856401533e-01 1.553192457830046558e-01
2.866976949412560205e-01 3.055728627790295082e-01 1.961357279546129262e-01 1.136312781956775181e-01 1.194331179866259113e-01 1.945362316017973381e-02 7.660419268701698092e-01
7.047940667242574841e-01 6.644574379234463590e-01 5.153247268313562168e-01 3.419688501287648785e-02 2.352834330418995465e-02 1.771022655722717318e-02 8.890483637598871614e-01
8.409292914088457860e-02 3.232504437585105861e-01 4.264767856653711720e-01 3.099016529214275173e-01 1.232757865439842171e-01 7.219837022093603118e-02 8.266622581102701650e-01
8.752520761534720029e-01 4.378560578513080448e-01 1.838886297144579907e-01 5.874779944249898245e-01 6.886277339176913870e-01 1.294653559269254850e-01 3.430124739632944841e-01
9.125905816969707152e-01 9.473172091316257593e-01 5.630474717336585444e-01 7.000798669626698278e-02 8.167110557000263615e-03 1.688745548153783999e-02 9.052961855083573317e-01
3.342513018997170238e-01 7.938970853877584943e-01 1.720568858032715254e-01 9.569489172488171436e-01 9.930021756792415388e-01 4.228740716314025386e-03 2.506545746595255086e-01
4.166568570219311707e-01 1.545576303716549027e-01 2.897811344248873988e-01 7.906828263138779844e-01 7.119142373223797948e-01 4.991174472837117682e-01 9.952085162107751071e-01
9.122831040622549903e-01 3.970432373807066817e-01 7.170423111125542315e-01 6.907334674816293374e-01 8.429722886315101915e-01 4.223203229693780481e-01 3.998046696449961135e-02
3.570504447455938313e-01 5.048122728944079984e-01 7.057415628173421274e-01 6.633379004528191514e-01 5.354577117374703654e-01 1.476219424603368857e-01 6.474493697704882811e-01
1.925178917444114735e-01 4.831451476112914589e-01 8.164064791801383114e-01 5.291382119664297390e-01 4.452324939107853430e-01 1.083679519487993348e-01 2.775173698442534032e-01
1.197452440121537370e-01 6.171366624448181293e-01 3.033513026927688871e-01 6.120846210120417519e-01 5.261999431903213731e-01 3.862501433830759501e-01 2.831842053208617482e-01
9.674260975557319453e-01 4.876423626692968361e-01 6.682323285837431515e-01 8.981387661010420409e-01 2.515383719155115938e-01 6.564906484017707378e-02 4.409623699084285753e-01
3.659367706626482364e-01 5.083219427969766224e-01 3.638728972624236668e-01 8.071785897607562932e-01 5.117011584398033497e-01 3.717754244491431881e-01 7.221567318075708952e-01
4.181076089288803255e-01 5.035637749904023908e-01 7.811291570974172593e-01 8.752060415126901027e-01 7.416800103023880597e-01 4.147887527766708771e-01 6.549612672578940531e-01
6.491338279102281117e-01 8.206747569887717919e-01 9.139946011398275560e-01 9.863241048874986650e-01 7.050616459407257341e-01 5.565403310805170367e-01 1.831491559630579746e-01
5.478120492425313515e-01 4.380568242135925994e-01 7.622138183366334863e-01 9.650596934134612059e-01 5.662237009760018314e-01 1.961306908405294480e-01 8.207614441266135596e-01
4.928533563009974694e-01 4.569871832850209703e-01 8.896910313609810439e-01 9.538354984105841261e-01 9.700361653425471076e-01 4.919763404713000665e-01 1.799014541529523614e-01
1.436329445228529123e-01 7.568123208592409945e-01 5.799043558290586375e-01 8.850871146149985602e-01 4.541773830778681464e-01 3.487383199946540446e-01 3.138745694658197638e-01
4.663937753769600847e-01 1.709559645235695091e-01 7.636519651226003624e-01 8.141488616303709236e-01 9.257012304933821545e-01 2.107652756756356882e-01 8.791062954227324422e-01
3.748883068135469565e-01 7.755024512665076308e-01 3.155702474281749659e-01 8.247431212390435862e-01 9.390402977923840711e-01 1.661022739413594851e-01 9.928712054750926663e-01
4.236345741061967596e-01 1.881681908604706521e-01 8.568373159868225564e-01 8.748123128930512804e-01 8.439074374113684218e-01 5.518463448308137398e-01 6.806019774324603144e-01
4.929408446014078016e-01 7.935381270721963975e-01 3.289755892002808602e-01 6.793587086374693884e-01 3.641258786019975491e-02 1.541744556578610315e-01 7.589124973495574300e-02
4.552567102959266254e-01 7.944021997904215926e-01 5.581924963630189307e-01 7.661782561140707548e-01 4.851155603724572885e-01 3.590472406051642418e-01 7.024011544228253578e-01
2.445439746986987906e-01 8.062433732256295560e-01 5.386729737484826641e-01 3.208135237761487344e-05 1.398717070714463606e-01 4.414626212609292222e-01 3.761289197406252338e-01
4.149692656777687616e-01 6.046615665593637473e-02 9.899941405295052954e-01 7.251692716412589945e-01 4.755342152292791336e-01 8.256424114513805090e-02 5.458641975087158427e-01
4.936712212936599231e-01 1.724352371088262448e-01 9.908701730267059915e-01 9.284657674661382920e-01 4.326476420209783846e-01 3.907011840633126121e-01 5.577550035821997598e-01
8.898816451436153407e-02 6.705395060796831563e-01 1.340814970797622185e-01 3.820123101659389508e-02 2.357927151736734922e-02 2.533999772414764762e-02 8.712114998984862302e-01
9.413475268066970880e-01 5.610763705894251663e-01 5.159064930139130034e-01 9.644463127598865704e-01 2.394292582664834523e-01 1.466131287592332133e-01 2.496881187240106714e-01
7.301471581558831581e-01 5.986887378320679964e-01 7.014130352276748415e-01 6.336925511163884472e-01 5.199950541163774753e-01 7.245839906205153724e-02 3.293866470066602603e-01
2.591459913082589939e-01 2.027886149532917293e-01 5.307487775608409342e-01 9.523777417482888197e-01 7.979348195757737239e-01 5.369516254037135505e-01 9.189357761746128617e-01
4.883464921541388337e-01 5.859387131662038839e-02 7.398112748036724806e-01 6.361074889921248809e-01 8.928862521397690211e-01 7.488179216993627596e-02 4.006326114010439476e-01
5.283004109484483735e-01 1.881018902038168183e-01 5.051847951701898820e-01 9.870625809733606371e-01 4.696220696659059723e-01 1.731627966171388477e-01 4.787660962642917295e-01
1.413268179720439111e-01 1.782862902670123706e-01 8.447314790505024984e-01 9.695680898447476270e-01 8.564140269316175003e-01 4.769167092433608812e-01 5.382986968751027890e-01
6.534096233961771416e-01 8.372173962348322673e-02 8.831571617236214644e-01 7.944971551582158398e-01 9.733537574525331637e-01 2.824708789673471832e-01 2.333147306223468942e-01
3.171095794785367961e-01 5.432483665830537545e-01 3.873173360021238687e-01 9.077204504253725270e-01 9.624499231395330368e-01 4.216865532202883071e-01 1.072193595209562089e-01
4.110477103504760477e-01 2.579076428339473481e-01 5.879589636385955664e-01 9.960550053140807547e-01 9.974525231441533357e-01 8.041763590380612836e-01 5.203796367719223243e-02
7.508537479401484749e-01 3.260588578167684659e-01 8.266003020053290795e-01 6.841152083589187027e-01 7.247888124013489586e-01 5.098888639034997450e-01 9.099623301962729560e-02
6.931560716257582078e-01 8.169083126635056091e-01 4.685166641830357803e-01 9.254233641986768788e-01 7.818295645901869317e-01 1.134280750138737665e-01 4.835204093377352685e-01
5.238568941154871927e-01 5.089837491862022611e-01 9.418718288038301356e-01 9.893562642455902001e-01 8.806937106009474769e-01 6.504780299877459260e-02 9.751415033647955477e-01
4.163461865628433345e-01 4.835734570058777826e-01 8.151012587999146852e-01 9.586984947163377235e-01 8.974309962346748160e-01 4.134502280463465684e-01 7.267820364108329434e-01
5.007391291282831114e-01 2.604456576883381613e-01 5.439663166858483834e-01 9.991152384004235998e-01 6.183068063806145265e-01 8.535699568029746498e-01 2.808040408287283407e-01
4.553039064965228588e-01 5.079427995282804753e-01 9.693332768554453471e-01 9.428908896633221293e-01 8.402017621585823326e-01 1.200077377164869424e-01 7.146032722323929498e-01
9.417616023667197966e-01 4.762088178651784354e-01 8.663101297344630858e-01 9.834177827528357563e-01 8.126456582601527812e-01 4.114667331614117463e-01 2.337471469367073951e-01
7.257816213044371301e-01 4.867422178855603243e-01 8.823981152523449056e-01 5.685716662254944875e-01 1.690758185645579725e-01 1.294642494685476208e-01 7.660816259964050579e-01
2.638751159713175198e-01 9.178808464137733561e-03 9.360561575120878164e-01 1.830633275169845919e-01 4.341128665494949079e-02 2.702410538276096563e-01 2.081870378929654153e-01
3.064344733377898922e-01 7.626664873310925463e-01 9.006901418524769776e-01 8.477071694739646279e-01 7.312265740441673545e-01 3.661127553573708115e-01 6.398833222658456554e-01
7.039862737308658636e-01 4.948242579939413077e-01 3.556514592116056805e-01 6.219432180877049188e-01 8.400461255176164821e-01 2.127195842965884931e-01 2.570860596323297775e-01
4.979934337856411486e-01 5.157609608155754310e-01 9.911831092440855917e-01 9.912260331560451831e-01 9.874060519439392669e-01 5.554128751018340138e-01 4.835898925438629203e-01
2.453153883845167471e-01 3.719475303877572414e-01 9.525802492828929768e-01 3.972484128446136520e-01 8.822844416208271978e-01 8.346420072599740614e-01 5.369615756966810566e-02
3.539992496310652714e-01 2.140300338406079250e-01 8.466547507785897597e-01 3.927050288602918493e-01 1.602236723022367193e-01 1.017049149786826978e-01 3.118022768992811944e-01
4.677696824621070393e-01 5.114952227954173980e-02 8.227587769612942914e-01 6.908174803299343969e-01 6.070575389376984266e-01 6.954653659309721903e-01 1.194354501588733020e-01
7.075373749160261960e-01 1.490073041312087176e-01 7.345326596909669270e-01 9.854075556210762921e-01 3.067038361243757949e-01 4.897589770693868139e-01 4.927066033331858330e-01
3.657762866668710089e-01 4.941892028515572077e-01 9.805936450435719376e-01 8.249289633014815770e-01 4.967159562986948051e-01 8.437005622490446888e-02 3.565748877731484967e-01
7.106272744310512257e-01 8.151867332446328662e-01 6.513172037545872373e-01 3.261008732330504256e-01 2.227384347872771175e-02 7.407507021721999874e-02 6.032747071649579018e-01
2.808025186960689257e-01 3.744152976547349132e-01 7.736217469909150157e-01 4.343078690361088512e-01 5.459290314450024884e-01 1.061903732872088585e-01 3.290658765515976913e-01
4.580299189046936892e-01 1.527085487993248281e-01 5.784118523097270259e-01 9.972893540428009462e-01 9.623121801801260977e-01 1.764253130454034868e-01 6.708296678401511892e-01
4.367177371216318660e-01 1.602012566745717737e-01 7.657149652519418259e-01 9.983557018821679341e-01 9.234512414930791113e-01 3.778722762958776626e-01 4.411920164487186935e-01
2.690027333409297228e-01 3.883313095411501936e-01 6.168975648715698812e-01 9.975811897226483094e-01 6.709487467632156976e-01 7.331124392594037253e-01 1.201924543543120144e-01
5.093598652035988827e-01 2.600507241496746724e-01 8.990474524471562257e-01 9.989789254727674539e-01 8.561124609146268938e-01 1.078027050212154309e-01 5.603504538926360468e-01
4.693250981233641483e-01 7.941996117321511450e-01 1.374711903431724280e-01 8.155036309576969566e-01 6.969418903524596809e-01 1.411470063375045436e-01 6.634547503845495964e-01
5.382306221897918963e-01 6.378845676564019740e-02 5.479550102646381093e-01 6.083356282077795329e-01 6.017902191979125348e-01 2.866060723100003482e-01 8.701490032443529588e-01
6.732288698235319724e-02 6.208320295519552667e-01 8.476354880359072697e-01 6.973200928089572370e-01 5.506502528659567020e-01 2.753362736962108870e-01 5.047623748261501619e-01
2.636743014287757925e-01 8.577978172263499568e-01 8.743896647692176449e-01 4.859478460629501617e-01 5.408732465866881167e-01 1.455299808213595392e-01 5.786334787128052382e-01
7.099779005432148571e-01 1.491235816254667945e-01 5.310326414528746541e-01 5.910598980658766655e-01 8.757709880653901102e-01 2.501428697358849540e-01 7.225209682028427283e-01
4.509149285793809248e-01 3.163184058656077768e-01 8.603341917650332293e-01 7.145406418339219634e-01 2.426536569483223049e-01 3.780788705597002558e-02 8.125849763073087484e-01
7.493132359925013253e-01 2.491284782432038047e-01 9.010060921753659802e-01 8.154728768935773919e-01 5.459683911974031467e-01 3.245138961388118748e-01 2.120923709373620236e-01
6.420562757757948269e-01 8.196232258388115310e-01 5.018842807691878960e-01 6.791674411062560424e-01 1.029892503264560888e-01 8.545546880711335502e-02 1.136867895507312487e-01
3.134834924279943369e-01 5.491389932880976765e-01 9.657245875074077501e-01 8.026670024871305209e-01 5.849184862522669448e-01 2.977138462623998283e-01 1.154130099996612951e-01
4.685138029700495199e-01 1.643843829719751903e-01 8.102662945846313969e-01 9.626388174539247666e-01 7.282280056255132639e-01 1.296151610418474764e-01 7.771316179213699771e-01
4.104943978664339910e-01 1.164560314739316454e-01 1.495983791910425464e-01 4.905029330831670031e-02 4.032270002023184974e-01 2.060802057783484575e-01 4.875804007065982493e-01
4.952199228851761892e-01 8.082800816218965734e-01 5.785529109761437805e-02 9.422814831137025227e-01 7.445117983166461562e-01 9.927384400676292353e-02 6.879811176641325021e-01
4.175133094567042846e-01 8.363511082519838880e-01 9.330220537466693553e-01 7.468358450061841625e-01 4.181864574144388280e-01 1.199611842003383555e-01 6.321068899547517272e-01
3.147922549152030736e-01 3.145003545361729769e-02 9.004456640046465399e-01 1.207139042480897262e-01 2.773528293457277472e-01 5.117736905989091201e-02 2.865553402454976140e-01
4.340375779983635662e-01 1.065681577152807202e-01 4.290914316447670684e-02 9.352616765976973223e-02 9.759202349137288679e-02 7.384428965202290140e-02 7.772638405463739852e-01
3.103290542347827974e-01 8.552856769752948951e-01 7.440347686724001486e-01 8.652387529177396619e-01 5.701664212725239267e-01 4.532912689707486731e-01 3.865193323782163404e-01
3.022749777041859320e-01 7.655011949216536937e-01 7.149422643408437361e-01 9.778799090257905835e-01 7.185268418020933634e-01 4.178233147686973847e-01 6.390972708253240819e-01
4.707614669109695948e-01 8.106522256376407221e-01 9.464924278545229219e-01 9.988610674317724980e-01 7.818330796012746831e-01 1.652133089491865658e-01 3.258578225340985624e-01
3.938787683815543339e-01 1.802908897163158497e-01 2.589060506941476270e-01 9.960867639825790043e-01 7.983568384458565870e-01 1.397059549245086296e-01 4.776053207600736150e-01
8.680437845934890762e-01 4.390093789529309065e-01 7.758321010826146891e-01 8.937919320410355750e-01 3.546856577684303069e-01 2.778445650389334554e-01 7.999951344905098516e-01
5.198830378347750747e-01 4.797708374042154444e-01 8.404238477601182478e-01 9.985514818105769574e-01 7.845255638899875095e-01 4.254926840528736598e-01 4.132059832269296407e-01
1.248998536541511967e-01 4.563456277272915917e-01 7.039337442091042618e-01 8.491911913716397864e-01 3.609236391221457563e-01 5.906377680792623125e-02 2.978348306197115547e-01
2.971218959884839861e-01 8.669443809933659040e-01 9.414668789938822613e-01 9.912739068109195362e-01 4.669552813260123281e-01 3.906800709861685955e-02 6.839405384549219757e-01
3.688742923068634161e-01 4.979558063674521251e-01 5.979107463284116797e-01 9.998201624540619115e-01 9.306575747867884552e-01 3.395100165470077980e-01 4.733942688050540859e-01
3.962045060619549530e-01 7.912932309093992922e-01 8.988517635825541419e-01 9.933180251544518891e-01 8.583171941541450911e-02 1.416252460464317020e-01 4.869546149652874689e-01
3.460887048004289701e-01 2.199582643210885591e-01 7.178176823444682997e-01 2.866666361540006203e-01 3.480841837346948520e-02 1.164431491778156469e-01 9.085524652751745256e-01
3.827764703139545088e-01 5.037125821787774571e-01 5.542266351171545313e-01 9.981636047334245809e-01 8.829317885162498714e-01 1.108311341231639491e-01 5.956649801985042236e-01
9.919489114399410168e-01 2.942757377846661471e-01 5.453098520689275697e-01 7.923149255267479540e-02 1.075814765788278837e-01 2.407887622641517733e-02 6.914908289187486901e-01
4.221254156111530764e-01 4.606080067363854669e-01 6.701671888833063973e-01 9.309493876299570481e-01 8.395265725181971783e-01 2.366886934777827911e-01 9.993266451205315981e-01
6.879754826341831775e-01 1.214509972820618094e-01 8.510387919885645802e-01 7.864393984173371210e-01 7.471310066049278165e-01 2.701026875807899796e-01 8.484131689007395893e-01
4.076531979227801528e-01 7.898467052700680613e-01 7.856388605622413035e-01 8.135121857219771435e-01 7.476316035847681007e-01 4.708736372666907227e-02 7.853597468704244244e-01
