3.100552133214126704e-01 1.685329457858644187e-01 8.408755549303401633e-01 1.006400242164129854e-03 9.134542792220532448e-01 7.848944502074479967e-02 9.072304752424604768e-01
2.147069107315897341e-01 2.933648552459242054e-01 9.743228297217920719e-01 2.706520425230263815e-01 2.979564681127192527e-01 1.723099236995466813e-02 9.103979356591275218e-01
3.696151423668099234e-01 1.392783206615556268e-01 9.995167769392399038e-01 4.321691830310357002e-02 3.252580720452933893e-01 1.204913423439446518e-01 9.691243343785126418e-01
1.372895212947230700e-02 4.850547239594810156e-01 9.298507102021444926e-01 3.806814062734581363e-03 4.924477984642236517e-02 5.241473471909915416e-01 8.698808737971210903e-01
5.798078175514728098e-04 7.146718276736448994e-01 8.444974404917524602e-01 9.932868785357927832e-01 6.291313376226670417e-02 7.037915062679794137e-03 9.645101699065772305e-01
9.908186906973237562e-01 6.073551759202616696e-01 9.932296074150873677e-01 8.241762943446944156e-01 2.359220719438971936e-01 1.361390898321564354e-04 9.452588267639170372e-01
8.037703485560043770e-01 2.002329477756135678e-01 8.875093672748487483e-01 7.620267596343449634e-01 6.159791402830372409e-01 3.048563152490212959e-03 8.549977381866631365e-01
9.041577703913987740e-01 1.452640728501310152e-02 3.654239826525814139e-01 5.084423438120262428e-01 5.905020748494637772e-04 6.650837174055722334e-02 9.843401359223531433e-01
7.036468143266272346e-01 8.093422279371076389e-01 8.974645296932789451e-01 4.274215014284415970e-02 2.737860414592957134e-02 6.961329119168639841e-04 9.978339473189588027e-01
8.486070720137547374e-01 9.098213421702413539e-01 9.928583655438396605e-01 3.030592658817395525e-03 5.702669463594910171e-02 3.891345072892777798e-03 9.987667070045757045e-01
9.389582227989251573e-01 3.120486590338749505e-02 6.862223423357787233e-01 1.033632401697290489e-03 8.231608649155799928e-02 9.044575170796497199e-01 4.300262755817022553e-01
2.469109782186195146e-01 1.435881419696104500e-01 9.923243430516498487e-01 1.303319277026249445e-01 8.710324877950644668e-03 3.835091676090243706e-02 9.330218659555873373e-01
3.487496335247994295e-02 7.483565038289726745e-01 9.889993207621007310e-01 9.961466588494756191e-01 3.255146728403611744e-01 7.306510746931998892e-06 8.941744933419564223e-01
4.287654831237144304e-01 1.485829123546791863e-01 3.291150219069005622e-01 6.381943723611730457e-01 7.479989366013349850e-01 7.389785003729126833e-02 8.893802461222829470e-01
4.584069069135855434e-01 3.160554993729033368e-01 8.421517273860066322e-01 8.759674052924293353e-01 5.659796749122031345e-01 2.006915265702017004e-01 9.925174292167302514e-01
1.516935550092854690e-01 9.990132446835673363e-01 9.330841851234654705e-01 2.138537965269184278e-03 1.570594426165857404e-03 1.758104846714814706e-01 9.995908647779900846e-01
6.768855902712856976e-01 5.901423966476093685e-01 9.658333537387775447e-01 9.335634202572683227e-02 6.234582026604487681e-02 1.192891011558100140e-03 7.768031091348499562e-01
5.299202505931289719e-01 5.437864162435335214e-01 5.880444375849336325e-01 3.548213565831992086e-03 9.442524242477502369e-04 8.615431504425849485e-02 9.979569932680499855e-01
3.120173756676310473e-01 4.291447329230602820e-02 5.760193736435832434e-01 6.397491409092104231e-01 6.217983335969147207e-01 3.019480531068078899e-01 7.698499869089470149e-01
5.229036033961852459e-01 6.246119021092785273e-01 4.617830490626438911e-01 5.963498484944845801e-01 6.369061232553437923e-01 1.799134779764832159e-01 7.018959910898564525e-01
9.893121596919600691e-01 3.753414907775619036e-01 2.062310944234012622e-01 3.525781752098402499e-01 1.131633904856943762e-01 1.882666467798341150e-03 9.482096876469799929e-01
6.152988369475328456e-01 6.362135269570263763e-01 1.891707325302746101e-01 2.846568571757804866e-01 7.546870457801522214e-01 5.398615289611989887e-01 1.103514215573556667e-01
8.964955547316463824e-02 5.102834377789895043e-02 8.058423956142866107e-01 3.409893066980723142e-01 1.316626899628947633e-01 1.492621074033879114e-01 6.513587794092064176e-02
1.568083648438260702e-01 1.936147027496677164e-01 2.510465759574993516e-01 9.987821807411580988e-01 8.474127963178612610e-01 3.221415850780595669e-01 6.547591850480907194e-01
1.559371575469353961e-02 4.946786410371861731e-01 9.117548453329361591e-01 4.720610121267440184e-04 7.424363332308249463e-02 8.422129607536300855e-02 8.814824795570509464e-01
6.662661310109069257e-01 6.206894214448914759e-01 7.925890624964304632e-01 9.727493281925867485e-01 2.040652987744759617e-01 9.246980952522878411e-03 9.668150368128209937e-01
6.807107732589823268e-01 6.151558035641088162e-01 8.116757466639511476e-01 7.232012878688099944e-01 6.498903950454337775e-01 4.827386990274959433e-02 5.425235235095132724e-01
5.278136479803953174e-01 2.328781416576060637e-01 4.164593363219241673e-01 3.915813364401435903e-01 2.414866515864347654e-03 9.017661463164947100e-02 4.107728273330107926e-01
1.678507737624891638e-01 1.547920975418902723e-01 2.531163052173710515e-01 9.980889847329466047e-01 9.417703072703513811e-01 7.173462443166663816e-01 3.295717306058753016e-01
3.997223970188167885e-01 8.631684585491049555e-01 9.023406573184280521e-01 2.828583737987250268e-02 5.569004681356572867e-02 2.222408994985122233e-01 9.817976613884225046e-01
6.908345761467085122e-01 3.160316569209854487e-01 4.169487652375760689e-01 3.187540809731980174e-01 8.833545286254196327e-02 3.076183786532105113e-02 4.169055549562450391e-01
9.723412248175500316e-01 2.478295892286054014e-01 8.558309083031991893e-01 1.031240236078220102e-02 1.600780635085889136e-01 6.278193105157502119e-02 9.164240870449540388e-01
8.612361509410531024e-01 2.119465850731712953e-01 6.790465382413833906e-01 8.669433018714761685e-02 2.706771215275940480e-03 5.671762665241660700e-03 9.491528212507467366e-01
8.722688383424317404e-01 2.302671029012776371e-01 6.666461463968418322e-01 4.026565792650435918e-03 3.845753271166243905e-03 1.782723968555917707e-02 5.384410301973682200e-01
8.439957751478209813e-01 1.806128572370983669e-03 5.506453634834380662e-01 6.172802884595364192e-01 5.688713678124435180e-01 2.587115875104051277e-01 6.755578258183009277e-01
8.284730467244081353e-01 1.791757528406718869e-01 2.578506950255355368e-01 5.532283124033146038e-01 7.276282755528002966e-01 5.130028783865606679e-01 6.273598445111826516e-01
7.815095365966546748e-01 8.185976469055910032e-01 9.814288782488197471e-01 6.579891910013720667e-03 6.775835085562190163e-02 3.959740783580922158e-02 9.640610191293398357e-01
8.033681605925897806e-02 5.600375928477165088e-02 5.821726706514179783e-01 9.694171102134924167e-01 9.452973428481702411e-01 3.395602199219109885e-01 9.261797064978668503e-01
8.778168655164697576e-01 4.006170006989762805e-02 5.028313695685624474e-01 6.550803011573069767e-01 9.045076486069417721e-01 2.193786012778888850e-01 7.165578223001775049e-01
4.360616396799358446e-02 4.630261309010481607e-01 7.962295438123342395e-01 5.523739819129367540e-02 2.194651648581593673e-01 8.231553175708226922e-02 7.986860026379516420e-01
8.592417037013393433e-01 4.011367833662109195e-02 4.821385657738639363e-01 8.673600889609178743e-01 6.824595499418462108e-01 6.664932582460406651e-01 6.519143474432589347e-01
8.538178284461416245e-01 2.313865302757094067e-01 8.220088377889041009e-01 2.465240452273759486e-01 1.037799225943078323e-04 2.229719936975460559e-03 1.038770072796784960e-01
3.663265543155748150e-01 8.769119173578443505e-01 8.735592398324436569e-01 1.204255342884171312e-02 1.639600851927949451e-02 3.545019370722039820e-03 9.860350891820071073e-01
5.754079273013907869e-01 7.228225352236963275e-01 9.885923288168992906e-01 1.057176356715466281e-01 3.005886485834676457e-03 5.396188495381712413e-02 8.313178026880522209e-01
1.453736688980673541e-01 8.105618851508675782e-01 8.414624968396364757e-01 2.538124357385449295e-02 6.551902165571865319e-03 3.518414825562318771e-02 9.089508696196588744e-01
5.943472776988059092e-01 9.063718305779554507e-01 9.493325917656939561e-01 2.319015364854267250e-03 9.531368265426349434e-03 4.524968826222686147e-02 9.700607684086772764e-01
8.865814927594346528e-01 8.147872477964310800e-01 9.992685557378326866e-01 2.581455549809810388e-02 2.237563549296808264e-03 8.806122303386884620e-03 6.146544995345624152e-01
2.280962247785497388e-01 8.218255180407035843e-01 2.955463015438321017e-01 2.941555257355948916e-01 1.817972054211769439e-01 1.023751038329307611e-01 8.654268381210769023e-01
2.186837187702501961e-01 9.713260523221831644e-01 7.345024876606262021e-01 4.912521006041921101e-01 2.315936545679413427e-01 6.229159968113853058e-02 2.527228053838334043e-01
4.217476563558599789e-01 6.213816486463962230e-01 7.444613448156230939e-01 6.679130701488796840e-01 3.417597239871909554e-01 4.339176372849631522e-03 9.183989588032491491e-02
9.308133774073746869e-01 1.742179641952516234e-01 1.945027503054511386e-01 8.436349397408768880e-01 7.272339870107927817e-01 2.426203739038189366e-01 9.258461265793705985e-01
8.277545953755538477e-01 7.498271238779204984e-01 7.690381171341610367e-01 5.129381062441729783e-02 2.685039318798914526e-03 2.813944117810165263e-02 7.515017451020309380e-01
5.944790168528443219e-01 8.394582022609126115e-01 1.299727851625671893e-01 6.511338504063980404e-01 4.351926200173957260e-01 9.152992729606282407e-02 9.157857836930095585e-01
9.877505252881878528e-01 6.001944285371653550e-04 8.036588915896433205e-01 6.665054072292404541e-01 4.760960615290752429e-01 2.102376102526627016e-02 7.625435718377101546e-01
8.547956907457919806e-01 3.523819223528452116e-01 2.206259689577971250e-01 5.815192644687815493e-01 6.629807606239741524e-01 2.460821145947789390e-01 2.289357933410350598e-01
9.186967451339408952e-02 5.846676897499005765e-01 1.034681025882269734e-01 9.111941381413463104e-01 3.494027489705079370e-01 7.961040216192460939e-02 3.204473650996040313e-01
4.849492514589165415e-01 4.727464655799784587e-01 1.425475813639720812e-01 6.863357407200770810e-01 8.854826206478921824e-01 9.833525645027508047e-03 9.082368944055670967e-01
2.467472916825110690e-02 9.895656157415320120e-01 6.624364142995488036e-01 4.036802968970860939e-03 1.705920436018255664e-03 3.619319723879457079e-02 9.092160546348129202e-01
4.749530517032855004e-01 2.525136765806673123e-01 1.719331143605661860e-01 9.215722410167912493e-01 1.848128607445889970e-01 2.498937509535992599e-02 8.481827240853219152e-01
1.548411012807377474e-01 2.514110536229514636e-01 8.580617307214909451e-01 3.296412482164307045e-01 4.714312977838180929e-02 5.996811732919267272e-04 4.608117298552105168e-01
8.505378624191448633e-01 8.431040380155483405e-01 6.290364084970219150e-01 7.969135141591988936e-02 1.583720776207584238e-02 2.015663428229130111e-02 9.456555476940606830e-01
3.639664938775670766e-01 8.426846205748854679e-01 1.948994982969886880e-01 7.686359545709253727e-01 9.082226061953112273e-02 1.789182007842968518e-03 9.995885036683547220e-01
4.754201137296826252e-01 4.769576648603781610e-01 1.344609205664939189e-01 9.964912201655619084e-01 8.700833645165820807e-01 7.200374376722219749e-02 8.767440629155771603e-01
4.986092733113248743e-01 4.811624525830924259e-01 1.871186682449442751e-01 9.980281802621793208e-01 6.469632878162920875e-01 6.154767668692874283e-01 2.960898839643452685e-01
4.699216895422405615e-01 2.286927542752983100e-01 1.404268880855700230e-01 8.197841652309891813e-01 8.363937015712681333e-01 2.379385843676944112e-01 6.486367467044751312e-01
3.935821632609710075e-01 8.345194747235702426e-01 1.518383824553617700e-01 5.885048055532630107e-01 8.322880803196527344e-01 3.776320794312224560e-01 3.199518994820059192e-01
2.849095165914740102e-01 9.043277622284782158e-01 3.930302196035596607e-01 4.488644620176666655e-01 4.258792513139638136e-01 3.400622284096711800e-02 7.282159779673665900e-01
2.659552487468899162e-01 3.665149495557779025e-01 9.637117557560724856e-01 4.636287770410995046e-01 6.844833566667080094e-01 8.284311899765617326e-01 5.390783333349413731e-03
2.937680072609251125e-01 7.692274038008948267e-01 9.547520264230985321e-01 6.198282973099368265e-01 5.279135477428793521e-01 2.092134979512447757e-01 9.209273223650240592e-01
5.121850013442822425e-01 2.569483772897964702e-01 7.231033788422455144e-01 7.693937625993731988e-01 7.967607607776954204e-01 6.738926157248364968e-01 6.800398149950654947e-01
2.559214152223610594e-01 8.635205943777417570e-01 8.298100700588494361e-01 8.242691639115741209e-01 9.329802510102720436e-01 9.033258716869657645e-02 2.733206089428372176e-01
5.542527664779418606e-01 4.277006159373943350e-01 7.872945207797242828e-01 8.013025145391259318e-01 5.294417004003291183e-01 1.431746102644438079e-01 7.121621772548307749e-01
5.110902083991636369e-01 1.149840933929466985e-01 8.644830147081901117e-01 1.797425795374602009e-01 3.214679750851117193e-03 1.557210414267770904e-01 6.286292369095777266e-01
4.505234832046118854e-01 1.599581740258103069e-01 9.177119759431662249e-01 9.991849060898869705e-01 6.598385251350472602e-01 1.845023201467992924e-01 7.388693433739504934e-01
8.851644629249034724e-01 2.189833709041295595e-01 9.697357601580921527e-01 9.282442329014053417e-01 7.828319744797270774e-01 2.995384994448034854e-01 8.997870939333346696e-01
3.325502200404588660e-01 7.737517574465886394e-01 9.633477495698086202e-01 7.494957154248568232e-01 8.647485417225952986e-01 2.022145688394019758e-01 8.200149112364385484e-01
3.427193077832696444e-01 9.127313983770573014e-01 9.217892067626511921e-01 1.522224664561460522e-02 6.012400480304445211e-02 1.525913784129667161e-01 9.946586089740210301e-01
1.160704904147678712e-01 5.395288418736144953e-01 9.385405952251778539e-01 9.933589387336092535e-01 6.350859198772305092e-01 1.525086429848509784e-01 3.420651015124753225e-01
8.645078183358947399e-01 4.407894531267094185e-01 8.381877129808698035e-01 8.056198917424310935e-01 6.649469769832928590e-01 1.096487387061932661e-01 6.277314346615304741e-01
4.714841023723298497e-01 5.104650871298219705e-01 8.511288822420698397e-01 9.965688451647335411e-01 9.457476388804582079e-01 6.415997257898985451e-01 4.213490834210282809e-01
3.805735803569800790e-01 7.875192179143457594e-01 9.899735249864807241e-01 9.961700944697023941e-01 7.688318410793242297e-01 5.135797227192059333e-01 4.557448558294371899e-01
4.735488162705464577e-01 8.083179062235706924e-01 8.813137320279963438e-01 9.391993423258172546e-01 5.476194147664150691e-01 4.623702759448488075e-01 5.649412759446721388e-01
4.356005625792758185e-01 1.639965406764414546e-01 8.144569659976231835e-01 8.717256425547300625e-01 9.376562369214467285e-01 2.684348092224391191e-01 5.922963114468936530e-01
5.379381896185165823e-01 5.032460126513701448e-01 9.874447764447203957e-01 9.999433325222745195e-01 7.173814153467092947e-01 2.420055117481545170e-01 9.009281696254278771e-01
3.069024200238806843e-01 7.740452347614241724e-01 8.906759017951849655e-01 9.965576991197542256e-01 5.909443644119487526e-01 8.652768441313112013e-02 9.909289117093456056e-01
4.527765739687960034e-01 4.602461103518259433e-01 9.648209231546072129e-01 9.977804520033051183e-01 8.605004026222528024e-01 3.799515664047920516e-01 7.366538489988182503e-01
5.070274461358458273e-01 5.056223576461804647e-01 7.938474132938887484e-01 9.992374431733144213e-01 8.872357198995954874e-01 3.219161513023314769e-01 7.128123776592136807e-01
5.611226342589908933e-01 4.410608866868465650e-01 8.385519227086408733e-01 9.988126369211101085e-01 6.383306358036235917e-01 1.413494842410019103e-01 9.792307480276618570e-01
1.182175879547994399e-02 2.262712877077221185e-01 7.790504039077295051e-01 1.655385687077813861e-01 1.333834942802637757e-01 1.086016852949079070e-01 7.848781493617721372e-01
4.055733642950426487e-01 8.983710770220788566e-01 8.923439065171882012e-01 6.476410330477733006e-04 3.441217018651355347e-02 3.362316309597840336e-02 9.823863696030848969e-01
3.686086071455222379e-01 4.989067522270896338e-01 3.207135388279820920e-01 7.062203587707048813e-01 9.051640633213066112e-01 2.186138847282078149e-02 8.096955851128359027e-01
6.891122770869868575e-01 8.218518775810722543e-01 9.208080718280926558e-01 7.228810686068483093e-01 4.631974738122454638e-01 4.974218582995137972e-01 2.227572965829599794e-01
4.510100195304573290e-01 3.224109434637253413e-01 9.006459647405423707e-01 8.558132340917817826e-01 7.855084038347378561e-01 6.988131562177821721e-01 5.451964048282914588e-01
3.709116639944626259e-01 4.934025884466505807e-01 8.119964037188355244e-01 9.467969260043881397e-01 8.339872922936710786e-01 5.320686180504807794e-01 2.771371597589888935e-01
5.226060225600591691e-01 2.681095077914555369e-01 9.517415988136123106e-01 9.970869133877424684e-01 4.671823402234243638e-01 8.185092960445126964e-02 4.577636780394427896e-01
2.998199885173880030e-01 8.571567255365548643e-01 6.439415248619519971e-01 9.027752232815219324e-01 9.056190048264248782e-01 2.973473708352755152e-01 4.911452318813088191e-01
3.794696351367214948e-01 5.063533989147959158e-01 6.241318478221179467e-01 9.979113215620272204e-01 6.243555563020013466e-01 4.035161384825995956e-01 7.734172319527121697e-01
3.849227833372959040e-01 4.897328740768986388e-01 9.362382814451456481e-01 9.997022763478583540e-01 9.167839657792278274e-01 2.587944120233149348e-01 6.860742379063614615e-01
4.179828578738461475e-01 7.942460191827592775e-01 9.275811280566984562e-01 9.990131293488866415e-01 6.551096440004376964e-01 5.348017708270327852e-03 8.298140030819782798e-01
4.280297674690420884e-01 1.757371040787893690e-01 9.808880661841327120e-01 9.988289725381240824e-01 9.066782853427709510e-01 3.025440526635977956e-01 5.784757108066214126e-01
