4.990787338857673693e-03 5.380743360661939256e-01 2.076566063628442760e-01 1.518089851293565884e-01 5.564165043524762488e-01 8.820369642039069813e-01 4.749193922587398586e-01
6.862131757654518216e-01 3.434086361973250900e-01 9.496002600546985528e-01 9.994693005156815024e-01 9.139927548653656864e-01 9.071368271667777910e-04 9.920144559214681967e-01
3.658904972536049516e-01 3.950828651607499187e-01 1.693834852032509719e-01 1.869558223626270332e-01 2.149806566302464306e-01 3.859703019867815055e-01 2.793248381735257135e-01
8.271167269808833433e-01 4.942229169096253316e-01 5.598607710434531093e-01 9.968390817634176226e-01 2.583248825833873719e-01 3.383266113516093451e-03 9.230169104269455582e-01
7.314353429541280427e-01 8.161125080243117891e-01 9.900663960701836519e-01 1.448296968381796168e-01 1.389895608696612439e-01 4.906205364527439772e-02 9.196128906916556378e-01
8.131914661905276231e-01 2.094596442322077812e-01 8.636833750008283683e-01 4.908769891975222066e-01 3.168132661430227426e-01 3.428367680622841640e-02 8.810312857784640128e-01
8.259995655283083327e-01 1.436484626930715491e-01 9.391822266413869524e-01 2.857710914149353965e-01 4.004899865392613778e-02 9.457554343316630641e-02 9.243878644593334082e-01
9.697745412593170578e-01 5.993095349694070872e-01 9.317122570995782782e-01 3.069200287830691765e-01 3.017092433195383561e-01 1.178007522169781818e-03 7.682388630507125393e-01
1.623522990120553899e-01 3.032581420743706846e-01 6.979973690649179385e-01 4.258810504764754673e-02 1.523690313161311372e-01 1.912891986935819910e-01 9.463262117494448677e-01
7.574805680757351611e-01 8.010259085998424622e-01 9.551590787831084617e-01 1.626798039913789906e-01 4.918325991301882028e-02 1.223190531614845727e-01 9.925610952292087674e-01
7.086538941947319037e-01 4.056344421075354645e-01 2.368370321500564146e-01 2.390156487648233963e-01 8.164298101229558458e-02 1.506987547410570949e-01 3.859822947583925745e-01
4.078726669335430710e-01 1.230606798111234662e-01 9.845343656101800400e-01 1.165516767999752804e-02 1.948528961964532272e-03 1.608288337223339566e-03 9.912315267220699333e-01
3.514169176031343295e-03 6.906194989879612667e-01 9.183195314350012239e-01 1.643207238708898899e-01 5.170933526582783823e-01 3.871901721612486420e-03 9.994098434683134080e-01
8.621756422101696238e-01 7.978959114198566072e-01 9.771486242897748919e-01 6.247669192817350593e-04 4.166330820770669519e-05 1.721280224649297530e-01 7.973126947544523224e-01
9.111377139724050611e-01 7.344886918737802972e-01 8.465244386607163607e-01 3.618518062909898466e-03 3.144274443165822469e-03 1.441760942891129049e-01 6.959019736836997705e-01
7.380169828839833190e-02 3.822734586696196479e-01 6.857234340955710161e-01 8.147606996629838116e-01 2.743191624084824198e-01 4.198885530233063129e-02 7.693983459590215679e-01
8.316346424156053629e-01 7.585519121560524436e-01 8.697810650881819816e-01 1.239314158955108231e-03 2.436742869051456654e-03 1.145034149026223115e-02 8.009644823443546890e-01
9.962940028911523305e-01 5.697364524046683032e-01 2.320042708884702543e-01 9.977875142265810737e-01 3.627482017889104848e-01 9.006531174228915582e-02 8.654302969146356883e-01
7.911446252499924059e-01 1.943121523630254519e-02 8.289102051795476100e-01 7.134424332716574613e-01 2.157699954113670715e-01 1.659136829872337807e-03 9.751793269471032977e-01
1.072802160629968554e-01 9.151013653147459515e-01 8.907394329664365396e-01 1.708052970779048302e-02 3.464462559060079577e-02 4.435829521831199246e-02 9.972846915085277208e-01
8.959703491042854129e-01 1.738080923782059917e-01 9.852559703251807521e-01 1.257314447404167361e-03 1.336521465565562727e-01 2.240001112573520962e-03 2.121036255076886312e-01
2.178964757708728717e-01 8.959346569719327247e-03 5.743719027316822601e-01 2.383125536629899788e-01 8.907719077963204279e-01 5.370407485662945790e-01 9.459701633323175374e-01
1.751499851197876878e-01 2.291995984138981146e-01 7.225321810858272853e-01 8.861151124625242792e-01 2.996140713107119935e-01 5.516134991221608441e-01 7.073891213889870189e-01
4.111108169278268054e-01 2.534693868046449319e-02 2.750752347176850243e-01 9.818448630603563432e-01 3.789220629625768555e-01 5.289272594658626092e-01 5.871383476441196514e-01
5.805737846967602006e-03 3.294190874615996467e-01 6.349725106823551624e-01 6.492332357228512707e-02 7.839956318145445691e-01 3.023963862511597211e-01 4.791099255389938416e-01
4.871574611184896209e-01 2.339763182996640600e-01 4.885696903763704912e-01 1.357187965233509763e-01 3.556443750175980641e-03 7.006723550331209194e-02 8.604648448480457512e-01
9.137907970035410443e-01 4.606144756922265215e-01 2.443444470951638137e-01 9.221750480751118584e-01 7.779801734312273842e-01 3.339440235666235168e-03 9.972011879802064049e-01
2.493873430220078513e-01 2.432292675288704187e-01 4.429687072074617871e-01 9.989446745628032254e-01 2.643979137873081475e-01 4.783935477164608097e-01 9.993503015583722338e-01
4.305104311852370746e-01 2.396007901262948436e-01 3.564286216229404225e-01 9.972631869730773646e-01 7.250215188190224369e-01 6.019432133819711123e-02 7.228107800411051054e-01
9.180629432223083031e-01 1.799422173280948167e-01 8.758801423054807245e-01 3.562591769885645882e-02 1.214185287093212315e-02 2.514550082029895495e-02 6.996529410169982643e-01
1.717309516229595101e-01 1.396676055590174437e-01 4.077123697086073029e-01 6.994702639017968959e-01 9.651402992149524795e-01 8.168689985717395574e-01 6.406237773359452214e-01
6.027930390375862285e-02 7.076429313783271224e-01 8.904910514535969712e-01 8.076743424154082529e-01 5.316349789780612511e-02 9.369003255737898619e-03 9.092938399162173724e-01
2.463795841459875402e-01 1.804589803964299355e-01 4.751064221908450902e-01 9.900660896122697174e-01 9.973793038695712987e-01 8.896933508503401811e-01 7.780172367681958967e-01
1.063573192010524582e-01 8.029287194420421381e-01 9.063167559633938941e-01 2.822158017416472302e-03 2.328325454595573871e-03 1.600539269607575846e-03 4.925164011366600092e-01
1.349446537921040745e-01 5.644289243135208745e-01 1.887580817269413069e-01 9.028235232257117993e-01 8.622989883991459825e-01 4.298525381547456045e-03 5.287038103149339641e-01
4.341454282773332674e-01 8.381398368229292517e-01 9.786940637068068938e-01 3.197096358969474250e-02 3.298317255935355637e-03 2.271882362098523733e-01 9.605884378084957875e-01
8.373487008994802139e-01 7.111147677377248622e-01 7.334820109867116189e-01 2.021428562995839645e-02 4.962694252685956493e-04 4.185094205414427448e-02 7.925472172042146157e-01
9.381112240732080165e-01 2.995375883856952748e-01 5.278118944069983831e-01 4.358158401658815406e-01 8.005727074445406766e-01 1.297806145613903672e-01 6.505499265979854950e-01
5.717587954170685327e-01 1.037622853864339847e-02 2.526321539383652448e-01 7.648727425706687288e-01 8.395695506847667966e-01 5.085375529594337030e-01 6.567324202878960238e-01
5.994980329331737190e-01 8.999404229576239977e-01 9.438953496236978102e-01 1.461237320438235404e-03 4.779266563588090372e-04 1.146837242338279335e-02 7.637023706640594378e-01
3.013752764879077950e-01 2.359225483573757776e-01 5.760234190959991896e-01 9.063651133911636570e-01 5.130795584649233687e-01 1.259094528895988441e-01 2.867485421042121896e-01
1.792481390210335368e-01 3.425731277174841050e-01 9.564745382382011663e-01 9.998591192739318956e-01 8.352918035911317540e-01 2.403966267627300098e-03 2.531239751349423917e-01
2.495427496092475217e-01 6.406797027387172161e-01 4.920530515902120650e-01 9.647166557324509117e-01 4.354170416651254594e-01 1.114743949224787506e-01 7.680296280233780415e-01
1.214761010846090450e-01 3.546466306125222682e-03 3.943515296859103070e-01 1.672467584931135501e-04 1.205669164285001621e-01 2.083699087929840876e-01 9.938292739002774212e-01
2.167905107481336024e-01 2.769323655052220445e-01 7.234508027662545082e-01 9.902031185693098703e-01 5.841331102793866359e-01 2.143862380937448520e-01 4.884292823873989664e-01
3.116610038422524820e-01 3.808634357632704193e-01 2.832170117755610783e-01 5.012454062134501509e-01 1.252503839151443976e-01 2.102677284230888011e-01 9.547661994044738254e-01
9.602610234818906854e-01 2.802754152548908584e-01 8.287853742391131373e-01 8.983953742052571551e-03 2.295276990262835881e-02 3.196642274428766750e-02 9.058291798431533648e-01
3.300851237305928443e-01 2.224906809405260422e-01 9.627958152289260718e-02 4.065104120126276643e-01 1.785766720111635342e-02 6.384315408027043670e-01 9.290920485783815685e-01
8.719965155660264200e-01 4.229586163164405499e-01 1.511216158670178888e-01 9.374902923814679712e-01 5.061047648248820918e-01 5.911947301249038667e-01 3.537476047351247876e-01
7.598378831754210028e-01 1.261161390802049698e-01 2.000938142457161784e-01 5.883137895795590433e-01 9.130583078130127817e-01 4.322552532373174494e-01 9.450630816561619296e-01
8.394111850569615507e-01 4.040377542221187945e-01 7.971887135564474924e-01 2.548635767820146558e-01 2.635189827589074548e-03 3.064718743409266394e-02 3.682506303042032414e-01
3.609811740478163777e-01 8.985779785013682242e-01 9.948975164194877596e-01 8.798823848462240457e-03 2.929610896248509462e-03 4.539438210678512636e-02 9.235400315136510496e-01
9.744998399580586668e-01 4.335293660739145821e-02 7.450127475796052279e-01 6.676396992734862090e-01 6.548258164981568541e-01 1.762485002356454777e-01 8.607116276477058125e-01
1.344534399288569992e-01 1.956173091038900524e-01 5.263806804107566961e-01 2.425970828813208691e-01 3.839485742531970613e-01 3.269181932663699219e-02 9.006256833471638634e-01
4.534810775523482884e-01 8.336541373520223175e-01 9.869570955894082509e-01 7.652889703118583020e-02 3.110147416709362067e-02 6.544067436186713771e-02 9.909544245668018281e-01
1.154569237831301089e-02 8.887290683794554225e-01 8.264949918400618101e-01 9.525234089070805377e-02 1.129934521221101357e-01 2.154228525423817001e-02 7.689449175526431590e-01
1.635598817875502653e-01 2.080092543072409039e-01 3.081812062102329830e-01 9.460681256206826539e-01 9.995597675873735266e-01 7.088251649743525507e-01 9.455017676526354942e-01
3.431618702896567508e-02 1.524765374720150335e-01 9.389851563944802137e-01 9.916305616859545369e-01 6.204123117405261345e-01 6.065657265686318772e-02 8.445132315054165728e-01
8.967926741774573385e-01 1.658022227506345814e-01 2.474862273535834434e-01 9.486227027202889239e-01 7.218128263408241096e-01 2.139793294585447536e-01 8.529386806900102203e-01
2.867038138897986532e-01 9.230675742822609386e-01 6.216609483744734987e-01 3.987933954047777063e-01 1.015755305420516369e-01 2.846341262874658648e-02 6.276978676338705876e-01
4.992233372510574037e-03 3.504517828824982306e-01 3.093591305087797227e-01 1.995542502330362178e-01 1.167494055484170901e-01 1.609721604581541843e-01 4.835191583823480466e-01
3.284489365819898699e-01 8.184290798373823339e-01 2.576207809553566208e-01 9.974094098662351637e-01 5.161175238999549802e-02 6.895035196456036353e-01 8.946109536156796604e-01
3.654814968461573277e-01 8.405890197926428886e-01 3.364576898752690837e-01 8.747747570233098680e-01 9.025182260229083209e-01 3.558514911925293039e-02 8.783702623432344536e-01
8.656277843982738140e-01 1.574319502019358163e-01 4.279094209881610378e-01 9.413778972805464385e-01 8.050529310409492156e-01 3.880600453624618029e-01 2.868356363724287594e-01
2.137638189958601664e-01 5.757622226626952777e-01 1.140611636317182126e-01 2.377707101272749039e-03 3.636388508259290938e-03 1.842270067978538095e-01 9.049707861899325412e-01
7.217931549870637564e-01 9.640891164568693439e-01 8.575966617752023291e-01 3.897183146755332783e-02 3.644139788396735281e-03 8.144407662612974941e-02 5.311798874055233544e-01
8.156106561702022306e-01 9.891257018898915732e-01 8.450838090451058271e-01 5.692432697248448739e-04 3.788602974068695783e-02 2.105286065300874393e-02 9.564124960104497530e-01
6.429565784630036918e-01 8.311360602893292926e-01 1.578779898721941188e-01 9.412908899975895860e-01 3.113846502424256757e-01 4.971508237122235219e-01 9.183451528941568576e-01
1.023668689845522433e-03 3.453035307424277001e-01 2.288449468520214747e-01 2.740295161871264887e-02 7.693190680815312037e-03 1.955950563871431958e-01 7.571028317966451704e-01
1.685379979662994798e-01 7.633757232912865565e-01 1.911795723472005104e-01 6.204960102407995892e-01 1.147899938855168334e-01 3.835108460708017697e-01 3.822561989603900368e-01
3.090638479473857836e-01 3.278618969095177804e-01 4.229985307016453921e-01 2.987530903043708608e-01 2.392122834547880661e-01 4.240018919613652154e-02 5.153287536174666617e-01
2.752410253073814816e-01 3.062182288313466949e-01 2.311075869042380215e-01 2.501619520661803597e-01 9.553201001574779250e-02 2.214936973698807543e-01 3.468015060282373940e-01
5.275251654140132862e-01 5.616368070197105267e-01 7.357801627112232623e-01 1.330982995691000481e-01 1.783595987281393069e-02 2.333626733800331799e-03 8.089949326878320690e-01
3.716597256415691275e-01 2.917242028266089568e-02 3.561835713693963235e-01 3.691901585803588071e-01 5.009677428507969266e-01 7.832971552258136128e-02 9.022564964944325139e-01
4.860399572758949960e-01 4.855066543461590833e-01 1.838153982473811066e-01 7.220331709375240603e-01 9.571862534957477076e-01 6.373926398026164009e-01 9.969138216140788211e-01
7.236259453045663648e-01 5.906044384874746811e-01 1.307890139677744534e-01 5.932633489928097470e-01 4.428377543958294527e-01 2.585787390952436482e-01 6.923502278191143722e-01
7.851859641335374729e-01 3.064404400886177465e-02 4.509766686060538432e-01 7.188295406294714640e-01 6.127859003363197443e-01 2.626633196217710298e-01 5.828514292754916060e-01
2.733989708586554990e-01 8.228489400043995650e-01 9.987922126385972987e-01 4.020169388876724398e-02 5.820174603016910891e-02 5.010862789916555038e-02 6.327557808923851557e-01
2.197672690373768944e-01 8.129736539018895813e-01 3.126100932336859373e-01 7.341477653511375712e-01 5.260491643233524695e-01 7.449211146747677925e-02 3.938768592148590431e-01
6.762602173850827958e-01 9.997707052523518989e-01 8.696705061272119730e-01 1.357922834743445772e-01 8.847018358365592305e-03 2.178567931434250218e-03 8.358796049413410589e-01
9.591646298505309698e-01 7.272701628502311610e-01 5.640854955430818496e-01 4.635380789546238167e-02 2.003214917531262029e-03 1.260574342505051126e-02 7.394198995845069344e-01
3.705496446429943913e-01 7.258380189393076609e-02 2.491074214400778031e-01 3.361954563091168469e-01 6.445742670880057201e-02 9.316242704667702934e-02 3.562270380684314230e-01
4.379805172014287866e-03 4.192931480478884199e-01 7.499707422988284300e-01 1.981603614087654175e-02 1.865598025495626699e-02 1.961701096576429909e-02 4.629910143787444032e-01
4.757491695293710604e-02 2.204778772487347438e-01 7.332402806646393101e-01 4.619484970957322689e-01 3.833417124166932366e-01 1.327215655420685148e-01 6.630968680637289170e-01
3.811298809802860510e-01 8.153849160353928704e-01 1.976884728434068483e-01 9.943831360618207160e-01 4.911446712625822109e-01 2.469249584846251178e-01 9.458689035039141713e-01
3.296132081847296669e-01 8.122534958576893560e-01 2.238633061123316559e-01 9.494800172628149459e-01 5.533094850267691323e-01 6.574444529850956981e-04 5.011394474957412415e-01
1.960677459852166182e-01 3.636374601940134954e-01 4.761212429977297322e-01 3.265469155115073574e-02 7.961792090959944612e-02 1.251735878210579744e-01 5.358015881759590204e-01
3.622967894458294369e-01 2.078477091845899460e-01 1.208138328074089274e-01 2.575523473208718439e-01 2.378520186427053769e-03 2.508586373689261073e-01 4.202648782750815215e-01
8.295800109082357432e-01 6.760471943114317872e-01 6.324704189512233565e-01 9.814813239331186823e-02 5.582752941664895913e-02 1.700330256673249912e-02 7.138267482087794491e-01
4.416823823014213724e-01 6.546063880429016102e-01 3.512431465938273822e-01 5.617435922828920708e-02 3.029787423072779692e-02 2.942899371992005811e-02 6.644180982022436233e-01
1.359980998600421875e-01 3.719169836711911925e-01 5.968184194805490339e-01 1.884333336270109169e-02 6.569165894057653332e-02 3.120861451483259233e-02 3.977437647782251506e-01
7.865595982245865425e-02 8.635864457142183870e-01 4.008602542671177438e-01 3.979086967024367955e-02 1.467625989842527567e-03 1.971186245556538069e-02 7.542507934976400152e-01
4.751076425470179276e-01 4.724700409333311146e-01 2.272092509899313051e-01 9.888025705121942233e-01 4.758914645430317170e-01 2.106576322950829139e-01 6.967147385240524127e-01
5.051793046716210878e-01 8.279855571486470778e-01 1.675733756951973963e-01 8.197682418670865223e-01 4.609965464915746214e-01 9.360712290059269858e-02 6.557339820445837741e-01
1.823381614484322899e-01 1.411746737997159884e-01 3.360225116858248096e-01 7.768347692657443515e-01 6.905146815744896971e-01 3.628836889569763136e-01 8.236930639660843267e-01
1.866649559938974023e-01 9.566772672505191588e-01 5.972392733745706117e-01 3.440518135644611477e-03 3.499487791608290005e-04 1.006625655864694935e-01 4.478514337285841584e-01
5.007487813448568970e-01 4.648051042213296458e-01 2.362813068633251856e-01 9.972507949867980281e-01 6.589149718971814007e-01 2.303462036737530527e-01 4.578483854694262445e-01
7.684876791836789400e-02 4.033383988299174550e-01 6.813780980317841740e-01 6.772821278500111564e-02 1.930571157239717797e-02 1.544363742341888814e-02 1.595601687793091472e-01
4.724203904679311616e-01 4.989078844468992080e-01 2.908873051265676302e-01 9.893065422507235640e-01 7.185643970172954642e-01 1.134634140959708271e-01 4.124576694432106616e-01
7.622290935790089206e-01 1.099488701308354993e-01 2.715279312865579997e-01 9.981126990533309984e-01 4.235793322610613143e-01 2.212155618525367684e-01 1.849237224771181631e-01
