9.498409989208147497e-01 5.301270781861325831e-01 8.532514481038679932e-01 2.554840863052418864e-01 8.194798972629737666e-01 2.303192300124205436e-02 9.342148665755739545e-01
8.146890525841450348e-01 1.721583125791619484e-01 6.627868553015738851e-01 4.216036720267901661e-02 2.501934103960589684e-01 5.722112135257112486e-01 5.731048456309060235e-01
2.786075583781893461e-01 4.743354874327478932e-01 9.408101838464563160e-01 1.000000000000000000e+00 8.557050787135883629e-01 3.708799327441794635e-02 9.968695949568344705e-01
1.064442820405789997e-01 7.380720067152992669e-01 8.925334778967042304e-01 1.167026967694410194e-01 1.399090311845078982e-02 5.920274312780218068e-02 9.873328823425673306e-01
1.000000000000000000e+00 5.493059389335017695e-01 9.467167418743337448e-01 7.852997495618754820e-03 0.000000000000000000e+00 3.429693715723901304e-02 6.496709730155841855e-01
5.261991375403111126e-01 8.415548380258144334e-01 9.991668959053093824e-01 8.600105648332467823e-01 1.241697849585376122e-02 4.271823089315754385e-01 9.765380190784773706e-01
3.712085928527284473e-01 1.609690852625964008e-01 9.206181646470926738e-01 9.996685430948568651e-01 3.595071640301421567e-01 0.000000000000000000e+00 1.000000000000000000e+00
9.192927930424568128e-01 5.832200962886554541e-01 8.077914547482081264e-01 6.327445610140897125e-01 1.317763988496899359e-03 3.764364589046993448e-01 7.752704399979388761e-01
2.693653234799390783e-01 3.232431150727406721e-01 4.739318935744499250e-01 1.715304243615725366e-01 1.150248313563576909e-02 6.666460438838658353e-01 9.928235475152606959e-01
4.694662182502855052e-01 3.034384194355924658e-01 3.134505353672175088e-01 7.605100417185096662e-01 1.131209934322662675e-02 1.173546704801626678e-01 9.796614334590446616e-01
2.512349442798502697e-01 7.592886122689415651e-02 9.897123471945581397e-01 1.000000000000000000e+00 8.593375998557749584e-01 4.302720950891884139e-02 9.453818585718064549e-01
5.261101446276591487e-01 5.556915025393501795e-01 8.988707820111434543e-01 2.274157326072659135e-01 6.029591175893064259e-01 2.191901095348751903e-03 2.958884796279879770e-01
3.974765691041463045e-01 7.761225457713306630e-01 7.620911363071455336e-01 3.089529301358197311e-02 1.604345510544865905e-01 2.150736174765783826e-01 6.879289638893161252e-01
5.177914879403463511e-01 6.900513375495813742e-03 4.634263193763938360e-01 2.076538538225873864e-01 6.859467452743383750e-03 1.171100511399255847e-02 1.000000000000000000e+00
6.659322199687270905e-01 7.572592162774199886e-01 7.801366118370836045e-01 5.082983844350567187e-02 1.505480498823584447e-03 2.976024391208595410e-01 7.981890386749238564e-01
3.229720750321454781e-01 5.456449797692630721e-01 9.339406500169421532e-01 8.862194120600626057e-01 3.046468132204050924e-02 2.109882052296775407e-03 3.197524030207924417e-01
9.889084833614667502e-01 2.185412262245717274e-01 9.999345528874076239e-01 8.265066134648614560e-02 1.555676041167342871e-01 1.968234390173067422e-02 9.439718966410050038e-01
3.566058939387714566e-01 8.690398909771114289e-01 9.349216583977627559e-01 1.627354201686824920e-03 4.633650743530405569e-02 2.091742123269743105e-03 1.000000000000000000e+00
9.879531108681648410e-01 2.724493871994722594e-01 9.260542555544758470e-01 3.054461629755892468e-03 0.000000000000000000e+00 1.568099027453154215e-01 9.945207844709271772e-01
2.166063808361340937e-01 6.818696357888334725e-02 2.669544095517921711e-01 4.977432905321722556e-01 6.562046950786749877e-02 1.486093571016660342e-01 9.392814265807414298e-01
2.563798575736161815e-03 1.750413767851979607e-01 7.972018384884775877e-01 1.010585645375998293e-01 1.021330052107209847e-02 1.762783250117347933e-01 9.328584065292605532e-01
1.108118059212498396e-01 3.859223738806105697e-01 6.429747686188956868e-01 1.917028891063459264e-02 0.000000000000000000e+00 3.665089295344110560e-03 1.000000000000000000e+00
8.720786656204471132e-01 1.806173630171006850e-01 4.245429903171049624e-01 2.627602836017276511e-01 9.375500257699722617e-01 1.564656647571069092e-01 5.342541000495034664e-01
4.760144232441460010e-01 7.160783110991287836e-01 9.779538819456928822e-01 1.000000000000000000e+00 7.606126963365590354e-01 9.113390773492163754e-02 7.459320128205705336e-01
1.931526238539545571e-03 2.163662752862553218e-01 7.792937928484299226e-01 5.867767325878298079e-02 0.000000000000000000e+00 1.054583724295152375e-01 9.741234006553415314e-01
8.864369199766035656e-01 7.519167902933332481e-01 8.900788210220633712e-01 3.369123588192691754e-01 3.313794816826282075e-01 2.563506326812502456e-01 8.788391750130152280e-01
6.898766274094038364e-02 2.337595933618880767e-02 8.128761909083015436e-01 1.481799238881875425e-01 1.113555560385755816e-01 2.586302527318203870e-01 1.000000000000000000e+00
1.242557257611502999e-02 1.808566493934025410e-01 7.998997901273861011e-01 7.393979106914199892e-03 1.659320269097920965e-03 3.331598932127833104e-03 9.750188023997761189e-01
9.262086608431109314e-01 8.107098729139908810e-01 7.652357794859170337e-01 1.327916961624850678e-01 1.059747476225692334e-03 3.403265562102668063e-01 1.000000000000000000e+00
1.000000000000000000e+00 6.318094243501053420e-01 1.000000000000000000e+00 8.713604811841535458e-02 3.744688864059440674e-03 3.190725580812239087e-02 7.524014799631744133e-01
2.469376146063750541e-02 9.781987553494034815e-01 7.593562778243997391e-01 2.998560854292723309e-03 2.164065726811325863e-01 3.431268268425777257e-01 1.000000000000000000e+00
7.490999077157842745e-01 8.105673738331137246e-01 9.968646327591303979e-01 7.723074323725931389e-02 5.534633553478705099e-04 9.406232085068501336e-02 9.005902092903088629e-01
3.993986294531125525e-01 8.693273712386848651e-01 9.819904735598709022e-01 7.794366893607802826e-03 0.000000000000000000e+00 7.553455082682508648e-02 9.291341192763959977e-01
1.705913622066352886e-01 7.953543432977793204e-01 9.955631842574209633e-01 9.576648199154721031e-04 1.949775202511382392e-03 1.229787177537738051e-02 9.086763092132441599e-01
4.113582934238048106e-01 6.977154818985850104e-01 5.454177348787879742e-01 3.837732234355747257e-02 3.279776936459362184e-03 3.124254436174706689e-02 8.183573559420559418e-01
1.194873386607197691e-01 2.191507694925674821e-03 7.925836565643074039e-01 3.838035567718744434e-01 5.783706389647066265e-02 2.685219586691459104e-02 8.301920143802654639e-01
8.912955796849578692e-04 5.328635618841136568e-01 3.918494871837603366e-01 1.000000000000000000e+00 7.482584865023764742e-01 7.929786311748396321e-02 9.757077123395108131e-01
9.710193352838933922e-01 3.972430366942460433e-01 3.614198214976822587e-01 7.853795068967208692e-01 7.799170815024520920e-01 3.986079418707301758e-01 9.140772435493343950e-01
5.567310956295983271e-01 2.086783032433423835e-01 1.634037905187656348e-01 7.178099276203575574e-01 4.297288286071609953e-01 1.449983082122471012e-01 5.573236642913009797e-01
1.806324254665839513e-01 7.535493901652726700e-01 1.442758979795772389e-01 7.412475737310674218e-01 8.813262099032344032e-01 3.074958912860192295e-01 8.005021371683798126e-01
7.427741661818869634e-01 7.902862952954886611e-01 8.992777206896397368e-01 1.631015647181648966e-03 1.373575010047228383e-03 3.316547100038833018e-02 1.000000000000000000e+00
2.210248147980719280e-01 4.028446236168065075e-01 9.272971921013708485e-01 1.000000000000000000e+00 4.421726077230814789e-01 0.000000000000000000e+00 4.747083338303165895e-03
2.306903795135817892e-01 9.910542608199314207e-01 8.642386119327674088e-01 7.967909043913216083e-01 1.149017741010674720e-01 3.525135705108023172e-03 4.141852850260313579e-01
1.417896136145765582e-02 1.306989703697687133e-01 7.064339285110859956e-01 1.000000000000000000e+00 9.167154432584597723e-01 8.113587784854117135e-01 3.610955384051258155e-01
5.222783313694537854e-01 3.606605254791729886e-01 1.284260332043183905e-01 3.009172552711674165e-01 2.780493333060879979e-01 6.967526609382705682e-02 9.933645275950168108e-01
7.048032875418744521e-03 4.508664245414802929e-01 2.286315524619138007e-01 0.000000000000000000e+00 0.000000000000000000e+00 6.467748940044466543e-01 1.000000000000000000e+00
3.446916494714428181e-01 1.376535919767687133e-01 9.763386532769801063e-01 1.858907631617863834e-03 1.366560368333549491e-01 3.048844580270765672e-03 3.140651338627390987e-01
9.462152678278574758e-01 8.984908042363933811e-01 9.927601439118879378e-01 0.000000000000000000e+00 0.000000000000000000e+00 0.000000000000000000e+00 1.000000000000000000e+00
3.059821948016346310e-03 1.553960951480165900e-02 8.829388310839149101e-01 4.997458634428468272e-01 9.572178078656052858e-01 7.525756115344216512e-01 1.145450752416159595e-01
1.322970637095736146e-01 1.736239622502337987e-01 4.374601631242189259e-01 9.811369972485274316e-01 9.893629937697712151e-01 3.267768199765440085e-01 4.028412209511498809e-01
6.254831420103030837e-01 8.398667718092835965e-01 1.544415812468675486e-01 9.931490919254366556e-01 8.280477008537002748e-01 7.468171619521635218e-01 2.371579354969679809e-01
3.682317693079025433e-04 3.354163236125978775e-01 4.945118346360827255e-01 2.270079664802676644e-02 2.482120578518349965e-03 1.985353540422521781e-02 9.759281838075863913e-01
7.847849165224144441e-01 3.514090253201451741e-01 5.550581981118951624e-01 8.104251526726423405e-02 7.296916413963753329e-04 1.406749796904049610e-01 5.716544917260025782e-01
8.141578897179213570e-01 2.771365771948920420e-01 3.013147378996496317e-01 6.902599214835227759e-01 9.728288228429725626e-01 5.176832781721739662e-01 7.056307723745446348e-01
9.423063717446616971e-01 5.086718258333142728e-01 1.127534809925580112e-01 7.582127252445601817e-01 5.869191283772791090e-01 5.330641822940577201e-01 9.259579782654897562e-01
4.328725027818880466e-01 8.493098879240504329e-03 9.029744202230770567e-01 1.000000000000000000e+00 4.743553654823332577e-01 8.157305112180063267e-02 7.725634385315981179e-02
8.172493319099262410e-02 7.464223038593651438e-01 8.589208571554443061e-01 7.641396582444598580e-03 9.567066494251836445e-04 6.255589501472587355e-02 7.483345946841792884e-01
3.005881191814309683e-01 7.797611348065874859e-01 1.517631757504687984e-01 3.004650046481854297e-01 3.613769671827541385e-01 3.130644795792977830e-01 9.677085493424506524e-01
3.799841331179465986e-01 8.566142441326524137e-01 3.203920061810924813e-01 1.000000000000000000e+00 8.157941989012090778e-01 6.616256707459711173e-01 2.727425015476527825e-01
3.411088621031116985e-01 8.405689588776789067e-01 2.903681868899932184e-01 9.143034326892778285e-01 3.883284227419360191e-01 2.193398139887267617e-01 9.234283256521517158e-01
7.946105166547583198e-03 5.335389450620567908e-01 7.268427072434231473e-01 1.217515245021368042e-01 1.973200610227938273e-02 5.408805597819486138e-02 9.753601098834822070e-01
1.000000000000000000e+00 1.638417521985827685e-01 9.571813981932026927e-01 1.081145226789866423e-02 3.847892423579666460e-02 2.437427851266982248e-02 9.926135090844223630e-01
4.412092115339494303e-02 3.209437212230700776e-02 7.851876779127078265e-01 1.000000000000000000e+00 6.604194149943313219e-01 6.840471767575778683e-02 1.111445052213886620e-01
3.342729273503219911e-01 8.123637402797034834e-01 2.448108586846129975e-01 9.933217261353260996e-01 6.482604549274033623e-01 6.721443420499487176e-02 1.000000000000000000e+00
7.035778407960907588e-02 4.025666020734888773e-01 6.661197042868104434e-01 1.250458135508543955e-01 1.480354100535065213e-03 5.695418634119959328e-02 4.098422496433842266e-01
2.848743698763998022e-01 2.498009661431222217e-01 5.137069933463791482e-01 1.000000000000000000e+00 9.890453785723483104e-01 1.574704703610314144e-02 9.577526250594928237e-02
1.189468860934724675e-01 1.969683567288942831e-04 6.961445148998489652e-01 1.000000000000000000e+00 9.483192971279545969e-01 2.135482627414149459e-01 3.244601854485018588e-01
1.542681076973399790e-01 9.689573665144339820e-01 6.658601549020261023e-01 1.299950420381011662e-02 1.331571617409493986e-02 1.654762763339895706e-02 7.728155903887290457e-01
3.976550192693439900e-01 3.798491937293781984e-01 1.259908194700651296e-01 1.195373904096083684e-01 0.000000000000000000e+00 3.171256769278098520e-01 7.873102636482283145e-01
7.794183321167066358e-01 4.085685856771667859e-03 7.632210659695487509e-01 2.719286625716469535e-03 0.000000000000000000e+00 1.810014525243822461e-02 1.000000000000000000e+00
1.000000000000000000e+00 2.852474279899556153e-01 9.869364088653738154e-01 4.951966938388304047e-04 9.800254514093816992e-04 2.036512292492477592e-03 9.513139171798684623e-01
2.197217295065705123e-01 3.646001390321639835e-01 4.256906493885651566e-01 5.800247539949785619e-02 2.655225079200457597e-03 0.000000000000000000e+00 9.733642067169271384e-01
8.988667895522209905e-01 2.079314506742538926e-01 1.611326304680158195e-01 8.278056901173018733e-01 1.228925400549681218e-01 5.790273765080625745e-01 9.514671452290032194e-01
8.298136648136655857e-01 1.157284355902738343e-01 2.722634578999365007e-01 8.785910770764300270e-01 3.220243109626130251e-01 3.539358487636729556e-01 9.097749900721940897e-01
1.674599574561552728e-02 4.971296832798896004e-01 4.350381966512301135e-01 1.000000000000000000e+00 6.779306830485178903e-01 4.039116225811641148e-02 2.594720498555872501e-01
8.867527728974027301e-01 1.426842168490923823e-01 4.497936320604782323e-01 8.619612318651923566e-01 7.393146694031860200e-01 6.274107341755693623e-01 6.706315520231029836e-01
6.467447648292594387e-02 3.414476262318323907e-01 5.022888555348687945e-01 2.356053962318226391e-01 3.396931620137847996e-01 5.292002706819164126e-02 3.465197369163667829e-01
4.135601140624829974e-01 8.791319108423907291e-01 3.544554161877940812e-01 9.229285010890206919e-01 5.380149111776258986e-01 8.960575580946333885e-02 2.315567887504379196e-01
1.812871774386459467e-01 3.968120515287818506e-01 2.988336948600187060e-01 5.257366121638131773e-01 9.974975224333170187e-01 9.485265216471578942e-01 2.725409582226645533e-02
6.616478518098851680e-01 8.430846921180092934e-01 2.147943742893569929e-01 9.693423391972224579e-01 2.064860857638673719e-01 7.754969260343808068e-02 3.230461161706726370e-01
2.510187646430924180e-01 2.345106159981096006e-01 5.475897086334486907e-01 1.000000000000000000e+00 6.198616000566887774e-01 5.689255080814836774e-01 6.272366318064850899e-02
9.752790308695193922e-01 3.052012152632674891e-01 6.315007852153887713e-01 1.270255472706686706e-01 9.975383363028104133e-01 3.465321157212034042e-02 6.471084404349822239e-02
8.976261047388511827e-01 4.317417910741149778e-01 1.415885939252700121e-01 6.046458960268025207e-01 9.604704491681355094e-01 1.002239576393103571e-01 4.962079910508111480e-01
8.343520973620214276e-01 2.781341764131411431e-01 8.337377279933669838e-01 7.910479142373868511e-01 7.432847002609480058e-02 2.626886696810246807e-04 1.131628708595365657e-01
6.752961902587530929e-01 6.489638130831557605e-01 9.273922661911175869e-01 1.000000000000000000e+00 8.587065575018222319e-01 8.552477453685363752e-04 1.590100620474203807e-04
9.717188315157166967e-01 4.095284538964637511e-01 8.262177817957024883e-01 2.430168619323335721e-01 1.375446614808750571e-03 2.575013084871269863e-03 2.444257509309505638e-01
9.778950549495833977e-01 6.118017242940221659e-03 8.463221224987501623e-01 6.142183067656672435e-01 9.316755342153628661e-01 5.945824476240495898e-02 8.582024294149404042e-01
4.803507151527928176e-01 9.472906264866924886e-01 4.033160794787309378e-01 4.778595843254358766e-02 7.886186532696862206e-03 9.639729939651089236e-03 9.168860887494874046e-01
4.933029387579493386e-01 8.334104604712923026e-01 1.866435813429587476e-01 9.356563811885635351e-01 6.394727961757056267e-01 1.865120322951498988e-01 4.553125616806728559e-01
9.018590184404563503e-01 7.501075754689177089e-01 8.839053619749304147e-01 4.709574341729290403e-02 1.932288561530424911e-03 6.986466943872939213e-03 5.649998094574973928e-01
1.000000000000000000e+00 2.381093554811157011e-03 8.945346765539271550e-01 8.404867948771127528e-01 3.966333549785468482e-01 8.676531907279906933e-03 5.258769865694707946e-01
6.284203856796597432e-01 1.565037462705239774e-02 3.254252128531345267e-01 6.742822208941249285e-01 4.472276519764879499e-01 2.410056124085834250e-01 5.645058912914546756e-01
9.041388991523260366e-01 4.770529215784509100e-03 7.323229354182305695e-01 9.141131200061275441e-01 7.661488048577519416e-01 5.837201851105489059e-01 3.247133784004191392e-01
4.704373845781535945e-01 8.369838203880293204e-01 1.896271231098066445e-01 9.853212878114799844e-01 7.070581064520335690e-02 0.000000000000000000e+00 2.184503869893015537e-01
9.658547372958012911e-01 3.579881840320516817e-01 4.860422982192462715e-01 7.026159541746794801e-01 6.490694072712219764e-01 2.427099405383329744e-01 4.320484527912765021e-02
5.292915051391422487e-01 1.234450725677712322e-02 2.648806294898889413e-01 8.348283309296918864e-01 5.937865965521460510e-01 7.210313889508702945e-02 5.249701083567478443e-01
8.500202944146160178e-01 7.662255716857970314e-03 4.025716849621537863e-01 3.738515433067241683e-02 7.831801490970805024e-02 6.585703379704584137e-02 2.064246644541967157e-01
4.364244407408126580e-01 9.947221449066896426e-01 4.358133279085607548e-01 4.744395693372918318e-03 1.893611293276148064e-03 6.150305026028361766e-02 8.247358847997792175e-01
4.859041634910785112e-01 4.571375389449169879e-03 2.874265499448466210e-01 5.579373855800185966e-01 5.874081067327555639e-01 2.705995106162904507e-01 1.000000000000000000e+00
9.245204428438089650e-01 1.000000000000000000e+00 7.363556128872922324e-01 4.419426749402716181e-02 0.000000000000000000e+00 1.152499995624720747e-02 8.217663525942277003e-01
