8.409156357827746175e-01 1.733262835767807042e-02 7.286771750154525940e-01 1.854562753198250036e-01 2.939331730641026041e-01 3.098066203259253193e-01 8.304928763612351439e-01
6.372419429134057456e-01 2.620211074087392955e-01 6.947959622721369133e-01 1.405837680146055924e-01 4.012548331673437829e-02 3.150305719119974590e-01 8.902475784328196529e-01
2.135533567708816083e-01 1.557017569501244481e-01 7.065394175543824318e-01 2.044286684303581181e-02 1.488788025444398588e-02 6.127938986384902087e-01 9.917355460826433600e-01
7.242975927524303303e-01 4.923137507325670015e-02 3.388875052298390145e-01 5.428162837505956517e-02 9.344101196937654175e-02 6.993757628107548363e-02 5.408904046590152781e-01
6.627478644595519164e-01 5.140577269821966500e-01 8.775432415279293963e-01 8.514026720042555674e-01 5.125022394892702060e-01 6.942225490104853014e-02 9.226552945645680737e-01
8.015606428003239081e-01 4.448258225528429755e-01 6.339593004747364757e-01 9.495225968636249458e-01 6.643254079425363612e-01 9.259263812824913842e-02 7.793033224060723629e-01
4.568099183209972658e-01 5.323960360033230810e-01 8.583390551312417571e-01 9.304055590079469695e-01 5.724424673754986426e-01 1.229502828695837463e-01 8.992903561811245172e-01
3.325995421698436649e-01 4.849881409521576980e-01 8.948834007491051068e-01 9.245512870894738722e-01 9.329750583356521965e-01 5.093178389964405639e-01 9.812334971795770855e-01
2.954956131707695000e-01 8.001078405695021267e-01 8.793710425862526492e-01 1.269836581231892705e-02 2.836874125552176218e-01 8.393901748061582957e-01 9.713967923593651577e-01
9.546711776649263737e-01 6.172372060208755062e-01 6.615460251206508602e-01 5.152907751353108523e-02 3.762470268643136606e-02 2.555497525279096793e-01 9.455775541648637761e-01
5.157056466464504663e-01 2.154335397344273040e-01 3.936789332104790873e-01 9.475696254691263754e-01 7.639273812596182323e-01 5.360308345961921628e-01 5.421815547749917474e-01
3.374862087606853578e-01 5.643907116084256881e-02 9.487098672181422110e-01 9.646735072567746982e-01 7.841715227486316664e-01 9.807356069435120560e-02 8.228648936286619975e-01
9.901508820288289492e-01 7.395186118276326770e-01 8.023803310369497233e-01 1.520606853884544640e-01 2.789049525797880902e-01 2.678767853420680467e-01 8.306558598377644653e-01
9.564693100347532173e-01 7.040855144142339483e-01 7.184615815255759319e-01 1.039945895786541508e-01 1.079716621473999494e-01 2.019282746989586319e-01 6.729614725853120261e-01
1.559379297442117229e-01 6.016096087926630087e-01 7.989859448661025265e-01 4.985078277301058236e-01 3.172603653116461420e-01 3.115528947357822376e-01 9.111622604499202138e-01
4.287426236544142899e-01 2.779328658682165276e-01 3.958816611779267802e-01 5.088952724623740931e-02 4.810557675236779573e-01 7.266844567462061866e-01 8.497072039632245222e-01
4.035673433133384336e-01 4.869830796606832712e-01 7.003653857292344576e-01 6.789981542903711365e-01 7.014332923283732590e-01 9.671447302308155969e-02 7.409355780759063759e-01
1.811237461723704811e-01 7.651925799297555342e-01 9.162334563087772832e-01 7.456361905951991442e-02 5.222539329554685972e-02 4.545716410556753240e-01 7.317039530708771000e-01
1.678765495284881559e-01 5.100674159146648678e-01 7.788681725641781739e-01 4.316311882191081750e-01 1.359959562514340137e-02 3.344288952809413296e-01 4.809265350382991855e-01
6.177978989224313100e-01 2.482790019157147254e-01 1.774039559942323652e-01 6.486042430633568445e-01 1.776051217718823128e-01 2.419207631173492246e-02 7.772276274223635095e-01
2.231683179104607673e-01 8.123994152097646637e-02 3.710254004223276780e-01 3.237728516817361957e-01 4.372031139039767034e-02 1.938963538643908580e-01 7.846501342855511929e-01
3.762535488485560520e-01 2.533521951407253781e-01 4.143201101030499212e-01 5.242880639514631014e-01 6.345382098330715204e-02 9.574613000803777751e-02 9.835113327570099706e-01
9.787452966679410782e-01 5.302082178952154390e-01 4.298740958300230064e-01 1.172753131667571003e-01 6.841238213019196213e-02 5.032965458235283407e-02 8.903829074038154268e-01
1.905228138615431277e-01 4.081889231742180657e-01 7.905029495966979791e-01 1.218704739838152862e-01 1.762769955915038933e-01 1.683366824921825322e-02 8.117157450728224033e-01
4.618858065457045470e-01 7.486141538172021992e-01 8.326913858143750735e-01 3.636608220708443251e-01 1.859913483985905502e-01 3.130220366847273616e-02 8.779925442689675563e-01
8.119126465426234063e-01 7.826807985048013228e-01 7.330631847650228572e-01 3.742426533343117256e-01 8.305161133290606124e-02 9.254630045310130448e-02 9.128002892635767029e-01
1.572454188019265509e-01 5.345246826196081713e-04 3.639337046392041586e-01 2.367543631907569335e-01 9.633182093371870369e-01 7.875933651814230885e-01 5.760192311515622832e-01
7.398826628997108301e-01 9.498141219320974660e-01 5.140020412861900923e-01 3.325407314334161146e-02 8.227841840253263817e-02 2.014600896271568908e-01 8.594083858421741606e-01
2.190756410468113202e-01 3.393162846620528805e-01 8.110447134477416498e-01 7.347047827262143116e-03 2.519044298469264032e-02 3.602910016026312778e-01 3.482900580918762978e-01
5.927442298546521382e-01 4.804705343051003386e-01 5.892438321820243630e-01 1.120021298491739870e-01 8.974104761771073413e-03 1.498528807707681931e-01 7.064546306264627429e-01
1.797939062427930113e-01 3.058336547117390114e-01 7.377539929952303677e-01 1.600913695731269737e-01 1.737611814614870021e-02 2.240949862866414843e-02 7.847646706696032037e-01
2.688325686166558315e-01 1.713501414944493817e-01 3.034715363120273901e-01 9.782952949232572859e-01 2.759353707537481881e-01 6.705180461001041259e-01 7.713468963686656021e-01
4.472529297478522459e-01 3.862536764870491690e-02 9.185822902843066018e-02 7.507045296797341116e-01 9.641598580389878492e-01 6.106873690756796647e-01 4.893352586831505313e-01
6.484119199661537714e-01 9.477173492725143866e-03 1.692354446642457821e-01 9.316435703094041454e-01 9.671745879364117560e-01 1.004166485243198487e-01 6.492040538961543206e-01
1.964828823786592127e-01 2.263536405876473978e-01 1.815317008851227987e-01 9.460836502982958862e-01 9.167551639503077610e-01 6.068769695100375561e-01 6.178083026123806221e-01
9.384147448163662197e-01 7.513069035757227176e-01 7.511193220032179596e-01 1.685718541469758414e-01 1.172474894229402764e-01 1.824703282499857276e-02 6.886055947103577601e-01
3.380350598495903691e-01 6.463183132102922057e-01 7.837257114767000044e-01 7.582044292423546772e-02 8.790171691499537587e-03 5.433381862939445917e-02 7.373721193649118710e-01
5.575395039342477821e-01 1.677090292845395680e-02 2.826612541713741100e-02 5.473098940030491910e-01 4.192378157665981320e-01 9.661018658214359789e-02 2.988130995617050423e-01
9.426611852086379528e-01 4.709469005497728400e-01 1.415202761211022953e-01 4.979496220807746454e-01 6.126732569441678544e-01 3.427932295429313436e-01 3.273890856129884619e-01
3.458662284870166470e-01 2.539624165309506409e-01 2.726520095256059761e-01 8.948128204808198927e-01 8.711311318921914904e-01 5.310700539287255273e-01 5.587844966985195949e-01
1.972572285018928118e-01 1.049953638120119659e-01 3.303920919100851172e-01 4.943242651002455190e-02 2.280138417107119009e-01 1.382809334886317965e-01 3.944658947271126315e-01
8.775283707498509056e-01 1.086192247136388844e-02 3.482619117102000450e-01 9.907741286032292205e-01 7.622544425551714964e-01 6.637902229346699379e-01 7.182876134124406287e-01
4.301038660986539752e-01 2.785665759474918457e-01 1.369040201794613221e-01 9.872537652548873943e-01 8.074310815534064822e-01 3.965469214440273671e-01 6.323274163830712169e-01
9.295697210644080499e-01 8.785762735028895820e-02 2.818777972736796755e-01 9.098897450360836636e-01 9.911728914665614010e-01 1.483641514318663757e-01 4.096868141928289297e-02
6.640990484398048843e-02 2.175290440542578252e-01 6.463876722014527676e-01 9.033640088317909100e-01 4.024329247423643618e-01 2.216369246466154408e-02 7.865899226315242743e-01
2.212807841306236867e-01 1.127773209002511101e-01 3.463715213761177081e-01 5.303977138380988610e-01 9.831978555616283089e-01 1.394134207587797714e-01 4.034893287697399744e-01
1.016408686716741006e-01 2.718792695897147560e-01 4.821883287542685359e-01 9.558066156092763777e-01 6.725186189496836775e-01 8.018722290781599149e-02 2.358726809446580752e-01
1.893214005773019015e-01 1.431229423074114049e-01 1.994444139367727020e-01 7.967087820857493563e-01 6.375635692908767638e-01 5.619468010452007833e-01 8.628271372143392348e-02
4.273442875190305301e-01 1.530514334866061588e-01 2.130312461753516851e-02 7.950570714648013126e-01 8.750853048634054110e-01 9.831892633409105020e-01 3.936542932404270556e-01
3.110229341260359881e-01 2.956388305696864283e-01 1.504684387124819445e-01 2.803110001892470393e-01 8.591960432923373414e-03 2.806455734638101385e-01 3.563889277064395955e-01
3.903297612516979515e-02 1.560440200278847556e-01 1.382973304592347019e-01 7.372903133118517971e-01 7.365901157655760922e-01 2.975622880379508173e-01 3.026821859077965526e-01
3.554591748700941523e-02 5.586842731268095719e-01 6.840138031324433099e-01 9.258635144477579682e-02 3.329812612071750277e-01 2.056046748357927001e-01 9.810694096567630362e-01
8.756893940394472331e-02 7.472012507806413684e-01 9.246977709371286824e-01 4.425057761436952675e-02 1.077630979637786979e-01 1.469534563548263173e-01 9.870007780677022557e-01
1.831199796387661394e-02 4.252870893278517528e-01 4.770626880041226592e-01 2.155420143763784324e-01 4.622314967142301390e-01 1.558955954287259138e-01 3.368143563858430056e-01
5.146259846664889004e-01 4.885372735907095310e-01 1.886760350682664122e-01 6.102533153462776916e-01 4.483630675564291290e-01 5.336856059549749398e-01 3.802108759390653847e-01
7.104531281426051947e-02 7.035761325876874750e-01 9.518562355501261063e-01 2.942600034836497791e-01 8.341870445330357153e-02 6.434146866002807275e-02 5.869951795581180853e-01
8.931871777616078312e-01 5.401478349059116169e-03 2.680681121661541155e-01 4.203929262227018571e-01 1.364690627050333949e-01 2.910856560881762700e-01 4.017982652536735699e-01
5.730789050392750550e-01 8.328259405721851749e-01 9.428210943696193613e-01 1.589429916029566625e-01 4.473689159703075902e-02 9.716735248678934345e-02 3.168499412595983111e-01
4.971275508397413057e-01 7.061973098913201241e-01 9.775166624165527729e-01 2.661806729166769081e-01 5.709288849143301370e-02 5.271559120299854073e-02 3.845246552881276259e-01
5.832371331106912526e-01 5.248684340883642552e-01 2.933230428432302972e-01 9.839523057364008007e-01 2.450151358107747201e-01 1.039894024768525244e-01 6.106218444613251695e-01
8.191839433557996930e-01 1.905110238872187445e-03 2.973237685149354714e-01 7.337293727418385814e-01 4.765779855766851814e-01 7.314673382238101595e-02 5.541418285991577264e-01
2.012825005992907867e-01 7.518245533234579892e-01 5.866882154885544320e-01 2.196938346656820973e-01 7.752405944334708754e-02 7.301144332602671483e-02 6.410022815448719324e-01
8.644785719757985820e-01 1.214928332511000519e-01 1.836464143303500052e-01 9.360646117375233111e-01 9.766287412348706454e-01 5.567413730672543526e-03 5.094712418357849604e-01
1.221289508104108634e-01 5.007640507423865017e-01 1.367081207100881990e-01 8.979974144807543190e-01 8.219218390928086926e-01 5.535129796065767493e-01 8.773848905779448870e-01
1.312028804892675093e-01 6.036851350532412841e-01 6.621843501562045819e-01 1.504394016121076705e-01 4.100499569869343885e-02 4.081164468505669302e-02 3.488560504157302011e-01
7.749864939808291942e-01 1.198434675912626313e-01 1.981904795246836049e-01 9.894464843000114751e-01 7.878485920750279980e-01 4.136992768176948609e-01 7.859891297446015557e-01
3.683945985056771288e-01 1.597452927297116076e-01 8.132080406111275028e-02 3.101402729220159027e-01 4.807037135400216155e-02 1.983990339685810511e-01 1.577857377608953282e-01
2.142618134245779515e-01 9.337374124785249307e-01 4.295457197004839411e-01 4.638194208373893623e-01 1.180166094558082746e-02 9.923454491465991123e-02 6.820051553785315690e-01
9.942824001479688700e-01 3.910299697782487205e-01 2.253902545583850725e-01 6.423082539685116554e-01 7.146168883659383964e-01 2.843690102811391451e-01 6.366138359210773423e-01
3.773813798416248977e-01 8.502861650823613227e-01 7.047926527323501444e-01 6.455901149601783739e-02 6.097335094322886562e-02 6.036847108013754237e-02 7.750000201873850081e-01
9.958452899971714789e-01 9.558783067220322227e-01 5.641777451315006520e-01 1.644896438354039869e-01 4.040881271985907741e-02 6.481617012383678045e-02 9.104774644822570817e-01
9.259926166815459769e-01 8.165612675406164200e-01 3.697758845193659938e-01 1.821436441988995014e-01 1.417360015094654146e-02 4.536230180379852150e-02 9.124200738824930212e-01
9.170343414985903108e-01 3.373236183661322274e-01 1.332589346984978107e-01 3.134939649664270078e-02 2.764054717816932794e-02 2.226084077652079607e-01 4.427819406068756458e-01
5.834233291740549276e-01 8.526481188040347936e-01 1.995361506462429713e-01 9.410186912895882605e-01 5.139670456593420367e-01 1.463734904783589030e-01 2.256688569448108694e-01
5.019637065988147295e-01 8.867060138476512421e-01 8.378682393379660587e-01 1.645992149331809706e-02 6.177502968992568816e-02 7.498338862024678253e-02 4.297704392662351491e-01
4.811038737351713279e-01 9.941544716545724913e-02 7.865120153930882374e-02 2.876309066529661451e-02 2.605432600537599397e-01 2.792898287399469548e-01 5.514779457910503613e-01
1.241978290116083627e-01 5.392656060159253251e-01 8.112385584168257946e-02 9.603253502817041820e-01 7.769773133608663951e-01 6.151603545062017675e-01 5.805213971852059007e-01
5.321664956945865166e-02 5.980612051701656995e-01 1.013983019897088944e-01 8.186503935530722309e-01 6.710334874091792301e-01 1.465762954713920596e-01 5.989072510848595376e-01
5.714352075234718775e-01 7.620750276736802942e-01 9.359961363479307739e-01 1.186966790840282560e-02 5.234323124965911678e-02 2.049516822169294983e-02 8.933097587188651989e-01
4.502501962826773174e-01 7.989974683267120348e-01 5.863169323137198963e-02 4.836558752520906390e-01 6.681799308292202255e-01 2.797317959173546420e-01 9.421258167623309809e-01
4.842093253466215330e-01 2.636871236477189573e-01 1.799583951199731913e-01 6.264582600567747406e-01 3.871892804850658454e-01 6.789430443415414573e-02 7.120679909389080464e-01
5.572486219128071072e-01 5.191429811230842128e-01 7.315623595735692986e-02 5.805314320811021389e-01 7.761220184895998297e-01 2.856474402125762646e-01 6.503135979551164514e-01
1.772453349566260883e-02 5.492588166155621954e-01 1.587945780309988342e-01 5.722785090536801622e-01 1.895218833379668233e-01 1.123622341466847807e-01 4.492860088902256299e-01
3.358164537955200535e-01 8.111752513590599900e-01 1.565448573212627759e-01 8.269856108114020943e-01 5.656687486515686869e-01 5.658484578530698084e-01 9.861900702615277181e-01
4.392251583400179626e-01 4.945332431723875599e-01 1.140013248641740251e-01 8.923152121501350953e-01 4.895275307830725398e-01 7.940133401078400821e-01 9.081848467064697061e-01
8.880697996021255092e-01 4.286283599282354473e-01 1.871041336912222519e-01 9.535452594222977307e-01 4.963802165113626597e-01 1.031772951792704340e-01 1.088569759123385605e-01
4.769923425025783814e-01 8.267381931127519845e-01 1.302670744132792269e-01 5.561965755008840828e-01 2.445746857030048349e-01 1.084877143518180320e-01 7.099445910616584143e-01
3.313677619673079389e-01 7.917202524515416506e-01 1.191504690033454716e-01 6.487023013559096718e-01 1.637750865092875152e-01 6.099322104677284972e-02 7.040895295480222860e-01
6.412903720347831182e-01 8.306644974932664294e-01 6.502536488926279057e-02 5.421334853068187076e-01 9.977461405909197056e-01 5.051418998417084305e-01 1.820036240052464727e-01
3.669337901038960403e-01 7.812406469867836378e-01 8.792178962393171204e-02 9.864224261020444473e-01 7.161272890346932485e-01 3.046160928568840687e-01 7.902157182274489600e-01
1.751401027786790854e-01 1.555427284438662405e-01 9.243450408960598996e-02 8.053720536048469825e-01 8.103437933529020754e-01 5.129423574319751378e-01 3.580405856292232514e-01
4.217965671584031906e-01 4.876196568117044938e-01 1.605118170846782377e-01 8.568907055068484269e-01 6.252961354123423021e-01 3.443282195154204750e-01 5.095358763541302238e-01
2.735767438532277218e-01 6.847122759078005938e-01 5.261635951363304864e-01 5.726593506583275150e-01 2.925555911686246180e-01 2.096287155819376302e-02 9.803377548341146719e-02
4.787971376578519234e-01 4.581747789792471881e-01 1.169687129489791200e-01 7.445673280139599726e-01 8.838953100123432272e-01 5.195177177174092886e-01 5.618329038661213914e-01
3.777661924752580003e-01 4.514051207463189996e-01 2.887631959134965842e-01 7.385885873471537133e-01 7.576029902125056559e-01 1.221414841399128814e-01 1.793468674815117403e-01
5.371793237033137824e-01 4.287822299802710457e-01 1.586310130930262963e-01 8.565438481175229324e-01 7.201292619704489084e-01 1.738508985104977311e-01 1.358384664176696122e-01
5.479760828579749443e-01 4.553678576855036964e-01 2.372018375126918599e-01 9.296196565587619975e-01 7.424904022037104312e-01 4.293112052610084661e-02 1.298894505280343559e-01
8.634288896546152836e-01 1.475561792948444362e-01 4.169945385724247444e-01 2.673720911288546276e-02 1.554608290403720616e-01 3.763168002598615836e-02 5.703645124647114262e-01
5.165067262004661153e-01 5.154608629293735422e-01 1.812376891470555140e-01 9.965626619860399327e-01 9.194648510511687078e-01 3.598708491958131361e-01 9.976518772713038885e-02
4.645086889887132253e-01 2.259550532606938722e-01 1.151110663285686564e-01 8.998934114838001985e-01 9.336134550374315388e-01 2.729053948848947919e-01 3.584768610478655249e-01
