8.965253723633851424e-01 2.841673468146018733e-01 9.643984717195708267e-01 6.298030584842996271e-01 3.577297005870599400e-01 2.069338055345579588e-02 9.866488255189584944e-01
7.153688959611408382e-01 7.864237950108379227e-01 9.613273185882684757e-01 8.768422707963410834e-02 1.161389787736537005e-01 7.456471085912410590e-01 9.554196471376616984e-01
8.841781238793027242e-01 2.101886293153560070e-01 7.944281565918358545e-01 5.292592498104985443e-01 2.308354209638340676e-02 3.344867755444294044e-01 5.389401085235497879e-01
2.002173538510223366e-02 8.385148242972058075e-01 5.235957488961556772e-01 2.458995612226844985e-01 8.475689367831976129e-02 3.593390983676026385e-01 9.254267276111952656e-01
9.331226645838203160e-01 6.020197602043054763e-01 9.990947435213392014e-01 7.507129536341161646e-01 8.301344324810325248e-02 7.929422436271504893e-02 9.846607436766899868e-01
2.513279608095956852e-01 8.195634156711845142e-01 9.933089588820408489e-01 1.199191763688866180e-01 5.210426494660003183e-01 1.063920741025981172e-02 8.859582023206358237e-01
3.095646524687456491e-01 1.537183173047769746e-01 9.827408401174562158e-01 9.812834225657464104e-01 1.338874703883577433e-01 6.917385081631212407e-02 8.676777996841714691e-01
2.713149741947092422e-02 1.144853826467621483e-03 3.047059681328911362e-01 1.510052376189021384e-01 4.561468565704927813e-02 1.920727545819055637e-01 8.799734549824215213e-01
7.582524548995791536e-01 9.333127849910106688e-01 8.261593829592033256e-01 1.549859562465466800e-01 1.573802616763880780e-01 1.499517141377716412e-01 9.183262911772335224e-01
6.258418759482582694e-03 4.376271950945070377e-01 8.051459042120248100e-01 4.857161901392847980e-01 1.267065811248301033e-01 1.113876490964664928e-01 6.098479723321499346e-01
7.248720161172681475e-01 3.209747309579472074e-02 6.140390697051490987e-01 5.778682703134820076e-02 8.403999685461615021e-01 3.593191843705519362e-01 6.372496436471796200e-01
7.612697234007214098e-01 4.123224311020295962e-02 6.568687454396655578e-01 3.172659482282364635e-02 1.924237240686093864e-01 4.957208085996856473e-01 9.201727562878205813e-01
8.797412872552823337e-02 8.084985226483116794e-01 8.856620812085678196e-01 3.842061490740827367e-01 3.762442798653255465e-03 2.019571234424457230e-03 9.840060210928928131e-01
3.918726477418399967e-01 6.179064961914620957e-01 7.743579066535243305e-01 5.301236874365113927e-01 9.763712345460709985e-01 2.347969508428142393e-01 8.384816490171499437e-01
7.506137827715988475e-01 6.623534992883839401e-01 6.742012834217062656e-01 2.288563544993357790e-02 1.020912047570399911e-01 1.049132279546344804e-01 9.677622038306823438e-01
7.335152071849713185e-01 8.921150640722712577e-01 6.347671471852391889e-01 4.586801377220927067e-01 1.232373978127672756e-03 1.398231172583653745e-02 9.896530992738993282e-01
2.834362349407644754e-01 4.628573945749245855e-01 6.474083621690455148e-01 7.656434738479364066e-01 3.762405354210559549e-01 6.313077682790380063e-02 6.749516522580657485e-01
6.561957422644093540e-01 2.729173222079570027e-01 7.878780043192965543e-01 2.158203861767265808e-01 6.886570074469645641e-01 1.395814997298824509e-02 4.877009493911070304e-01
3.846368045815682368e-01 3.768460327687679634e-02 3.284019386334530721e-01 2.864948738666828199e-03 4.522521725041701579e-01 5.516705801159265121e-01 5.769671970717132892e-01
2.407319609631580482e-01 4.821390058442047155e-01 9.062727023582799468e-01 8.130764576588277448e-01 1.435823624389581665e-01 4.968336243087440041e-02 9.595512866410254027e-01
3.594110616754388893e-02 5.869679727364975064e-02 9.199656594937504206e-01 4.958199885992101708e-01 8.832147980948058807e-02 3.083913093872213129e-01 7.722633005864023570e-01
3.136530852961540994e-01 8.511447216051380993e-01 8.426690753648123922e-01 1.666471274011259163e-01 3.095410685034900161e-02 3.812977531738351300e-02 8.797378278108490823e-01
2.417223427149380321e-01 8.382565133661473711e-01 7.299584446101776702e-01 1.306604250669452828e-02 3.777708261810841517e-03 1.195566651554657439e-01 6.158558503783220228e-01
3.553580925751331221e-01 2.959767709458306362e-01 2.552036860875391278e-01 2.133922065820657507e-02 4.382866213021067714e-01 4.106788675689907464e-01 5.426601903999472842e-01
9.431661607524063351e-01 8.049502815598097438e-01 9.486582722138546808e-01 1.256497720764526982e-01 2.208334378986420102e-03 1.760459540759006791e-01 8.336109664429806054e-01
1.410321993726397494e-01 8.570150345457732133e-01 7.546552094044199910e-01 3.502730893474691881e-02 1.349627199354442100e-02 1.052911003295359527e-01 4.782378677867046846e-01
3.871493234950227902e-01 9.389034041155148724e-01 8.649309154547926148e-01 3.517764969811239956e-02 9.142212770836584054e-03 2.792629139149438965e-03 9.234872111193583866e-01
8.787041075689515368e-02 3.698620436704133652e-02 7.757416408031099220e-01 5.017454280338691230e-01 7.964676239892891640e-01 3.241973942147129834e-02 9.495095531412727219e-01
9.574410957547444534e-01 2.180435254903562714e-01 8.957558322514687088e-01 2.106468035858740165e-02 4.233396390565191680e-01 7.779112605607361487e-03 7.224342636072668133e-01
9.589709215382613561e-01 7.926666430609092817e-01 9.972214902018808891e-01 1.183698387444022254e-01 8.963558833240217738e-02 6.087918211660754350e-03 7.866467829055190375e-01
4.868596646318951726e-01 2.538201106930023515e-02 3.610189020126176596e-01 3.153299849817527423e-01 4.217031248214478945e-01 4.017492060904355178e-01 5.111307025283485794e-01
1.102982093807238217e-01 3.411196016879308179e-01 4.786992124550055738e-01 4.087916963176047025e-01 1.216488049370800795e-01 2.631565783988789112e-02 4.957490024033675002e-01
5.375617409669544156e-01 6.035557873077966873e-01 8.614123024586392008e-01 2.966935867843503716e-01 9.548393151633825793e-03 1.203535356859559008e-01 9.402727188140443948e-01
3.598629662731914758e-01 8.172813931480301664e-01 2.829599235180296768e-01 9.024899880203127722e-01 4.756067443839906428e-01 5.290942354650562951e-01 8.617452925825894727e-01
4.243593952588122220e-01 3.342368903163432381e-01 4.817518299861343056e-01 1.232215709745328319e-01 6.284187223732035088e-01 3.021104254441311365e-01 3.471136064741102423e-02
3.724950600858768779e-02 3.966935973676648519e-01 4.300337102552235780e-01 5.928307160385513225e-02 2.044039174887641308e-01 2.286527557213962475e-02 5.928317561901575994e-01
3.815794212859734968e-01 7.993351855525875349e-01 4.378635743469951325e-01 9.927838144331760928e-01 3.933997807789779699e-01 1.068517555714466744e-01 7.828212127285751887e-01
5.934374679881607162e-02 4.838190444872392804e-01 8.954733770221112721e-01 5.911114451745848319e-02 2.153722672287876061e-01 1.386492128202184704e-01 6.728409312600757142e-01
5.175653356345809586e-01 5.615487553401685705e-01 7.196991818700239074e-01 3.819279734552189637e-02 2.805239265132672410e-01 1.367674165964506347e-02 4.797309939116233823e-01
2.825612880227900137e-01 5.343020786732868288e-01 9.899344519217143645e-01 2.034800568596386583e-01 5.686239275388417502e-02 8.513238883777918264e-03 8.913653836313926160e-01
6.280990300807083315e-01 5.590520713549319565e-01 9.688178369522807420e-01 1.535473440533520993e-02 1.004326835219071234e-01 1.436335226833904263e-03 5.003514446003169969e-01
6.447732175404515820e-01 9.526873988948380001e-01 7.495227509889311746e-01 2.281848692497152331e-01 1.170855283115338624e-01 3.839371600055450917e-02 7.422276910501374170e-01
8.764789206536371946e-02 3.497675084699273240e-01 4.081656758359906711e-01 3.060827534946994333e-02 3.216053430953242920e-01 2.460040920880748605e-01 2.469652166435876428e-01
9.067057051739036977e-01 8.336632850795984151e-01 7.249857120525162735e-01 1.152948813852558291e-01 2.885986476209938777e-03 2.485183614096051104e-03 9.805711169160925555e-01
7.962734217547613458e-01 2.525007337813189867e-01 9.037467803565507607e-01 8.098770872644847074e-01 1.821583502579223746e-01 1.165310571993201511e-01 7.137506313123956891e-01
4.969011093572922588e-01 4.230587493006651711e-02 7.810021050987908664e-01 6.011261647720912427e-01 6.883332713721088680e-01 5.766944590279002303e-02 4.752713823789073699e-01
5.669693645984068553e-01 2.540022766055095513e-02 8.526710675318091015e-01 7.381941768812808613e-01 2.451881152369640160e-01 2.610943908699155797e-02 4.764668102664730287e-01
4.555750572825648104e-01 4.891932874242067575e-01 1.901644189652158812e-01 8.839198336101370401e-01 9.901857636755824199e-01 9.624119865570943677e-01 6.198420413494809544e-01
8.711102009968043625e-01 3.738884665679842456e-01 7.729433330331955121e-01 1.863640785888875939e-01 3.326253914163514458e-01 5.844655334347311805e-03 4.162855315846045734e-01
6.081138112643943300e-02 7.868050368879776491e-01 3.958640625043367556e-01 1.000964667341595615e-01 3.370735393556811843e-02 2.471729635417099086e-02 3.617985803333125805e-01
5.012015140420460479e-01 4.229502822282107388e-01 1.758186352250235007e-01 9.600370058753064928e-01 4.681441130119538552e-01 2.124046092553243462e-02 7.257281810675429989e-01
7.571178297197433960e-01 2.993114529760489417e-01 4.195789764197875304e-01 1.441911241621065820e-01 8.028052652914995091e-02 1.847344997004904954e-01 7.302757750462265385e-01
7.589350513513233309e-01 2.885440663809291095e-01 3.936682363624848802e-01 2.383717797864429444e-01 1.614643672592293022e-01 2.661882384102495780e-02 9.775170274007364268e-01
9.723366429021792490e-01 9.636211502463624123e-01 7.773181550474217438e-01 6.437882491672624078e-04 4.508982196737304320e-03 2.147618535516434158e-03 8.135710046294414299e-01
6.668750156914821092e-01 6.045276406116569662e-02 5.208963752054397434e-01 3.403200066703219728e-01 1.503350332850842894e-02 1.399821715498393224e-02 4.490428402170478228e-01
9.530517024355352751e-01 1.580109218675855298e-01 9.138024587649264951e-01 3.043520543187204844e-02 1.722813270810945319e-01 2.582841298312709144e-01 3.651761615204848210e-01
6.509364520590070757e-01 8.191530972622322881e-01 5.629079356911378257e-02 7.655009254591486068e-01 5.882612607741128929e-01 3.329107476198521209e-01 8.388957169653112889e-01
8.515661407380391568e-01 9.430312085386266530e-02 4.539367446500985337e-01 7.270406985850124126e-01 6.061108387626559235e-01 5.232249455849500297e-01 7.091478663529849902e-01
9.399765535519872817e-01 4.238386197854483728e-02 7.191066795470949513e-01 4.897432597678822996e-01 6.137090170277013090e-01 1.068419022874174951e-01 5.677618836133574431e-01
9.279605389914250546e-01 5.421830987147392422e-01 8.665137434486246404e-01 8.721343130516040487e-02 6.778719541521541214e-02 1.533616770824178244e-02 4.951773844942877201e-01
8.723405614832577815e-01 2.019614651829164942e-01 3.522340101976650928e-01 9.334523503491490848e-01 2.350336299189276779e-01 1.337408412058842533e-01 1.618188808319354355e-01
5.233015182714212399e-01 4.707300488679135309e-01 2.257308360579663997e-01 8.718075040502732964e-01 3.117809620839724349e-01 2.537726338096563672e-01 2.303823213898247846e-01
4.871037116346579321e-01 5.039253834785436537e-01 3.142176325128219205e-01 9.024046912207090987e-01 4.384414005022484462e-01 3.428152610942787892e-01 8.959088866316679001e-01
7.342523603042310221e-01 6.290318527863770770e-01 4.160095198110114745e-01 9.950688743004040826e-02 1.740303687326394400e-02 1.154379706928563079e-02 6.854510798104069824e-01
5.884038851313099228e-01 8.360737529712302107e-01 9.803800031268464776e-01 2.242978047484479528e-02 1.924114250413620428e-02 8.967459868879318341e-02 5.053116639429325874e-01
9.364375816527270580e-01 1.893130391225550033e-02 7.288688186779134215e-01 9.783010123411005621e-01 7.862965637403850350e-01 5.929623009562970393e-02 3.261784435777349000e-01
5.507016407851582640e-01 4.271388022018868247e-01 9.494053391977105294e-01 6.655890115087270686e-01 3.462004377036408398e-01 6.419987944031430027e-02 5.889123072652362456e-01
3.217607738627677461e-01 7.698827404786277029e-01 7.531125004956920055e-01 4.839408681515150468e-01 6.003157685149657086e-01 7.074068294381054001e-01 8.890608184560669924e-01
1.589041968237187297e-01 7.455611279476374031e-01 7.687108677498702969e-01 8.470990418704739122e-01 2.592742758665427805e-01 4.932181984372779326e-01 1.986535652021977905e-01
3.983669692467431411e-01 7.714844744447448832e-01 5.734485355356204739e-01 6.379540470443256783e-01 5.212992763285684283e-01 2.654183786346605567e-01 7.000427021374776571e-01
8.826361089120350334e-01 1.591730183362739526e-01 9.377237954693490307e-01 9.874603949929611213e-01 8.812008135204004722e-01 8.297574172793532876e-02 6.559191934595480777e-01
4.066656188032039543e-01 2.768893916529164834e-01 9.079290172646961032e-01 9.845467235683318385e-01 8.278368840464922496e-01 1.694482582660553349e-01 7.730655712252545442e-01
2.272062432731254689e-01 1.766412010083866224e-01 6.663055192737430410e-01 9.807219904285635614e-01 8.125196189011453241e-01 3.612307665511735877e-01 5.485889622979476243e-01
8.593750000000000000e-01 4.375000000000000000e-01 2.138671875000000000e-01 6.835937500000000000e-01 4.794921875000000000e-01 4.296875000000000000e-02 5.722656250000000000e-01
4.600894821374594268e-01 4.718297370444566319e-01 9.133619207257938077e-01 7.224336997818655570e-01 7.109877995866308309e-01 5.424305174806488550e-01 6.381045717692642727e-01
3.811731646484493030e-01 4.963128786661583636e-01 5.782507063938623348e-01 6.367193086045387362e-01 7.421045205582282867e-01 1.065675534210559355e-01 8.628391060220469422e-01
3.916027107865031054e-01 8.010379866350498812e-01 8.745197669105748695e-01 9.175935927726982522e-01 7.183788336314747003e-01 5.380604036771100551e-01 9.936543302210544271e-01
4.793621820293325619e-01 3.005114102725519043e-01 8.285042948519545369e-01 7.496483103787935365e-01 8.488752900116561806e-01 9.603810794264815154e-02 7.693626471446497472e-01
3.099139914671264484e-01 7.655745034616746603e-01 7.226164589953839590e-01 8.806207196222034517e-01 6.633864823961710400e-01 3.090065424004354022e-01 7.589717004864943162e-01
4.286883889835220174e-01 8.149186682521752934e-01 9.538275503564997981e-01 9.292615399984104352e-01 1.395680699990781148e-01 1.777534366595242762e-02 6.549722009852044780e-01
4.379372307398605169e-01 3.370024625001385443e-01 6.579420540936705697e-01 9.039805879491845664e-01 7.211097953228674529e-01 7.827459279055812291e-02 4.094077367787786192e-01
3.519118191044382504e-01 7.965915902303263296e-01 5.760313418706779487e-01 8.981657966491238820e-01 4.914546727352142041e-01 1.410425689180828113e-01 8.596696422223824019e-01
3.093550570285265588e-01 8.349680842540431192e-01 5.207789672097156153e-01 9.620223464384575207e-01 3.282211297663816252e-01 2.236181620408902171e-01 2.055912480123097130e-01
6.135783127547587146e-01 2.108933331988399607e-01 8.589891171251881063e-01 2.325010059686476172e-02 7.431788637330505320e-02 1.251904055122146642e-01 7.208778201394332452e-01
4.922824210095737008e-01 4.804328917079985634e-02 9.907607406494750579e-01 6.074506406451711804e-01 8.264976328074356005e-01 2.297357381232591478e-01 6.550236657683651265e-01
4.646131611693491981e-01 1.634347541483579802e-01 5.267201037858222357e-01 8.835139538064686882e-01 9.436287912165347569e-01 4.799129315052742817e-02 7.343531868353344594e-01
5.460731688448136056e-01 4.741442799187812196e-01 8.644214240406311589e-01 9.619047678259403655e-01 7.974197763397059546e-01 7.246594181761669695e-01 5.714552047782118782e-01
3.933048023041552099e-01 4.905852852384633978e-01 8.101315473280130686e-01 6.950447488256318307e-01 7.771575975224235266e-01 4.618749826926429325e-01 8.133804223302261160e-01
4.737892265655947455e-01 4.495169018152688212e-01 9.154599393026974230e-01 9.615722276053749740e-01 6.502555328694978876e-01 5.877402145527527849e-02 9.145795806535593764e-01
4.789994984678102030e-01 8.105012491167910005e-01 8.419056877709910625e-01 8.434923029347582979e-01 9.672223309898323462e-01 1.078073657831699200e-01 5.277204129352314199e-01
4.499058468257862153e-01 4.598482330541072138e-01 6.653597988566615218e-01 7.915606210618507665e-01 9.897826676728634920e-01 4.234302413432460277e-01 4.358775984764236000e-01
8.849452775257757864e-01 2.547673895644535502e-01 7.960980513617937904e-01 9.105768832129677026e-01 9.250837867609088550e-01 9.384627251819301907e-01 2.705089928768545371e-01
9.703181056485242484e-02 6.187411977534224006e-01 6.867712188092627290e-01 7.608505918324640627e-01 8.764160398032568855e-01 4.496898350081908191e-01 1.149014512838017060e-01
4.298859617932604404e-01 7.786640111026760236e-01 2.592674379644503424e-01 8.478841374081356186e-01 8.457688085227602626e-01 1.328682861957019568e-01 8.650779672776977014e-01
4.506374860143916861e-01 5.130023955306546313e-01 7.209567794581780431e-01 9.272481280225726152e-01 9.949585366345944371e-01 6.137192895516150326e-01 7.286995962371124458e-01
3.349415404235355775e-01 2.758206591457374457e-01 7.871018884912495128e-01 2.546318307240313938e-01 4.948770854027494115e-02 5.308403310388004961e-03 8.016088011983084627e-01
3.354700020128621452e-01 7.695999951496377278e-01 8.418440752940834493e-01 9.981300223695452889e-01 5.855660674910978525e-01 7.158193414721056302e-02 5.201555593625569740e-01
6.101608276367187500e-01 8.113174438476562500e-01 9.354743957519531250e-01 7.237911224365234375e-01 9.659080505371093750e-01 1.555693149566650391e-01 1.466903686523437500e-01
4.190652394058653751e-01 1.799316127182028213e-01 9.854428874066880617e-01 9.028923820102306985e-01 8.550766983934312560e-01 4.859139965849072484e-01 3.325534563715246694e-01
5.436693391326514746e-01 4.938535599647291829e-01 5.417578408295180559e-01 9.781313046341195694e-01 9.665882341983063064e-01 9.195243298190274028e-02 8.544502799781630298e-01
