1.696155599829846095e-01 5.146675930176882741e-01 4.583145804793836708e-01 6.375985639405667982e-01 1.042540595101781875e-02 4.038548646808318709e-01 7.107354222782779063e-01
7.859470075177966697e-01 8.600892994772898481e-01 6.782547219110199865e-01 1.129854996506847176e-01 8.274721354426358699e-01 7.638176508748861782e-02 5.159756373943457097e-01
1.628171844606427499e-01 5.171158757571290288e-01 9.930601489462066445e-01 1.201370149161715695e-01 5.528734732881629421e-01 4.252784293364003654e-01 6.298767688207471682e-01
2.801885220130644338e-01 4.237390808357245353e-01 7.878496108314754220e-01 4.073613431999492107e-01 2.040087559386603022e-01 4.577682871734563008e-01 4.927401428156785723e-01
1.766469321073207421e-01 2.750676489517557277e-01 6.103224993799938325e-02 8.034707402150167432e-01 3.533919864933553479e-01 3.137816480509318939e-01 2.283269685152133910e-01
1.113563030769483264e-01 5.765020327837897529e-01 8.602226801263240796e-01 2.096254055376930436e-01 4.520609137261536459e-01 3.125774735457065301e-01 9.238326638138139035e-02
6.176044764782877561e-01 3.374147107907576881e-02 5.676189494291253856e-01 8.256187427567924786e-01 5.787044683917694776e-01 3.184295007697723889e-01 1.258842937208157764e-01
5.787676126753618089e-01 2.755973850928886693e-01 4.940903982162293540e-01 9.071195753146235052e-01 1.755864854691879806e-02 3.077488101116589991e-01 3.756903815095293808e-01
8.885405350601149888e-02 8.337983524898302523e-01 2.942105291891350394e-01 8.885206014566515709e-02 7.790881564129736869e-02 4.831528843540564555e-01 9.144624193550321412e-02
3.145734262537562276e-01 7.688100410320315437e-01 7.564082507627751806e-01 2.296314480133516411e-01 8.976117809289723137e-01 3.911313813247868643e-01 5.478812512669808399e-01
9.660963245121809706e-01 2.512487441202360117e-02 4.792476646525795081e-01 5.886519932420696266e-01 2.275316831012915708e-01 5.389747174750411096e-01 3.250640202600860729e-01
7.637629289579243030e-01 2.981551570083635916e-01 9.218644999861057565e-01 5.142648293607867682e-01 7.158129882452989312e-01 1.964725450482384117e-01 5.054425185200289716e-01
6.384523539681214999e-01 4.566245261313510717e-01 4.115108267269085296e-01 2.860205819967653884e-02 6.538168682308748147e-01 9.941217348347404226e-01 3.695124246750841612e-01
5.321219834205288546e-01 1.937432856803521508e-01 9.431389631084100555e-01 2.184310225369124892e-01 4.864756962643607130e-01 9.975396608260540532e-01 6.609962055124092295e-01
5.927739110945929868e-01 4.987315355995918242e-01 8.520033745412978199e-01 1.655334920614376371e-01 1.603942848546018318e-01 3.208574576643987708e-01 1.989897523215056196e-02
4.858568341600014717e-01 6.736336315376378892e-01 9.096974000568120999e-01 9.990295219265367122e-01 5.355175728766213838e-01 3.833272464746870778e-01 4.027466028065677106e-01
3.191188084051709284e-01 8.383628052701229683e-01 2.975640159180100719e-01 7.482063139056248646e-01 8.758611603885091412e-02 3.659707760914876484e-02 9.696014450434499166e-01
7.647562630006592421e-01 7.184993636272152262e-02 3.291751024383801072e-01 6.305246144372730344e-01 8.996281758031507980e-01 8.026524621179639274e-01 9.666972163783495997e-01
4.513063575104132585e-01 3.635287079600852955e-01 4.851128911113032904e-01 1.598114049263660297e-01 9.584209112990624835e-01 5.991695891653907591e-01 4.455629886744405521e-02
7.820943292741513453e-01 1.945275408254638627e-01 9.818732478651621687e-01 6.226419533874724133e-01 4.886968900878843058e-01 5.350692665846304985e-01 2.196346791031843493e-01
9.805302955180399405e-01 1.837721328540681265e-01 9.127074869013489522e-01 2.131127663885671319e-01 4.915908584125976422e-01 9.456521174435550403e-01 9.157561256947823747e-01
7.006928747925066370e-01 9.765259698069257421e-01 8.797601665695368167e-01 2.828038875420330056e-01 1.477661227776070341e-01 4.252311365931437104e-01 9.676932098519257508e-01
9.517323577849223781e-02 4.250004393772321976e-01 5.922835261048701172e-01 5.802296279194479878e-01 3.659999666311088973e-01 5.698866803914082180e-01 4.580787054153653282e-01
9.024486553273859402e-01 4.889492222469579152e-01 3.502390301975955023e-02 3.790786106677600520e-01 5.291788736557900830e-02 3.076830924614107898e-01 9.540419910056952002e-01
1.952825575194548913e-01 9.377483906361878674e-01 9.526971928395838729e-01 4.535414242724887801e-01 8.273882639753848967e-01 3.089996042841948176e-01 6.303945445875500653e-01
7.406112476063964056e-01 8.583458824990608527e-01 6.600487246712123390e-01 7.929773931625320182e-01 5.322308050172090965e-01 7.469601965836832891e-01 7.331745011212238428e-01
1.597856585707343458e-01 2.644530796498019143e-01 3.993321833160217160e-01 9.720045665275941493e-01 5.870987247404685361e-01 5.903078050795131926e-01 4.234755218372948660e-01
6.161627977622189389e-01 7.508912160892925458e-01 2.159248350887561507e-01 1.719505445048211678e-01 2.178919022695429142e-01 9.205725476191211065e-01 5.589413625407423369e-01
4.801290527385292384e-01 4.935824222425233554e-01 1.138578798547135174e-01 1.919963244413169789e-01 7.556526746179079712e-01 4.913911569343586416e-01 4.692375492060064657e-01
9.919426144317895488e-01 6.430422051414977913e-01 4.145768866083994197e-01 5.832064488041931449e-01 7.909046966665077560e-01 2.522952149289151569e-01 6.684206479989077687e-01
5.203597529350534323e-02 4.538289494591175588e-01 3.847592762215741313e-01 5.224975272239770208e-01 3.479700793055472419e-01 2.400249759266057659e-01 7.598388431329222703e-01
8.477272086027258791e-01 8.194020467040936673e-01 3.391371138345375957e-01 5.144300146707163623e-01 2.552537035387694164e-01 5.374349122407303669e-01 9.214049659101734013e-01
9.312571352160039506e-01 2.830837563185062411e-01 2.475904136176704240e-01 6.256650531191552123e-01 8.997726576791869046e-01 6.457911662474169479e-02 5.386846991426282871e-01
3.741881535857878305e-01 4.950293063171190555e-01 9.071322886487489523e-01 3.888112511256994197e-01 1.865781556262908758e-01 5.120426260903329085e-01 4.088851852828105926e-01
4.971880518673787996e-01 4.386801249235522393e-01 7.909888491936648558e-01 3.560285879249616148e-01 1.327089090290056728e-01 4.339344772031592523e-01 8.892235717806385997e-01
5.734496037442760041e-01 6.820958834978159135e-01 6.588698895278660705e-01 1.289894744337569676e-01 8.054704368665681624e-01 6.144044917917355075e-01 7.641391336655753985e-01
8.637771562007944270e-01 2.885562446193431496e-01 3.483456035173198018e-01 7.291708394000721849e-02 7.749262444902882407e-02 5.822881540345978824e-01 1.176366850572319045e-03
8.713219916108876362e-01 3.021126599246628519e-01 9.524712532452118685e-01 6.368292507804691471e-01 8.943219417208386757e-01 1.951920074542451422e-01 2.078407062700948771e-02
7.751024936451553771e-01 4.295514240462070532e-01 5.310508735941077418e-03 7.760587912549163914e-01 7.272167902102679715e-01 2.364874434795667391e-01 5.105495749579759268e-01
2.269776588873210210e-01 4.953629119182776375e-01 1.923615925872596000e-01 5.392246219066143542e-01 2.508588226205756833e-01 7.306249599876384337e-01 1.806657738082420028e-01
5.948108201946309403e-01 7.864497520416766640e-01 3.120200706524685064e-01 4.909590823765653811e-01 5.571236950720451775e-01 5.022939783386104473e-01 1.962440908905140891e-01
2.694706174308818536e-01 5.344551681976567048e-01 2.618338242631235158e-02 2.439036318669211001e-01 6.914711742162042984e-01 4.387432027688287217e-02 4.386704487243521244e-01
1.734635178748014095e-01 3.180099563947473840e-01 9.802435798506412556e-01 3.526613505944133919e-01 7.369858976572681852e-01 9.544543024567273548e-01 2.943993171222192284e-01
4.162643305171567221e-01 7.594329056619602003e-01 3.474679871781642948e-01 8.306746971739564778e-02 6.440174814204384646e-01 3.536735424600094824e-01 4.678014641686596420e-01
1.457994180376731563e-03 1.781206396568751904e-01 5.928617662478185002e-01 7.349154167809727189e-01 7.844555486855849802e-01 6.959192504123045131e-01 1.781644032814762024e-01
9.625964615253261858e-01 9.066424737586779026e-01 6.399817927076760782e-01 6.109289356871407950e-01 3.063387292659643935e-01 1.046465522235278112e-01 4.723372572045321238e-01
2.942208524294825933e-01 4.805623787326274154e-01 5.509230369114481718e-02 3.074294272197714006e-01 7.728932358486489962e-01 3.612901658507905456e-02 9.914098426252704321e-02
2.680877423833353257e-01 1.724728558250796517e-01 9.551970785560623955e-01 4.958787635015685646e-01 8.720909036300288353e-01 7.237006409529174178e-01 3.307953447077234266e-01
3.250416231862078842e-01 8.333957715403882416e-01 8.157161217817228138e-01 5.360583307918126428e-01 1.259242695190313510e-01 1.902581608101863164e-01 8.553778808427483504e-01
3.151722739986165811e-01 8.313332301396687551e-01 2.089876767606703156e-01 7.761795538599942645e-01 8.543188313537646295e-01 3.849875631416658228e-01 6.396372216270881372e-01
4.503880742793519021e-01 6.846775660204251768e-01 2.384776275207588503e-01 4.141124013163318685e-01 4.611601710435586643e-02 1.310386447333047322e-01 3.437112666614603462e-01
1.402661883683110622e-01 8.447445862865636812e-01 3.147082041919622153e-01 6.023728260880398810e-01 5.846020294836501430e-01 1.529870585510662018e-02 4.461633012443517732e-01
4.141900753834546478e-01 9.961896498412611267e-01 6.546928955074521328e-01 5.814239124607571974e-01 4.723681409966300482e-01 3.468930723396040916e-01 7.265680151184740199e-01
8.652047576037933396e-01 6.857412165199724408e-01 1.701362780478532510e-02 6.078794569235840273e-01 1.028534007480269574e-01 5.734970818775021462e-01 6.017714333579675667e-01
7.893608662023393618e-01 2.760539639059906847e-01 5.439687287920288439e-01 2.405507207142474346e-01 5.050337628870767981e-01 2.792898081185536396e-01 4.330424599503895911e-01
3.295347352024318166e-01 6.304244805840614196e-01 9.205191527277176711e-01 8.900244043010985262e-02 9.162670125823882961e-01 1.179713729226640195e-01 1.429371462688356909e-01
3.670176908715511166e-01 3.407896214269401369e-01 2.368158297994581440e-01 3.857096992219547493e-01 6.491891717475442025e-01 9.613952782829968680e-01 3.330571469979254351e-01
8.719848476162287421e-01 3.854291095654455157e-01 2.551789015890626455e-02 5.937703060606286387e-01 1.950200369282175661e-01 5.235933874360737539e-01 1.459857664172514724e-02
7.557115899121851221e-01 6.190513193998037345e-02 8.961245715748370477e-01 3.738129636699480951e-01 1.416208009870670859e-01 3.625020982823718985e-01 1.728999828371128311e-01
6.264290612554841431e-01 9.441934598406034329e-01 2.262102943709671798e-01 8.385357227340116681e-01 2.335886857990968624e-01 8.297640874335735495e-01 2.377441294919393489e-01
4.183127599920460904e-01 9.512814232886905863e-01 5.361357605672995019e-01 8.985346593873871912e-01 8.687779478659827248e-01 1.884334293539957628e-01 2.575716702524787349e-01
6.302177953126633092e-01 7.935901494411623514e-02 5.759609819234058348e-01 5.131889162369109858e-01 5.421786698933482862e-01 4.436295741912377188e-01 3.922571111669503896e-02
5.404261157820194894e-01 3.016890921314919760e-01 5.915260855748181168e-01 6.277089777599642595e-01 7.999676608534114219e-01 1.817363867063554461e-01 9.372034724685343043e-01
7.471782229527458297e-01 7.661417136832452401e-01 3.421377374347663869e-01 4.156359220006680122e-01 6.269660009438117187e-01 3.222033356280293859e-01 4.504714414716106674e-01
1.614188484783709576e-01 6.133048835772392238e-02 6.030478392263546317e-01 9.321913935806114271e-01 2.685080892489010163e-01 2.738059276770155037e-02 3.552859351352561923e-01
9.118703325272046190e-01 5.988314632603364274e-02 2.173892707118991741e-01 4.926737949662032268e-01 5.754964262951109966e-01 2.164038288115492925e-01 3.655625134526885311e-02
1.524994630554871167e-01 1.637129263386890576e-01 4.656793704077435425e-01 5.884593517340545032e-01 9.375553210175835428e-02 4.998735224642036901e-01 5.866209184540226440e-01
8.582751503632575218e-01 5.674736910194904116e-01 2.102678103551114397e-01 9.761484000590986421e-01 4.519054922543838115e-01 5.533901649817740687e-01 5.118342041720336244e-02
8.673922268603010410e-01 4.784288533169983593e-01 7.499641644594909895e-01 3.618070488118592110e-01 6.373919424912948273e-01 7.972248491461422226e-01 5.072948716142628989e-01
6.676040938864247209e-01 5.440343476560347558e-01 6.435396347798350014e-02 4.751569169184096664e-01 8.932643619516086320e-01 8.849129989636144167e-01 7.275490352291976714e-01
6.328395142820729680e-01 3.135879923785718226e-01 7.887944948732994455e-02 9.725381569869888665e-01 3.538642490061673085e-01 3.073247371362586300e-01 8.537139092186751821e-02
7.250402835146285696e-01 7.554067056654860668e-01 2.513220902001482848e-01 1.273048530808813528e-01 8.354719289809677818e-01 7.194284554603723736e-01 4.600211336967230391e-01
3.330411261719714577e-01 7.497329877717967550e-01 9.482773807556772461e-01 1.390021624716829551e-01 7.882837391035887320e-01 5.140426675582431271e-01 9.213790758384255986e-01
3.259462860950246288e-01 5.096735058858420375e-01 7.115220821838330600e-01 6.746849611566270166e-01 5.494737943793484014e-01 4.145426256803167453e-01 7.393171198017408630e-01
3.841745723453878769e-01 8.434136962095101220e-01 5.680273941249441849e-01 2.664067841595958441e-01 5.300304290546209440e-02 4.045548791970053903e-01 7.356971748092738794e-01
5.733307632590536329e-01 8.723961165697191600e-02 9.934583636492324565e-01 7.531663408243094437e-01 1.226497208408566797e-01 6.148456663596407745e-01 6.307473060194414005e-01
4.473371227581905973e-01 8.910875491462071363e-01 7.506067290483672272e-01 9.122916423064161284e-01 2.844600226436664325e-01 3.163412488022290248e-01 5.207311760962625158e-01
1.833017658244981973e-01 1.984614097284937984e-01 1.710195742216022996e-01 5.210016328591645651e-01 8.565648867446262749e-02 4.298752184267016219e-01 2.687547983769368876e-01
2.549837263158638567e-02 3.642734517311297937e-01 5.647695071350570251e-01 2.142522845245571350e-01 9.782362637808605932e-02 4.413295932431792190e-01 1.655549419661344057e-01
2.433531502381199862e-01 9.714141630433121843e-01 6.642604158748439680e-01 5.750799900493803740e-01 1.623320642207071174e-02 2.765928414270093505e-01 4.857886647145440717e-01
6.269414015021190778e-02 6.263367232590871803e-01 6.661072639588224709e-01 8.676294352273397070e-01 6.856674030546736631e-01 9.641358258694153749e-01 5.411689143034006388e-01
6.893552816753364398e-01 5.478245407466527661e-01 1.879054536668574027e-01 2.537888147546393247e-01 9.858750187915221730e-01 9.238163802211305509e-01 9.627874588601210704e-01
3.838576441740153555e-01 3.665298870444347878e-01 3.802888445621341873e-01 6.838778330868102717e-01 9.359374248946217278e-02 1.081099561881734283e-01 7.097458425208214017e-01
3.028510194420745427e-01 3.479147313575945422e-01 7.411360479911850430e-01 2.466498140494394198e-02 9.238500349862297512e-01 2.419114189317057573e-01 4.121194817197093574e-01
5.788970408224886066e-01 3.334323594684223124e-01 8.839990504218558920e-01 4.145134453950782838e-01 2.824914982866669755e-01 5.331398223313548179e-01 7.175725878910110822e-01
4.968449686972878920e-01 9.223496474111172461e-01 3.339178168487390019e-01 2.760846734522411916e-01 1.835364766852172203e-01 7.169167251028494281e-01 1.531188711131286073e-01
8.839575636609388054e-01 2.022117958068391230e-01 2.970726831964370929e-01 4.967696810545282338e-01 1.894277969228649328e-01 3.271858678295638256e-01 5.080647537860631946e-01
2.273529700291235800e-01 5.500791652387486685e-01 9.994324367680029741e-02 4.408877334294251105e-01 9.722297644299837671e-02 4.017170030198464747e-01 4.546718805031367827e-01
5.099127569903143531e-01 6.861169128213290280e-01 3.375829997849073560e-01 2.501911373482190726e-01 8.059167416389960703e-01 5.340076147717810473e-01 4.302062282799105075e-01
9.201849947984763745e-01 1.996147499164336869e-01 3.404837839329877269e-03 3.575164883412285111e-01 4.319680963661914896e-01 4.535881106461908674e-01 1.969303608690161633e-01
5.975397103480781791e-01 9.680061520845012479e-01 8.056302089689220125e-01 3.773356797113093242e-01 2.656261637797705522e-01 8.607001074958624542e-01 4.445311872308363998e-01
3.349081435610674617e-01 4.042219576043896145e-01 2.560570697996400469e-01 2.920353480130960522e-01 4.436613157334609037e-01 9.473501187814954427e-01 6.187241541073785767e-01
8.187871115194411686e-01 9.451059466766872363e-01 8.878441120736374481e-01 7.261055644800675779e-01 6.127385749472558096e-02 3.248028840158243558e-01 1.376024420672916637e-01
5.594789421244339422e-01 4.176538952079169587e-01 5.717238056467187635e-01 4.371121803954649554e-01 3.400976734530002377e-01 1.342418961040643399e-01 6.592053722441302277e-01
6.675252281874599625e-02 2.950593649635705473e-01 2.595832679454395109e-01 7.535201360434474749e-01 7.777134166124638481e-01 3.675543008599528871e-01 9.255143344839944497e-02
1.908027997028673983e-01 6.740659894647070827e-01 5.153826185185812481e-01 4.781961075299446806e-01 2.390717053669066949e-01 2.102489775402058836e-01 3.263761778190220619e-01
8.761942991009072923e-01 5.892295031543061112e-01 1.255365862530862797e-01 2.058570005593561847e-01 6.935921058764710212e-01 7.209115239463034230e-01 8.794649064817446904e-01
5.317897064926025985e-01 4.227570449043308587e-01 4.247704058478890543e-01 2.642462945189575363e-01 9.745641089778396271e-01 6.272897936249788309e-01 8.715237401007888129e-01
7.412421346451764093e-01 4.606383842474283119e-01 7.765787174312914765e-01 4.326577419965532689e-01 8.146969825405127041e-01 6.185465570951229619e-01 5.716860131087135866e-01
2.521219079308385513e-01 5.550607755952658984e-01 4.018492944847875670e-01 5.264396859821677266e-01 3.782950474523332218e-01 3.649727017986107436e-01 5.322811088225517517e-01
