6.798140562833381306e-01 2.855369802967887560e-01 9.978745311916017435e-01 9.990375675212543882e-01 9.575761503882040948e-01 2.741220091972524503e-02 9.955185118472652528e-01
5.391066258284356039e-01 3.333341861805456108e-01 8.377632080903120171e-01 6.901920914672444729e-01 3.526225034748041720e-01 3.506765881704516225e-02 8.930667997665197033e-01
1.932221683275077151e-01 9.037187349311431861e-01 7.807433042655740341e-01 3.167762662988970468e-01 4.626123607204933319e-01 5.095302911041009741e-01 6.755738310197066943e-01
1.956638889402801673e-01 7.852646921899554266e-01 8.079132471864367560e-01 3.758876682271259373e-01 3.685628706471531096e-02 6.587032960574848994e-01 9.863804769583696119e-01
3.678458226783873353e-01 4.618402797353722833e-01 9.783361652882753834e-01 2.772939394733579029e-03 7.080799173543489422e-01 1.311179492313115924e-01 9.273072556397282673e-01
9.074517464232937369e-01 3.185800559148653788e-01 9.851799708100493769e-01 8.368071903988755222e-01 5.299657678510395487e-01 1.163969593912604628e-02 9.367886341472156930e-01
8.702108314584450222e-01 4.889858870920326672e-01 9.667311033971824896e-01 9.501783667213533624e-01 4.559948584610686306e-01 3.897033371844198495e-03 8.439294646761553720e-01
7.739161492211549254e-01 7.171438959207470099e-01 8.234760168649823964e-01 7.533751594796659345e-01 2.408255755012132446e-02 2.470766075273989060e-02 8.881032705864965182e-01
6.730701700299741574e-01 7.170932655531986333e-01 8.963835946417951783e-01 9.375837289345160253e-01 1.073350075997659692e-01 1.102429530506635197e-01 8.901287287532732018e-01
4.494872273937203233e-01 3.919100437681250493e-01 9.829023531077023534e-01 3.494763308392759976e-02 1.707885981558258659e-01 3.258380777458970146e-01 3.638734927582883416e-01
2.546614094267952814e-03 9.258139891073274841e-01 2.981354120426198961e-01 1.775602277686190271e-03 9.890087102076408621e-02 7.562532384769195259e-02 8.167085308124125698e-01
3.685911621691174145e-01 4.388419175230568459e-01 8.419977380409883194e-01 6.790515691208741655e-01 6.628491781720320386e-01 5.826849474738662882e-02 8.443995857335586663e-01
4.442907204490691431e-01 3.869864194730021079e-01 9.883853768668863227e-01 3.420055660599426450e-01 3.516188846513294830e-02 8.750828126181932343e-02 6.205324874639218669e-01
1.354396676211404027e-01 6.590205554226093998e-01 3.173107915947365187e-01 8.514619808388147471e-01 6.138886883261193139e-01 9.846767735002291966e-01 5.923499528865902031e-01
2.413155773901794476e-01 3.470636830832039554e-01 6.637539700532507636e-01 7.995798085482562489e-02 1.199906836122425907e-01 1.350497281846153030e-01 9.739404456060836157e-01
7.809017168741183568e-01 8.982996176132703736e-01 7.024092367674120707e-01 1.252914018323312562e-01 3.127458352087486571e-02 2.521904480132012086e-02 9.547531249121041785e-01
1.526252725433145940e-01 3.972786931585767789e-01 6.421067587728245263e-01 7.828311486042888179e-02 7.137541728962658316e-03 8.474633358366359115e-01 7.594645083877062941e-01
2.561796976208884913e-01 3.259241002169442902e-01 6.821680519137118814e-01 5.322235908166020324e-02 7.840316473426769961e-02 4.877687498705107760e-01 8.283561812155316728e-01
6.563629614724858508e-01 5.159593300919599335e-01 2.079539101027140235e-01 6.362125707869080715e-01 9.702720742139366861e-01 8.691660289239189208e-01 4.905373753832944494e-01
6.028826712022934686e-02 3.009574784946227877e-01 9.989540813066143388e-01 1.757209975820156153e-04 3.731463419309132955e-03 1.177120936132162038e-01 8.771361661921363018e-01
5.984638789322861419e-01 5.838183431767790532e-01 4.715165097665027782e-01 7.429100273270983212e-01 9.587200188802004197e-01 1.604411757566978070e-01 7.111040875290995933e-01
6.714926922857779035e-01 9.041175528323097677e-01 8.363816635298364499e-01 3.000547518170468275e-01 1.360416199596975739e-01 2.262452610736925551e-01 9.183146817857907873e-01
9.744462965447246994e-01 9.740506532662380756e-01 8.419054361886019189e-01 1.209665632098187449e-01 1.014638281219276336e-02 2.421575555854585671e-01 8.420920991576036352e-01
9.959303411999419486e-01 3.319927749984485921e-01 3.762309212948312109e-01 1.078501839876349613e-03 7.692631497843338551e-02 8.854954636070972995e-01 7.739733687666752182e-01
2.460855771949552739e-01 8.543381541957050240e-01 8.610632590632272265e-01 8.930507504235425664e-02 7.659649187001668635e-02 4.261075444647830640e-02 8.234520046411160088e-01
9.955071790151858169e-01 1.991573382983726215e-01 8.823036995937647564e-01 2.179618247387902705e-02 1.431066043703556057e-01 4.300961462704978866e-02 9.129490027822178000e-01
5.345363176117320370e-01 2.894567979769178123e-01 6.660774989427291626e-01 3.651008037607386680e-08 2.328958001438380995e-03 9.017304805232150000e-02 9.287493764830417886e-01
8.431023510739297233e-01 7.135849659730317818e-01 7.028069403610005539e-01 9.384917431566800472e-01 4.099269553585178222e-02 7.229696286221728996e-02 6.801978408496064388e-01
9.947980261301342386e-01 2.840351103908752006e-01 6.026190691110943076e-01 9.374058843702223753e-02 2.215172700934163420e-04 1.055930968774003026e-01 8.393819084950229215e-01
7.482874094114889685e-01 6.304419220913043409e-01 4.220591292309069376e-01 2.464668020095996948e-01 2.296401395864184902e-01 2.627434714728259513e-01 6.016469960144014140e-01
9.766629671048307482e-02 4.134044460597249837e-01 7.638834151509564796e-01 1.497195765228708734e-04 3.075373894800927099e-03 4.483985992598057968e-02 7.378289890966264197e-01
8.793475944981050674e-01 2.914642745898795573e-01 3.997716230420873540e-01 7.926011090043562080e-01 4.015681262998438417e-01 1.923702267482003680e-01 9.534253434821411410e-01
7.373117245953533239e-01 8.782996986446280907e-01 7.623185860162260408e-01 4.184372927157933159e-02 1.872098730631281682e-02 1.563873966101258506e-01 9.519998566724732214e-01
5.401370309975623840e-01 8.891464237923112357e-01 1.298605816105401212e-01 5.145581748001338829e-01 3.680207745782476669e-01 8.228090208504489356e-01 9.936775258404044742e-01
8.972496137765817448e-01 1.733565175492716992e-02 8.999083084926333687e-01 9.357814050724958411e-04 1.461170610439641721e-02 5.932575079216894373e-04 9.283707767992107618e-01
5.106859861143240309e-01 2.745478741907259046e-01 6.178362083396125026e-01 1.101065206895645784e-02 1.038992353443745926e-03 3.443573382618151518e-02 9.573212032730454846e-01
7.181313003045391996e-01 8.177940315147328443e-01 9.974391446971753172e-01 1.663913475543258094e-02 8.162408287891571856e-02 2.671873948007682728e-02 9.077615104131029344e-01
5.503511668163513920e-02 3.338085416700059538e-01 9.169362868163482005e-01 9.746705365294250183e-05 2.737475323613427353e-03 2.119159381263611697e-01 4.122153741468477794e-01
8.236656228726900453e-02 3.036195995291497973e-01 9.791271904724702102e-01 3.563946696445678165e-03 2.007742789049212113e-03 5.921044018291820449e-02 8.661499890215615949e-01
8.120260214703276525e-01 1.726279919910032601e-01 9.898223809449605559e-01 6.630950863594485545e-02 3.456893868879804856e-03 3.673116162774740442e-03 9.909031961994377857e-01
7.186840159054224131e-01 2.432865438268632385e-01 7.680460549587876384e-01 7.928387790233776267e-02 7.486867750184345548e-04 2.863077783330851252e-04 9.614884689972783560e-01
2.171387895973612148e-01 8.804201696042991410e-01 8.818837719183459933e-01 3.523991432009970781e-02 4.682178192404670009e-02 1.019151445773999881e-01 8.960714754378870106e-01
2.019130828344299355e-01 4.029558454520216215e-01 7.897949107794649537e-01 7.563722843472765744e-04 1.987771823569852228e-05 9.459067877475339781e-02 9.049598891193478822e-01
8.638500138689947372e-02 6.496297274777265707e-02 5.191821804798032458e-01 2.103345676230012895e-01 2.979652448323349412e-01 3.797980099439932089e-01 7.962646396527977011e-01
8.369036860236360731e-01 6.058168633194952468e-01 4.258445484942658954e-01 2.635270611835615617e-01 4.633757686477855270e-02 8.519000026500068989e-02 8.035750631139058076e-01
6.769698945177157756e-02 6.792317730129782127e-02 6.715758586906963590e-01 4.410505051994997178e-02 7.994201845667697759e-01 2.157786505589164017e-01 9.584234313527154603e-01
1.390093841073582748e-01 1.318971901659072576e-01 4.268823617006380911e-01 7.092169711164371393e-02 9.856260714340352447e-01 3.573402968576770006e-02 8.548138809379765002e-01
5.131001545934765762e-02 8.123107473136557122e-01 8.218016345567998870e-01 3.493788125664364780e-02 1.635361619020910331e-02 1.449845720408726030e-02 6.895589978143008558e-01
3.580158458233031471e-01 9.393024974854493614e-01 2.694935343884191092e-01 6.596188408480219145e-01 3.472328570452425933e-01 8.655899056476150655e-01 2.624295659026203986e-01
3.740514788777364874e-01 4.047756980877473820e-01 2.162879641014564258e-01 3.125401281203992257e-03 1.742291416755528937e-03 3.737180830674183968e-02 9.199792918548828080e-01
6.132537249801319756e-01 2.437804382762325667e-02 2.551106188180864986e-01 6.144444110575640883e-01 8.432255499507672614e-01 7.646107747943488020e-01 3.320271509515862474e-01
5.266753676722719657e-01 2.061793430355743362e-03 2.603995005362923498e-01 9.060371308426461434e-01 3.968981848730113171e-01 2.780503658488868175e-03 7.747001641499094982e-01
6.326958314599312461e-01 7.325708172241152116e-01 7.416418243376579067e-01 4.803169896865019245e-02 1.594779236902655328e-01 6.478547869739749443e-02 3.485990646926589442e-01
6.016486425104337066e-01 7.971645973754084569e-01 9.216661989494665530e-01 1.498635194974813345e-01 3.860631252355817885e-03 2.496168935147974246e-03 3.656233826416970811e-01
9.682648712863098917e-01 2.752657081538275041e-01 8.035781727762039139e-01 4.383510835297146913e-01 7.771639148862997774e-03 5.513119669288486097e-03 6.267774936302860089e-01
2.387645816600068027e-01 2.091293176152320687e-01 1.614149429851180206e-01 6.246465411917618837e-01 3.777089402084256586e-01 3.409770302340717762e-01 6.920016601758385288e-01
8.533478097278897057e-01 3.810272232133221082e-01 2.292749262587006065e-01 4.864388467559356277e-01 6.721532138097181530e-01 2.797626217108890589e-01 8.644439466743892853e-01
1.465712910194379992e-01 5.749887510280018987e-02 5.379178099701972249e-01 9.362638022080808087e-01 5.272274721058214375e-01 4.520224439639322078e-01 9.857037231180603154e-01
9.196160371341329798e-01 8.237258059006467015e-01 6.318364100231023128e-01 4.759342487666905902e-02 6.428083170033890847e-02 6.372365370419599828e-02 6.896886083690848546e-01
7.479790300064179664e-01 9.171655235279296825e-01 7.322089865249382656e-01 1.816964958559049714e-01 2.471360756307621268e-02 2.103480981801675136e-04 5.729991708885274759e-01
5.786149981766727235e-01 5.941480010426041236e-01 7.050935221876470926e-01 1.129216483593343482e-03 4.673521032920069374e-02 2.800003613586513757e-02 5.904361958475983219e-01
7.792029174623330556e-01 6.849562453509449624e-03 4.529109280286897632e-01 4.975941113883506489e-02 1.741366294357764993e-02 1.978615763096994509e-02 7.219074313533857534e-01
9.315557104358856977e-01 3.213654891154851256e-01 6.695002234871440250e-02 7.614207498956426790e-01 7.707483490897257816e-01 5.125813208090682638e-01 5.422394563675418944e-01
4.409270725848334349e-01 5.041925429277065440e-01 2.806072250256597123e-01 9.494491462240690627e-01 9.300144873230530018e-02 7.442217617283359843e-01 9.378865772624168651e-01
4.544642586015394392e-01 8.941920575877192467e-01 1.538813671877753073e-03 1.096968848422206766e-01 6.514353500714584744e-01 7.320472456318207755e-01 5.048611377241800646e-01
7.824534277736766574e-01 8.531997335262943294e-02 3.278288563520904697e-01 2.682727305669718176e-01 6.709394038061994303e-01 5.538187579037150421e-01 8.480842292394796811e-01
3.421327891619563855e-01 1.145917712316698233e-03 3.554010446868534068e-01 3.386121869776709814e-01 9.889611711867951627e-01 2.929093923611247180e-02 8.149080291533834508e-01
2.714526856697623836e-01 6.074383020172439973e-02 1.385384913076617985e-01 3.850693561304352475e-01 2.468545149135054767e-02 6.156864912730509731e-01 5.106926166206905426e-01
1.597579464097496349e-01 5.813236454787498175e-01 9.137274599231812733e-01 2.806753711288726208e-03 1.485170677973182436e-03 3.122975813162005669e-03 7.403744432916746776e-01
1.974485865940431850e-01 6.132317122885099225e-01 9.325631353487423558e-01 1.020773791767743809e-03 1.844344840458163066e-03 1.354301976129651357e-02 9.766657236777350759e-01
4.901175187685475887e-01 8.870674642857560854e-03 2.258876598905767419e-01 8.589096690207059792e-01 7.384943140973245779e-01 3.136351022006825251e-01 9.927452606545864588e-01
7.384174514369625797e-01 7.226743402550021012e-01 1.280785296000461204e-01 7.562961250283527503e-01 4.106221535513980836e-01 3.296359336766817583e-01 5.410951262682309748e-01
7.885793483763122724e-01 8.947529348664436943e-01 9.615913058258086510e-01 2.033807865869503156e-02 1.380049034446746876e-02 1.371931582927854443e-02 7.903136982452638737e-01
1.243521909148128379e-01 3.097466634690557719e-01 2.023866245621287474e-01 1.691835216750691220e-03 7.968464092093322515e-01 4.990466809305763585e-01 4.005467577980333926e-01
2.409455476528272744e-01 4.915089626106675796e-02 3.695613153596142286e-01 4.697286576973440098e-01 7.727293991108352689e-01 2.560880105541645801e-01 3.133693984055420656e-01
1.973706894821402602e-01 3.631973933479862304e-01 1.390339756297719331e-01 9.159042976166898997e-01 5.256645960981838339e-01 9.386969954025771168e-01 9.848097396270286685e-01
9.009168486880726467e-01 1.215019626164289546e-01 4.998542502211446026e-01 1.544649071110814620e-01 8.337946138231305815e-01 3.576297299085107184e-01 9.079121648914310061e-01
8.802428214629772762e-01 1.507993605764095524e-01 4.518741767612509119e-01 9.458369418077160473e-01 4.083098162391551322e-01 2.413616328202525252e-01 8.736521069259308714e-01
5.522364957992405010e-01 5.464068772104508920e-01 4.590482565249861535e-01 8.572142653919088140e-01 1.340179358245491004e-01 8.074674753258268001e-02 7.533275633156926165e-01
6.536212115753194940e-01 5.749910246281254578e-01 1.817813247938702970e-01 2.253336747920977115e-02 6.263824235308287358e-01 4.730353800097746308e-01 2.573952837601858334e-01
1.364826159861046717e-01 4.211304611082845595e-01 1.301881011454348591e-01 7.805133724508205306e-01 9.587504486398518155e-01 6.458958125356342173e-01 5.273360685232049150e-01
8.589640402891666193e-01 3.674877883022505953e-01 6.558206560576932409e-01 1.179172389378711945e-02 2.312006893996020329e-01 1.794651170614875238e-02 5.967975956156813533e-01
4.731362277880440947e-01 8.059652421494639674e-01 7.831865031577293079e-01 1.424212573404608773e-01 1.618898784859615012e-02 1.226824486765129910e-02 1.045890447752529234e-01
7.986178211502860114e-01 3.107989511382179826e-01 2.074202194781791797e-01 6.451797166036818965e-01 3.921914179218385921e-01 6.214278472928348451e-01 3.385793216983221665e-01
1.701605365346612608e-01 4.719845336166490490e-01 1.584079518421009081e-01 5.261745071372112559e-01 5.532262037205158967e-01 2.306304483173211572e-01 5.113232579980158121e-01
1.925444200359828495e-01 3.344448825064488817e-01 2.528658548771452463e-01 6.097212731685733855e-01 8.490269344324856693e-01 5.752004865309651160e-01 7.742646586111715523e-01
3.210268683775306386e-01 8.123848159474974517e-01 2.313538510213067889e-01 7.258184723992979759e-01 4.426355632175770216e-01 7.484622854529874303e-01 3.645860915744703057e-01
2.707896009158714534e-01 9.535013784264497264e-03 4.255316233488952160e-01 7.906235103696593880e-01 3.417840485117449312e-01 2.208559367953241148e-01 5.093308434085801473e-01
6.209187349455248528e-01 3.664011849825944411e-01 3.848091899986139652e-01 3.867937450651763587e-02 3.660966458685869368e-02 1.142911013021291090e-02 3.092828083120988114e-01
7.486645424017088213e-02 6.426033528551278184e-01 1.559974709055881315e-01 3.175634910238182840e-02 4.676913336906119434e-01 2.825248361942324024e-03 2.199453080224477441e-01
8.108294916453736567e-01 2.685457182488830696e-01 2.551038129129323817e-01 5.697222192594285639e-01 9.970651740282696629e-01 7.280795008902277710e-01 7.536143706003202158e-01
4.958658191183044628e-01 2.570863478841275973e-01 2.950986089441035576e-01 2.682689143272236620e-01 5.778951080437899623e-02 2.175755553372272014e-02 8.608672487026891584e-01
9.645195022116473393e-02 8.779128307553912824e-01 3.370906418958324879e-01 3.900594417155225230e-02 3.300033801736376726e-02 6.330440783563640039e-02 6.610000709959243936e-01
9.339470543696222204e-01 5.813457213020323255e-01 8.961266977991457772e-01 1.925658369652951118e-01 2.371359715679685620e-03 3.096857693484432374e-03 6.064715396585936003e-02
7.215714669473096698e-01 6.006908521544221946e-01 1.368314117177347466e-01 8.768728098744159594e-01 7.146634530352193870e-01 6.104664947623709148e-01 4.183478494947925341e-01
4.021493588465162305e-02 6.094676399064317268e-02 5.879451112976671334e-01 2.105144266949399157e-01 5.468317507309129050e-02 6.953044274195667451e-02 4.862310748665328308e-01
1.001008385984142601e-01 2.754915084706924255e-01 3.149623221536460016e-01 7.202081796718823661e-04 6.743287125981262120e-02 7.130745721465153730e-02 8.060256893170607562e-01
3.876542591777825120e-01 3.028669040629245954e-03 1.697560147780285134e-01 1.082794334157171079e-01 3.598091622386753174e-01 1.192637514585367375e-01 7.829614981413355324e-01
8.343731203299155352e-02 3.074287326558765021e-01 9.055201788028711951e-02 5.695481985911855505e-01 4.804887669191491018e-01 8.224772534091173704e-01 3.871799203487807928e-01
5.453126623420149199e-01 4.470984146752070565e-01 2.602378844055699969e-01 7.479593880894315205e-01 2.058293430627954890e-01 3.926836661958041375e-02 6.359910220017469529e-01
1.271056839742083500e-01 4.475630932915281579e-01 9.892844715683234147e-02 7.424531190856357155e-01 6.278645359517254221e-01 3.474151337158379316e-01 8.232047719268195118e-01
6.994147019058211123e-01 1.854343363458359900e-02 2.572879222065428961e-01 2.351343825676446841e-02 1.089681796185081458e-01 7.469050859738431969e-01 4.476378080908857693e-01
4.386577095959914296e-01 1.660348215210038503e-01 1.289985785958293052e-01 8.941264955285351812e-01 3.216905689870906970e-01 8.308820548862333455e-01 3.275022985673096687e-01
2.093324353348389177e-01 8.496455233866150036e-02 3.589346467928167250e-01 9.266113570765025509e-01 4.002380160188365177e-01 1.179464388611830943e-02 6.449083303998848216e-01
7.147141530830491973e-01 5.400144001119643322e-01 1.996421719820443974e-01 9.492102670046560497e-01 5.866663041002213586e-01 2.338671573447757002e-01 1.549061198104544068e-01
5.468031561512379790e-01 3.458974704301282510e-01 2.536383379911078539e-01 2.467106542070486019e-01 6.066258607307352113e-01 1.743644927695341129e-01 1.852999117817899152e-02
4.392916096474558940e-01 1.804080336944786922e-01 1.438560844577740916e-01 5.850424126223281451e-01 7.895777772137865247e-01 5.119689079204069460e-01 9.439719509558521793e-01
9.194846064885409120e-01 2.355360190988186886e-01 5.331761684518580013e-01 4.952913697927255887e-01 2.286353867174049370e-01 4.667759690004219184e-03 3.566368542468390523e-01
3.364614685895921387e-01 8.114785651227077734e-01 2.426171688496606693e-01 6.161928398884661817e-01 9.506887160229126055e-01 4.976298619999902084e-01 8.560262419705690906e-01
8.103095737879303373e-01 2.550716535105090332e-01 1.644357429496836054e-01 3.961984810233371568e-01 9.938999772239380803e-01 7.565742227024924160e-01 9.000256255369223357e-01
9.130165745891455353e-01 9.978714398637743566e-01 5.493375537325575486e-01 4.149346373531003634e-02 3.063142092937261654e-03 2.967873451932794698e-02 7.679913316085711372e-01
2.091271079452306225e-01 1.020904591715624254e-01 3.329100646808790254e-01 6.475335486634422599e-01 9.773777915632050339e-01 8.831732917193291232e-01 2.091028295778765145e-01
3.005200975246864470e-01 7.585408165478717546e-01 8.246984827645846561e-02 7.531653802061800684e-01 8.648593717132162517e-01 6.924221947267940047e-01 1.828136327191200727e-01
7.965870292392118746e-01 7.583078982591520134e-01 8.317736601054008805e-01 3.392398680212160844e-02 2.756641391734386028e-03 6.908343160826314021e-03 5.749209710616457469e-01
4.457434245646191839e-01 7.890011418575826330e-01 6.035968741123134279e-02 7.201243106429012775e-01 5.319590114855755614e-01 9.328082925746380427e-01 5.023796969273132129e-01
4.026125770806502358e-01 8.153933379675046833e-01 1.895996224929859808e-01 9.580378980830746016e-01 8.136920461214365297e-01 8.936641072119950735e-01 4.700721276882487421e-01
2.784103376550368658e-01 1.288860187649043185e-02 5.551350508635777975e-02 5.793302488628994384e-02 2.657160802972958202e-01 5.748571227799041949e-01 7.101743756117046003e-01
4.382592736014624957e-01 8.230172905083614765e-01 1.568811557819318747e-01 7.490421289816363570e-01 9.638264505179044983e-01 5.824257317890796370e-01 8.984562316956749006e-01
3.552375540736179005e-01 8.083313186613512169e-01 2.047923705806725669e-01 9.887160312721459121e-01 6.183604858689948358e-01 7.372124936748429835e-01 4.757469563052620365e-01
9.775791020079241389e-02 6.123742384823357421e-01 1.067720569924267698e-01 2.986019837105107766e-01 3.501321455549300521e-01 7.842011582971590566e-02 6.646847502806666474e-01
3.090735834233828694e-01 7.784712255163849237e-01 1.367566391755366817e-01 8.480378595860765811e-01 9.925753900133712504e-01 5.840221262657542267e-01 6.569417854085318753e-01
6.250948656073890275e-02 9.615657367472898454e-01 7.432286184734039347e-01 1.400877589865189010e-01 5.742171111920962856e-03 3.239760285019209485e-02 8.280982543841004517e-01
3.494569476323073354e-01 5.356072038118484535e-01 8.765435202032920148e-02 5.768272346137931494e-01 9.096884173922519246e-01 1.496932830090812183e-01 7.211836361740235901e-01
4.794409760972082601e-01 2.672472239956071860e-01 2.607660738736748973e-01 5.628023736743201777e-01 9.278215923755837036e-01 4.674355027355690112e-02 5.018056366616059361e-01
9.244290207565465378e-01 8.383388127546669011e-02 5.878711274541921217e-01 5.002934803167098377e-01 6.686372869385497353e-01 2.696521066050969750e-01 8.456031414111343514e-01
9.391790135072967116e-01 4.661337698643909788e-01 3.032423272961664099e-02 7.955374315670165064e-01 5.613359849219017317e-01 1.645512002597107337e-01 9.588066391923439902e-01
9.455519587354292987e-01 2.326701451412361565e-01 1.455392062355143623e-01 1.462131956336396310e-01 5.931601686547488539e-01 7.106342583249394829e-03 6.894597008564065099e-01
1.136614195247118292e-01 5.386455676931368730e-01 9.104702639025319399e-02 8.124235853471891700e-01 5.010294108269464086e-01 6.263950240244775536e-01 9.201470995591424229e-01
1.332169546909158786e-01 6.048644239880314466e-02 4.721656135702076429e-01 2.556419604073041467e-03 1.680941762854200328e-01 3.879416013076034814e-02 5.273295193247857782e-01
1.442108895146081149e-01 9.854858465218955255e-01 7.279312230912230453e-01 1.927342021337037983e-02 2.275717773578488090e-02 4.304416616615676372e-02 9.982188477114269931e-01
9.266684771868480275e-02 5.768157781264637851e-01 1.572057311881608910e-01 9.519488511929254937e-01 3.709673177966197333e-01 4.662548689572999505e-01 6.181225311179067150e-01
7.194676674993951693e-01 8.442379903051702161e-01 1.348456876786514047e-01 6.944419214689024900e-01 4.919323509006995158e-03 5.839684698262123108e-01 1.592147555257401870e-01
7.147536101369534878e-01 8.198170227707590740e-01 8.344826545462138978e-02 7.690775102693663268e-01 8.746885547837738306e-01 4.498317542349336562e-01 3.316147012529094273e-01
7.086020847717870996e-01 2.484621509616617360e-03 3.290278366126240805e-01 6.130688094099881469e-02 5.490391491612920533e-02 4.387392585493266051e-01 3.292885035066704380e-01
5.498629065297147567e-02 3.114603509077357169e-01 2.845053652966173657e-02 5.612190488343266059e-01 3.340160382306686104e-01 5.809980152990242841e-01 3.553527212145977665e-01
7.957968694211270400e-01 9.057494965271496550e-04 4.905993149792946539e-01 7.878934534608170864e-05 9.092103891319941456e-02 2.774695816647019045e-02 9.341493640902661655e-01
5.989873556488825579e-02 4.026219898462076591e-02 6.104597199132516527e-01 2.147151097675467912e-01 2.419987541695563793e-01 6.230555138216414823e-01 8.764150052606370922e-01
5.172005206160368296e-01 2.685310626491766439e-01 2.268485872646974766e-01 2.714721206654834296e-01 3.918635322359058891e-03 1.892901458950078247e-02 7.744485195330043092e-01
1.957440828529450894e-01 2.755243489812951307e-01 2.494146586216132999e-01 3.372418349945483507e-01 4.656813557074133691e-01 1.201493684702762410e-01 5.005406798953336844e-01
2.986227840274755518e-01 8.603799940546643654e-01 7.061247565566290685e-02 9.180600229825341962e-01 2.987737287982409895e-01 5.875067793060322341e-01 8.002575815364636469e-01
1.650186521099114290e-01 7.661274839520816338e-01 1.179091149160636232e-01 1.931188425891805227e-01 2.980574071629210064e-01 2.270575202657992564e-01 5.551089463459237816e-01
8.725751951410958274e-01 4.240660501134122518e-01 1.544011840829175863e-01 9.023869885761194309e-01 4.001770869432699773e-01 6.187037411496368322e-02 3.039651566170381569e-01
2.148741216017793776e-01 3.301992042034928021e-01 8.720735652028676066e-01 6.109947651085179121e-01 2.186543037352151053e-01 7.671984823667579202e-03 7.264163146730598930e-01
5.197541492775452632e-01 4.725372802268973937e-01 2.024756147924769711e-01 9.541103982116003746e-01 2.090639796968038477e-01 1.215695198930548393e-02 8.187192996178362936e-01
1.034027587396370435e-01 8.949647939685350176e-03 5.179479072214169255e-01 5.400105990342833617e-02 1.513248357601648109e-01 2.450284067474171271e-03 3.731081551656353357e-01
1.142636702098669271e-01 1.333782046524547571e-01 2.001839940068888823e-01 4.275744095742571860e-01 4.311678867653716551e-01 7.634061929180351314e-01 4.616319704618425113e-01
9.146736527063729083e-01 2.160792334298917150e-01 2.786861431576163617e-01 4.432047564643434856e-01 6.063251281840478235e-01 2.581419855427028939e-02 2.209714627583369562e-01
4.572291611384323162e-01 1.812842316458415648e-01 1.631087295293750239e-01 9.965738247021957985e-01 8.200121279478482794e-01 7.094947248674494666e-01 8.929039297301373246e-01
7.932193485602970773e-01 3.250450653196276796e-01 2.261066483698882523e-01 7.086889421398041566e-01 7.464306297553962022e-01 1.491462526618515250e-01 8.531411773023046541e-01
1.870855442582827211e-01 1.440391373249895468e-01 3.436956784042546897e-01 6.318220648501093883e-01 7.985010801817215009e-01 5.033375885123262394e-01 3.697049946690234568e-01
5.672863149041312836e-01 8.157857634857089701e-01 1.084161864620541149e-01 4.599273818300920746e-01 3.491568875001270222e-01 2.075446102706153262e-01 5.917661990437693698e-01
7.274579173169190005e-01 3.220588352015653633e-01 3.772217129252406487e-01 1.072385297295418843e-01 2.289473922453325733e-02 1.011416517449183344e-01 9.207319348295984751e-01
9.491985348494982877e-02 2.370384776451399389e-01 8.873880295798310114e-02 8.316812654831983176e-01 7.930854134048138659e-01 6.546559037956539706e-01 4.531847743302717668e-01
2.465039924832660989e-01 9.165626844072267687e-01 1.297435954173299655e-01 5.659365263954985181e-01 4.862425875293042155e-01 8.656760866060706494e-01 6.544221973421470405e-03
9.262216164668575225e-01 1.713826951046552027e-01 8.759418513601214817e-01 1.084026116449013782e-01 5.870310852435074722e-02 2.306863649640511667e-03 8.179479084623243468e-01
4.180891013960522096e-01 7.995826017513283368e-01 3.500666024313676128e-01 9.695210566175923583e-01 6.535624772585080233e-02 1.324962894033289516e-03 7.076251602535273966e-01
2.863211402958896756e-01 8.917099877234725414e-01 3.176503364019946374e-01 1.295289217561200190e-01 5.037917923874705994e-02 1.282872155068966180e-02 4.134582421956990439e-01
1.686925438567168090e-01 2.306553006494195257e-01 2.789188011483403895e-01 8.686054297873565533e-01 6.929108123466046765e-01 7.642080289704281659e-01 6.627099440712695966e-01
8.000372654214011892e-01 1.217197844889621738e-01 3.249590680092035444e-01 9.360586413219589286e-01 2.827468365837610409e-01 6.854478568097189806e-01 6.368811592028628121e-01
1.015373488242131139e-01 1.384845007982534182e-01 3.324168225065105009e-01 6.018126090656197302e-01 3.349355096332253257e-01 7.920910522505155704e-01 1.161164373995360183e-01
2.371148123427909704e-01 1.914185092811709343e-01 1.714626195334442715e-01 8.562681598488987023e-01 5.811582268833721532e-01 2.070190417572131958e-01 4.595904970250073163e-01
1.623982768634286422e-01 7.365854908790224753e-01 1.042831901019949103e-01 6.764535354762897246e-01 9.490167017307331587e-01 1.497184672825993546e-01 6.686285477791885645e-01
1.915460584339319094e-01 2.594465078341998132e-02 4.140361643015421644e-01 4.785457791605177147e-01 3.162173095812240708e-01 1.295682434385543244e-02 5.009209413354728246e-01
2.004409897602426327e-01 4.037315938548696748e-01 4.968451990524297979e-01 2.579028567289815520e-04 7.424101915810674135e-02 1.018987575543300605e-01 5.694934319564244340e-01
2.638026950062638543e-02 5.740164579320440330e-01 2.888888123192127622e-01 4.433133862628733102e-01 8.548548266308242383e-02 2.197967540638414135e-03 5.929955589936732885e-01
1.404866377675502709e-01 1.431097919807657604e-01 4.377570216614476983e-01 9.021557310517024364e-01 3.373578055918007856e-01 1.695991551769196731e-03 1.250848778852094167e-02
9.530889447769472778e-01 8.964744514939210207e-02 6.257881000700923346e-01 9.328928581477388127e-01 4.087984033849637044e-01 3.164247237272344582e-01 6.815735190565586077e-01
6.412520626385260769e-01 8.241087647428179119e-01 8.196033974010163980e-02 6.549995905241304817e-01 7.502653521490980637e-01 1.479755520369702981e-01 3.285215541030067077e-01
9.092020419935326059e-01 4.350679602618414687e-01 1.528701612656693243e-01 7.763035576519663472e-01 4.018631178180557817e-01 9.759653864217288088e-02 5.063909875710205233e-01
6.407291018728479282e-01 7.014941939163416018e-02 1.649721550284888039e-01 3.686491415384437476e-01 5.969135463726702451e-01 7.699965966138657691e-01 6.548114813578158611e-01
8.560241385892274346e-01 4.240756418936678096e-01 1.603660273341382947e-01 9.417486899775190379e-01 9.673524865200806566e-01 2.348928783178944879e-01 1.717436370248625332e-01
1.483845086745404218e-01 1.765872148906515726e-01 4.028617202224770155e-01 8.044459957553632412e-01 8.832520677742982107e-01 2.215475327290664376e-01 2.307289928060501927e-01
5.203010794298738168e-02 3.173490511182458507e-01 4.441018759999000309e-01 2.233069540362980221e-01 1.964390342751313190e-01 7.703655332989961524e-02 9.504597905108347344e-01
4.514792773070547827e-01 6.503967287282873544e-01 3.933051022491839688e-01 3.253852470942699554e-03 7.292233938333267385e-02 3.921952973011981480e-02 2.282422988979317668e-01
5.022602065680105143e-01 2.631478378084882164e-01 2.841947591484614982e-02 4.902693812128675610e-01 7.318670158876878773e-01 1.293618290727321929e-02 7.466648557344636172e-01
3.060676334607672494e-02 2.465736707974975350e-01 2.400308774534799447e-02 6.400877360490963008e-01 9.573613994033872698e-01 5.318519313204499444e-01 3.619091797608370298e-01
6.323587951156672826e-01 7.349439371612914718e-02 1.526445607063733056e-01 7.021106646189553269e-01 2.218138403181280638e-01 7.855889977523143608e-02 9.344471301707290012e-01
4.392357265111180853e-01 5.025121776983925148e-01 2.332908535883795598e-01 9.656831429245860132e-01 1.063024516629112459e-01 3.737451465098430396e-03 8.224527710528426461e-01
2.328557635673192058e-02 7.946314166324519590e-01 5.457505319308180169e-01 1.058113855274009224e-01 4.392907328650980103e-02 8.260833050931530586e-02 7.879024819256781331e-01
2.576839998665979015e-01 3.775011995599131254e-01 1.036381533423297585e-01 4.197007544796818035e-01 8.718481084468332476e-01 6.559117209004411420e-01 2.467208696026436665e-01
4.527723333083267798e-01 5.151351338684346803e-01 2.928937706367705229e-01 6.372150314836908525e-01 6.845509659502297950e-01 1.761409980406994924e-01 8.699920898796483781e-01
4.561740147709109627e-01 5.153801589116419057e-01 2.460690178895934832e-01 9.967009364968103524e-01 3.543907930363788816e-01 3.171394977010278393e-01 6.762807292362724709e-01
7.385492015340250349e-01 2.455586895431446925e-01 1.182908192706798173e-01 8.944505722739184428e-01 5.118064796827307417e-01 4.639847832018151319e-01 5.736729691215679550e-01
3.699644737199482836e-01 4.988817691291562162e-01 9.511404974420395453e-02 9.979708695419098330e-01 5.611258311696155632e-01 3.089747472042181919e-01 5.848761638560909804e-01
5.084341357436857889e-01 4.654717576681762226e-01 2.052913217271774282e-01 8.990831321315285729e-01 8.396012118612414810e-01 4.033279679363976911e-01 6.656149352186364609e-01
1.264098175783209821e-01 7.842158271162417149e-01 9.729528199203688610e-01 1.064174015696756903e-01 5.097234163953764247e-02 1.112435385457892500e-02 5.088347989337015376e-01
9.981834255250801591e-02 1.629813161235738883e-01 1.775540575391520992e-01 8.747968825942468163e-01 9.913629083324423386e-01 2.541139672827071316e-01 7.314670082923564742e-02
8.277651914196333394e-01 1.783607234678415421e-01 2.231152606240010550e-01 7.776311143133358694e-01 8.082534837360265678e-01 4.928496383442281248e-01 7.487361997760044741e-01
5.504591606510311763e-01 1.098980351145772971e-02 2.538096703033145274e-01 8.294225642381548580e-01 7.032839139733824130e-01 6.979286847550255635e-01 8.329641674026934117e-01
1.195929640235367242e-01 6.988394590576598731e-01 3.762134729310738224e-01 4.550255985750470966e-01 1.538737093813768997e-01 5.726305971939939926e-02 2.539184624495811060e-01
4.932749975261742637e-01 7.420457925191993424e-03 5.103007387940391437e-01 2.129278965795281670e-02 4.705167433196622562e-01 4.930356286707654467e-02 7.387218952385442572e-01
6.948729635485525469e-01 8.896884440841017205e-02 1.829393986673068795e-01 7.098783507799696357e-01 7.850213730053520189e-01 5.398394418613268186e-01 8.101047579870607196e-01
4.035258292474893649e-01 6.388556615850065068e-01 3.765906759449944019e-01 1.163705089165553430e-01 7.425203841805086413e-02 6.640750616022650377e-02 9.984524355820764141e-01
4.720116040702007076e-01 2.695599665719249360e-01 2.331181462608522548e-01 7.339436192795945058e-01 8.759252313149431535e-01 5.713740146360869465e-01 6.808040447474362766e-01
9.594177752676985582e-02 6.005593485885883931e-01 1.313063290902695968e-01 9.425412717586595379e-01 9.065357818800995338e-01 4.784130437199501928e-01 1.329031817341235489e-01
8.840866417778809883e-01 1.940893687548412829e-05 4.804213877122961440e-01 7.706581527189416969e-02 2.512149123353990543e-01 1.479631646081956131e-01 8.081775924611177553e-01
1.706541326245307466e-01 4.924825144902830187e-01 9.268782698061855951e-02 7.434986534649722367e-01 3.106018330850227605e-01 1.333080387736254036e-01 6.867067285122486764e-01
5.122453603629264496e-01 4.650162986092015172e-01 2.641468066920156788e-01 8.916622784401059265e-01 5.110974657193990689e-01 6.769152991517585205e-02 9.252429850939323241e-01
2.319299728354712598e-01 1.714677792618620189e-01 2.191536894311802430e-01 7.962509090317296812e-01 6.662543068772751598e-01 3.562893560350782196e-01 9.667853465494019582e-01
1.197864347221771070e-01 5.015728744666102523e-01 1.984563955745214936e-01 9.538140016582974390e-01 6.348355345074511158e-01 7.807320845581552926e-02 1.874524748835579846e-01
8.412027366490084646e-01 1.747390772485854782e-01 3.454969894200291547e-01 9.501761494281792952e-01 7.833043431836869130e-01 1.390113227634978965e-01 8.067777701522462763e-01
7.645865779679836827e-01 2.821895129099760702e-01 2.070123951652595995e-01 2.861347120302346059e-01 2.158290392304233751e-01 1.990756050164047275e-01 1.833495497104551675e-01
9.581035167418755494e-01 3.454781942189276700e-01 2.097037329740468747e-01 2.528498770623564471e-02 1.536562316816139362e-01 1.755139849016315867e-01 1.685627128312393863e-01
7.303254584366115632e-01 2.892559851996071574e-01 2.559190153020131087e-01 1.643395990528484507e-01 1.058230284616118871e-01 1.381682256733346437e-02 4.401331082306046416e-01
8.278975283968651455e-01 3.324833857809869619e-02 5.194253932390785478e-01 7.188871458680641258e-01 3.730873963047418029e-01 3.591507927787629395e-01 5.465915902784264091e-01
2.726517356605266396e-01 3.878617258968450887e-01 7.074680011951663128e-02 7.999477635153140476e-01 4.923344351835206578e-01 2.202576595967310480e-01 8.878597006695618798e-01
5.228397916298662684e-01 7.163331529924932273e-03 5.360290551720917618e-01 8.095730614828600125e-01 2.592982291702515193e-02 1.890711572093772830e-02 3.689695111174023934e-01
8.972214519000292210e-01 6.659413317993819748e-01 8.570795064529067586e-01 1.083542085805484258e-02 9.788844275474034573e-02 3.039954140116513104e-02 2.525943831730750877e-01
2.934705532672362560e-01 7.643502620547001358e-01 9.082482521097154371e-02 5.893910267365397582e-01 9.813891580151826721e-01 2.779482644473536546e-01 2.685317809651985299e-01
4.733794059946337951e-01 3.012323298607951227e-01 1.827748384933384485e-01 6.824104420382754999e-01 3.021298881673171177e-01 1.013087154690038710e-01 5.014732382010469447e-01
9.898179607677438652e-01 5.008685881395112845e-03 9.448432583972470045e-02 1.431358323417381007e-01 1.702666273840678368e-01 3.740098620050920641e-01 7.977396450503599912e-01
2.645065915000857637e-01 8.699221368460329229e-01 1.344965966181948247e-01 9.180809794954385428e-01 9.955023145062670276e-01 5.253116364562808727e-01 5.918504981654125474e-02
4.668200918673346411e-01 2.147780011769550856e-01 2.282472012080466184e-01 9.863200077209659522e-01 6.592404586662292676e-01 4.509256800324162318e-01 8.840058064376473679e-01
4.540709995156950174e-01 4.930306630887044128e-01 1.567855465150827798e-01 9.726583009823894788e-01 8.278493205132637645e-01 3.012065346040984637e-01 5.121468828299176046e-01
5.058033631090853577e-01 8.345397345047415039e-01 1.730702757893525512e-01 7.495033948040110694e-01 6.421613444959195505e-01 2.102739984884517688e-01 3.593265027969345105e-01
8.009605953997406269e-02 3.521869533141175901e-01 5.329569739879858048e-01 1.262379029418068677e-01 8.042552400369601395e-02 3.757434407213645217e-02 5.673747793387683425e-01
4.733256464199546709e-01 2.731391795196813077e-01 2.401372600061278673e-01 9.962437705317194192e-01 3.986363108664939259e-01 5.316477247941849837e-01 1.229870970690229853e-01
6.998064850714946772e-02 6.252567157312641788e-01 9.998974636128678262e-02 8.471840864290974826e-01 6.164570532627904331e-01 5.243021404734908852e-01 2.813380952659808587e-01
1.078333025144909002e-01 1.498196098751674032e-01 1.420580942869502372e-01 8.786976358683232791e-01 6.692730632794525736e-01 4.065755036559672297e-01 1.231122409595091505e-01
1.030904164465564488e-01 1.710252887231869801e-01 1.473369245695639596e-01 9.218131318122512186e-01 8.114821287336184685e-01 2.625648183750331488e-01 3.337122982655817416e-01
6.691831657996801797e-01 2.629892067658420873e-01 2.861010838586406368e-01 2.604659358414621040e-02 1.847729745115692448e-02 1.528963797301786109e-01 4.437604119880937392e-01
3.490905716826855354e-01 7.807746082904308826e-01 1.027162697207467668e-01 9.897639063016010486e-01 8.782030171315052813e-01 6.491832802983984463e-01 7.879962006309141342e-01
8.722859572277608109e-01 2.577549394725254239e-01 7.929756205003567204e-02 7.179040782427466016e-01 9.101213530230036763e-01 7.207991245792985113e-01 3.620989009078529053e-02
7.716541821684660407e-01 2.319774359748827952e-01 1.424391969378852874e-01 2.632644705034156152e-01 3.165869808122013240e-01 4.080975060882029853e-02 5.825368913562128936e-01
2.740387584314992742e-01 8.608195569554835114e-01 1.170417957683205640e-01 9.342238705681888966e-01 2.711997978636897511e-01 3.459640403393934860e-02 4.398168813012218181e-01
4.721763893390317768e-01 4.817120826608998763e-01 1.972385130176657064e-01 9.975855999088832915e-01 8.958477025523111648e-01 5.827795217860962662e-01 4.785740895161009756e-01
8.185924715962766829e-01 6.950026786767822262e-01 6.917498779438112644e-01 6.924725627211941736e-02 7.680180344755820239e-03 2.523611290832779991e-02 7.458623009734075548e-01
5.331896290306038511e-01 6.690428596757747037e-01 3.980661689222843025e-01 3.878577332213468780e-03 4.494450852682623822e-03 1.186253580656900647e-02 4.781327334306217369e-01
4.387812889774261316e-01 3.370192512071993329e-01 5.736210191472841669e-02 9.988322065323200771e-01 3.883064169220479811e-01 2.075798208331001427e-01 1.388459245803131958e-01
6.829834559815324280e-01 4.665978956439451042e-01 1.884581022113872018e-01 3.422486979878944235e-01 1.383042368267003164e-01 1.595411104790238899e-01 5.773206093668910022e-01
3.454354783730694267e-01 8.082338557883185226e-01 1.972813447517614283e-01 7.039276100372726663e-01 5.411142540373526932e-01 3.335192162148643141e-02 9.770690873621850070e-01
2.304633017099980696e-01 7.562268660181149516e-01 9.373431869961362795e-02 7.269320317166310108e-01 7.076078025868854926e-01 4.382980502209689044e-01 2.340347872806564644e-01
6.455111512502827997e-01 8.311008768461533025e-01 1.125306697843464487e-01 9.769700723320866587e-01 2.947679031434010666e-01 1.988048312399211814e-01 3.778915339823772368e-01
3.791267374627872999e-01 1.024877548214669087e-01 2.057892769697803881e-01 9.729920612823023118e-01 6.445101239268087312e-01 4.092029951369046681e-01 3.272253128510765885e-01
1.463142602116204727e-01 1.238241205596296753e-02 6.185763784502933404e-01 9.028981441151279208e-01 8.339514688750196969e-01 4.480442730768802728e-01 2.878774937523072563e-01
1.426724802708103645e-01 9.937000785155790383e-02 4.498120479877805167e-01 8.391823235566274741e-01 6.603695649428978909e-01 2.356880893047431577e-02 4.121468952650375606e-01
8.788680097901959698e-01 9.638554928410869582e-01 5.839031638485524534e-01 5.612937294062549098e-02 1.414408437464109193e-02 2.006061131839027498e-02 6.284114672767167065e-01
5.789254942368302626e-01 2.660538366272308108e-01 3.141282292017947286e-01 1.427871147286990106e-01 8.714564876859322729e-04 1.090888267225273737e-03 4.360017511327978768e-01
4.266152545758236103e-01 2.391783806193650552e-01 2.934200054326286389e-01 7.334283843742679387e-01 4.587604089929526729e-01 1.116677390741660156e-02 7.146046165863815247e-01
5.218019034309817616e-01 2.124433413612703547e-01 1.009414908923298576e-01 4.698406411428528995e-01 7.801106526003706576e-02 5.809709827610700511e-02 6.470707626066997120e-01
8.316670260234999557e-01 2.103916732529059058e-02 5.584488193104683029e-01 7.858816573405528194e-01 7.706081469564705078e-01 1.300351095040437055e-01 7.179414892046107610e-01
4.284600786345682533e-01 1.686293325166616508e-01 1.354208122223616306e-01 9.701196699464570417e-01 9.775077013334516618e-01 6.819112670291193057e-01 1.231282937534145389e-01
2.777527562463130706e-01 8.616201114052752796e-01 1.306231404438927823e-01 9.075853904035610098e-01 6.647241139463481163e-01 3.248796822105275428e-01 2.368858829033039237e-01
3.120087251839590015e-01 2.832412216433066177e-01 1.385566237022710923e-01 8.419479644272827301e-02 6.993287136989362329e-02 4.243456457184691805e-02 4.641151476242643126e-01
7.356243701943625535e-01 8.343752782605275975e-01 9.708173510667186812e-02 2.790425517688822632e-01 5.639190153667750227e-02 3.051254420368735079e-02 5.028828618421594676e-01
7.571234271553378692e-02 4.755327619358711844e-01 2.856126484512740982e-01 7.414951296875783582e-01 7.836471611861182129e-01 3.237158472422010380e-01 1.089994247403754529e-01
4.754672432301773610e-01 2.143282504857680903e-01 2.726804399665246348e-01 8.824871524278093959e-01 6.875866072161039844e-01 3.625723218958602084e-02 2.912320486840690448e-01
9.939515919336617822e-01 7.243101896525008798e-02 9.142801679563257178e-01 5.677035481083823193e-02 2.805200523422826664e-01 2.497582497315437022e-03 6.461362759170100056e-03
4.745367876816817265e-01 4.902239686888184012e-01 2.420117892806457616e-01 8.171933329185553374e-01 9.965535860656273837e-01 4.229349514806859250e-02 1.980907378872147351e-01
5.808516342398070131e-01 1.409929454368311630e-01 1.209932179486525733e-01 4.491357660421964326e-02 3.150509825105644954e-03 1.564366804640985598e-01 5.572506529590053326e-01
