3.317806223334215932e-01 8.225404574365279275e-01 9.116280222876234074e-01 9.028203938911995297e-04 8.998626755964786450e-02 1.332530210377947943e-01 9.870256427068713201e-01
6.596283138651335420e-01 3.791378793401978808e-01 8.818715812516264574e-01 8.404349915698949847e-01 9.112660648389422358e-01 3.932895959141220060e-02 9.219375529258038160e-01
9.543710192243475277e-01 6.259806781287596822e-01 8.509238690138513084e-01 5.557738569088797043e-01 3.174426501808267909e-01 1.918247350223014902e-01 8.768672714645938671e-01
8.324131949020254773e-01 6.204195900861375103e-03 7.609266981520237394e-01 6.627279471400918109e-02 3.720653459991418166e-01 3.809104791311885597e-03 8.392293185260490951e-01
7.240536863510890209e-01 1.452246756175972486e-01 9.680348793521376116e-01 8.751867462220702665e-01 8.940501350633389688e-01 5.334472955825276391e-03 9.173517567712072829e-01
7.523231789431804595e-01 3.064432930558946278e-01 9.417226995939571577e-01 9.974651806199466009e-01 4.832451088697445329e-01 4.666818099298807726e-02 6.272031459128305508e-01
6.386440719034577884e-02 4.318092318636532756e-01 7.245298611780773834e-01 1.207728002334390038e-01 3.175029705283298198e-01 5.315348007719666867e-02 6.910766506543076781e-01
5.203282956186431329e-01 2.467399191025486660e-01 4.157323962290090935e-01 7.327938933811503075e-01 9.797729958658034366e-02 3.437666799087898961e-02 8.917432992052158891e-01
3.029548878824477876e-01 2.083285142386765154e-01 7.184901095779677727e-02 2.662085531446868880e-01 2.182421477226660078e-01 9.450759679196542029e-01 7.468333339134957116e-01
9.036280363033548646e-01 3.816813193277011074e-01 7.547390532712274780e-01 8.703133977277195399e-01 2.756363836379331286e-02 2.731465749831271661e-02 7.856196064311302685e-01
9.187294729988135233e-02 3.101946270354436486e-01 9.766716522751311969e-01 9.976985182135047481e-01 7.046218365202205902e-01 8.055506487358025935e-02 9.085631706261222407e-01
2.847485744365851543e-02 4.801350605379592351e-01 9.059360475475810581e-01 1.409185344878829960e-01 5.283864710814693000e-01 9.167198768850876728e-03 5.033658416758205467e-01
1.537290849601406773e-01 6.924394190070320976e-01 7.859803637334674686e-01 9.407852953229445259e-01 3.863713111369313641e-02 1.038128765107167450e-01 7.818818661673567760e-01
7.268370032565716343e-01 8.149621584575899025e-01 9.423621500346379687e-01 1.156300189383839272e-01 2.650248178638642607e-02 1.837935596282634643e-01 6.209947170085667878e-01
9.989598965019231835e-01 2.156119054905991650e-01 9.144660996496670746e-01 2.436627868761872141e-03 1.873300440158232882e-01 5.749960970084251784e-03 5.652357343062289763e-01
8.357187879035280487e-01 9.353505184035696418e-01 9.581325421567512546e-01 1.278513114117581489e-03 1.597449416053779159e-01 3.041082286944672523e-03 9.913144711757588823e-01
1.128185352565398702e-01 4.015886421101367842e-01 6.021668630888310503e-01 2.182847594391690571e-01 1.161271324780225322e-01 1.566391007123635604e-01 9.457575814073317932e-01
1.301372570947725849e-01 4.575145657696190749e-01 6.474569658121184235e-01 4.137447221054645907e-01 6.398004143959303350e-03 4.697881199355729426e-02 9.729086738172496585e-01
9.942235227680632503e-01 2.236842883973405582e-01 8.535981411036455135e-01 4.995782610540457774e-02 1.912292206308623566e-04 4.091540107464378129e-02 9.459438159935307233e-01
6.606125521728559713e-01 8.338820046645727402e-01 8.933785469260684398e-01 2.541181225910598166e-04 1.818817724335126118e-01 7.746028677635287581e-03 8.304000888138554082e-01
7.211443472997322024e-01 7.672099191804059304e-01 7.466340796913177869e-01 1.169024326867745822e-02 2.955258090985815773e-03 5.016395059030789166e-02 9.921461641367299578e-01
6.232514413717444440e-02 4.565958104650300053e-01 2.950122290072377806e-01 7.665165314043917988e-01 3.374753796941433182e-01 1.984721030413277576e-01 6.524532194704835142e-01
3.811779933302373701e-03 7.696188123172039708e-01 7.191821665502957650e-01 7.643835956592882619e-01 2.509167090655323520e-02 1.568297370843325586e-02 9.178892920201511263e-01
3.623737978306169061e-01 8.448486423377560284e-01 8.170268161700289244e-01 6.833589048890199857e-02 8.292712671595303068e-04 3.050624236487538971e-02 9.746107116987360319e-01
9.751125180256587921e-01 3.591054394700894381e-01 8.925555646683757116e-01 4.823194105353183908e-02 1.213332896135780941e-03 1.754103238505859072e-03 9.798175424007659062e-01
1.608673582189951157e-02 8.873305630205297403e-03 1.473671132386848714e-01 7.802420957962019621e-01 3.174283854764626267e-01 2.261578061601183520e-01 7.130488945697665004e-01
5.265139230536138859e-01 3.809761392314831574e-01 1.191599807429413738e-01 4.184679145853981153e-01 7.433217767582702903e-03 1.057807373118554439e-01 5.577020871756822595e-01
3.057130617954814111e-01 2.288821426415005578e-01 7.662384123808241299e-02 4.587252682443676566e-01 1.513195575673412785e-01 1.056440788835933883e-02 8.210489675395143960e-01
1.007699598508277061e-01 4.669155131797042002e-01 7.149745878566787782e-01 3.214981368864400918e-02 2.153446412543144339e-01 3.466597919873710965e-02 9.824458747355769850e-01
4.179852945385822971e-01 4.808376275944424294e-01 6.966348919177875465e-02 9.962566722398038532e-01 5.255251259357214266e-01 6.966757934518160722e-01 7.048270180995723777e-01
3.654559329452934380e-01 9.102968874082689732e-01 9.892853182702657788e-01 1.009807681333909322e-02 9.767539932577376863e-04 2.805451162609274175e-03 8.858931025840731666e-01
1.500357237509263031e-01 9.536914231634820993e-01 9.931133355929974149e-01 2.285149968904682735e-02 6.665408265053616998e-02 2.203144852356685515e-02 7.047421561983917560e-01
1.839955152921905479e-01 7.585578917650687147e-01 6.361329403881522959e-02 9.966309856630974906e-01 7.810623594878426390e-01 5.782068115188830904e-01 5.381959591455506287e-01
2.292625671382153008e-01 1.807854928843219133e-01 8.681413339088985825e-01 1.212068427545863747e-01 1.774700403841725227e-02 1.165535457474859982e-01 4.895781933265316854e-01
9.907657998704023639e-01 8.133376541247756136e-03 7.862753832808793142e-01 2.698665573638472925e-01 5.836673732359881628e-01 1.646882483852889082e-03 9.368784969772108173e-01
9.019019784039356002e-01 2.678800669159004388e-01 4.076008755926409655e-01 8.907297762527685014e-01 4.981749684746176743e-01 7.987373906404532375e-02 2.285866350838474670e-01
7.794308030313296110e-01 1.186703413256816886e-01 1.943091705090969623e-01 8.855976657059697610e-01 5.098990743744391541e-01 3.664939344565240065e-01 5.747066159009268649e-01
1.664590171228825799e-01 9.837885871890870160e-01 5.866092864350875846e-01 3.167921721972713142e-03 8.230482456574128667e-04 5.866955626354041636e-02 9.947082692921236369e-01
8.822068041298730678e-01 1.932827819325508290e-01 3.383316261841947670e-01 8.272112381532982228e-01 9.204522579568472640e-01 9.449664653137881953e-02 9.043573913395468455e-01
7.488907891199564348e-01 3.093096890794133080e-01 3.238800484417010961e-01 8.336357199580839150e-02 8.867799364944345397e-02 9.814607810443498614e-02 7.976265121580070616e-01
5.139027559317078664e-01 5.082891391445932827e-01 2.588862734023566481e-01 9.997522389659270203e-01 6.702343394712774183e-01 5.206426347707691915e-02 9.241442437435191115e-01
8.372409876757420655e-01 7.771181689802747483e-01 8.661706624305632873e-01 1.081987206323316714e-01 3.315035520811448339e-02 2.719111061147586050e-02 8.094679858203290834e-01
8.468546000723433664e-01 8.788097450281961986e-01 7.895202962674411351e-01 1.177165589211874586e-03 1.710825719858925960e-04 2.108509761454256150e-04 7.274470098514853600e-01
3.842905764524379708e-01 7.915285647378207390e-01 7.705965174760586178e-01 1.069343513795766032e-01 2.031041731803381531e-02 8.840248184398072362e-02 9.532888961796756044e-01
3.676900435441255999e-01 8.635335801134815803e-01 9.511656773276631061e-01 1.311827175425513414e-01 1.087350450283777609e-01 3.688907280051847981e-03 3.888123380446082411e-01
8.314463783637459082e-01 7.669854558015637425e-01 7.767696905488354897e-01 3.358705395363058982e-02 3.488926026056749473e-03 3.947505241246008004e-03 8.930845993391438586e-01
2.447276487298644665e-01 4.638824223780237989e-03 1.955820819172549574e-01 2.312152936002304093e-01 1.223121993208878683e-01 3.070930272779865411e-01 8.891167083003439497e-01
6.914652854052362185e-01 3.511965798102059666e-01 3.509958473231061249e-01 1.172594132264135995e-02 3.433914797644487676e-02 2.608155279714770292e-02 4.713483361744929545e-01
1.420895724035395324e-01 7.305481499491685293e-02 5.866668551354796701e-01 4.936463352862767717e-01 3.446837001792443789e-01 1.128298543199205139e-01 9.018490813834005859e-01
9.875293211155526940e-01 4.054206395800458718e-01 3.667711715608201195e-01 4.457518654329413188e-01 2.659883154749348999e-01 2.434013512823856099e-02 9.503459825274165329e-01
9.483921220816616815e-01 4.440774357498893932e-01 6.695216164223705135e-01 2.112343282045411608e-01 1.239636587444155058e-01 8.614483583103232922e-02 7.888938801950658997e-01
2.756471141904224265e-01 8.621527470156926665e-01 4.835626259545757616e-02 3.961964150386548811e-01 6.431908676940815139e-01 3.161001407286294085e-01 6.575193230404546840e-01
7.092297000582320488e-01 5.937964904058197213e-01 7.705394348043831387e-02 5.647763871114707124e-01 6.158786402705761498e-01 4.548487348221167403e-01 3.207810195827570654e-01
9.945319552660635276e-01 3.661868240204271818e-01 2.449599345625401159e-01 2.728178863682771509e-03 1.606513737254064711e-01 9.991492071968688382e-02 5.375355155493625192e-01
3.736461106912667973e-01 8.422634107895407007e-01 2.718635363420673356e-01 3.849780325606850240e-01 2.663047285457558755e-01 8.281652175950941774e-02 6.078990995525989094e-01
8.389756815838240733e-01 8.121250407143009165e-01 9.990343251277314929e-01 8.241276267908789754e-02 1.892524855798146874e-02 3.122996088933762543e-02 8.969067741727060339e-01
8.757601053690771131e-01 4.355427695244845632e-01 7.152808431991562743e-02 5.934677222334132640e-01 6.028109655608460127e-01 5.886327231051174946e-02 6.277135156635856861e-01
5.441697754141913701e-02 3.274348701399260996e-03 3.450832092932994422e-01 2.071140254599312669e-01 1.194234569673288254e-01 1.103804154514688440e-01 6.687540994924400239e-01
1.671315350130095911e-01 7.365360990696726007e-02 3.975725567979061514e-01 9.650984959644256511e-01 9.834341441357503655e-01 2.099388324766311431e-01 5.100873607783602548e-01
4.649929051655538048e-01 7.287575470974871211e-03 3.886503504264299247e-01 4.358079167291770695e-01 3.436364240362105860e-01 1.292417217539601482e-01 8.696256473966154088e-01
3.245721135520647782e-01 7.798887131351229796e-01 4.819875316164714402e-02 6.356669058995673138e-01 5.143011278740154957e-01 3.056906225880040018e-01 8.839367000614454239e-01
9.785228672703224495e-01 4.105965295688374442e-03 7.569562565654406328e-01 8.063598237210591879e-01 5.172519359045874010e-01 3.325186402150880349e-01 8.695931609861243805e-01
3.416400428704990389e-01 8.209508063430345226e-01 1.852046551626184701e-01 7.488773153975718522e-01 1.975482590173078812e-01 4.584034612030488121e-02 8.927839029517082858e-01
5.116740096603227261e-01 1.123380537320409628e-01 1.951487072773488290e-02 1.049517653572569764e-01 1.794234463553424919e-02 9.339248521498898226e-02 9.480044354620356106e-01
6.524834293269200503e-01 8.394953737946957428e-01 1.623045665558457140e-01 2.125930615960167636e-01 9.468660172555563859e-02 6.257346182244573340e-02 9.727664253136290018e-01
5.112872197104858518e-01 8.382461182155644952e-01 9.881056312853338242e-02 7.463534483788553109e-01 3.889560657014675682e-01 1.157504513205033364e-01 6.185086668820133360e-01
8.425552201150263709e-01 4.455288229354917307e-01 4.317067293316966259e-01 7.134888842398287023e-01 5.063201818431913859e-01 1.840989875005976106e-01 8.511000523333412948e-01
3.855209636740885570e-01 7.904181809431208849e-01 7.710492137647486643e-01 7.023064754656531683e-01 7.922788226158820057e-01 1.097952616738688894e-02 8.380194929200861509e-01
4.704170266513991172e-01 1.650390413903687903e-01 8.064877464636817095e-01 9.533431372721540287e-01 4.945179874696705169e-01 2.822069200549884305e-01 6.729610070717332304e-01
6.978744775724931015e-01 4.883006085808785923e-01 1.376431449627614212e-01 7.847637201010130292e-01 8.592456452865275818e-01 7.470460939630137187e-02 4.183704678853327752e-01
4.712534270634479716e-01 4.365281332176625395e-01 7.436245609784901678e-01 8.434719453698835689e-01 5.039640281369377472e-01 3.372134024306753797e-01 8.634779503040787008e-01
4.215269417489315162e-01 4.944477371256513210e-01 8.175480745014597206e-01 9.972283077265566842e-01 7.139321383739112292e-01 4.968209773235457427e-01 6.056575627125574401e-01
8.523287963824467406e-01 2.587466233557488282e-01 6.690866862285049788e-01 7.145745675650968520e-01 9.406433301602700192e-01 1.687561856710871888e-01 5.230706435474975491e-01
1.137456325599443818e-01 5.412010218105534065e-01 9.066173661285843455e-01 9.786371383224471421e-01 5.399492393125884249e-01 2.545564572692898819e-01 4.587268735397783126e-01
9.814894534615425936e-02 6.118519787219121042e-01 8.146498920575878655e-01 9.570178008775361844e-01 8.480187403222113618e-01 8.900348050564513835e-01 3.073609131127042482e-01
2.748279385614035286e-01 2.010339004170997312e-01 5.742224286789551213e-01 9.961492418056523412e-01 9.839699290538707066e-01 1.692383793943583736e-01 9.774658432900080740e-01
8.681315517993828390e-01 2.198721318410427616e-01 7.227182288260410870e-01 9.662874797311068464e-01 8.157178144808674425e-01 1.063455765991637297e-01 6.880065433538241626e-01
4.308293219041700040e-01 1.799554386865609701e-01 7.637080561796760758e-01 9.883399374780846847e-01 5.579715578066449799e-01 8.687932720085129734e-01 5.041208884943997326e-01
5.682382901577806011e-01 1.262953930571347749e-01 9.400213464472438885e-01 7.518267635024773569e-03 2.880818303535385896e-03 1.582873789662286781e-03 9.948287751841821125e-01
4.499903243653383678e-01 4.421449125212467690e-01 8.580398522691620178e-01 9.264067916876139730e-01 9.892235022623332430e-01 8.280088394887744063e-02 1.740589272249445096e-01
4.216498224918028281e-01 7.987814634032229799e-01 8.531897974421699393e-01 9.980602601750961922e-01 6.018603384985712346e-01 5.596908046436918083e-01 7.098460864952584881e-01
9.676674759352339450e-01 4.820762923750722129e-01 8.550526978991536131e-01 5.418564722197974914e-01 3.961362564510722550e-01 8.935114192285445456e-02 7.181847235297754706e-01
5.613314444237685885e-01 4.389001728751623088e-01 9.573358235091480317e-01 9.991105486207085828e-01 6.905434732822718358e-01 5.746527710223525709e-01 3.159684348926140030e-01
6.411010418805822564e-01 8.182918718332143904e-01 9.311489009112544624e-01 5.445749315858733341e-01 2.640504152536619631e-01 7.461530494356621857e-02 9.721629536962378415e-01
3.280391564285012329e-01 7.692116428496049707e-01 9.081581433515595325e-01 9.995070181578322721e-01 6.864290431921378222e-01 4.585963881115804330e-01 3.927296403960994775e-01
2.515488431492174937e-01 2.122233213998856172e-01 7.619243118049890962e-01 9.987348499404106184e-01 2.198627958295095441e-01 7.035960368474549753e-01 7.196109189208792500e-01
3.840686059808501307e-01 8.117481113595466091e-01 7.586693015885229707e-01 9.986900272639616105e-01 5.878510550301552229e-01 6.530276802792492341e-02 6.661988913734093742e-01
8.910047268163915346e-01 2.448755585767759535e-01 8.321954916905965893e-01 8.986337566234217089e-01 8.943177118281362414e-01 3.489270564118936990e-01 4.369183054550879186e-01
5.666369052322356437e-01 4.146234030883646504e-01 9.128966333278665246e-01 9.925858535601764787e-01 7.022705594882714397e-01 1.921241012181285068e-01 6.047145804644327161e-01
4.529561399775617336e-01 5.049502444166166226e-01 9.472158756932927970e-01 9.992907591409017076e-01 9.372663654354250751e-01 3.266074539550686828e-01 7.924856942003056792e-01
9.212541749758036413e-01 4.561964864779958218e-01 9.637270849168847464e-01 7.729674750441891673e-01 3.342428751133916243e-01 7.981205541117727953e-02 3.200399574393146818e-01
3.782145870821148059e-01 4.994832151709210355e-01 9.538332650593466244e-01 9.986293746036678520e-01 9.321218037548439916e-01 1.336424615703840912e-01 7.735452979254061612e-01
5.481742405602710866e-01 2.684572273231946027e-01 8.973204871499012025e-01 9.990668199812152706e-01 3.451567704744016862e-01 1.143693219926879695e-01 3.572359301426120126e-01
4.317403320375565734e-01 1.751550938562189408e-01 8.779982718378189777e-01 9.992382752465077678e-01 9.138143478789073626e-01 2.284717258558674469e-02 6.040489995604548801e-01
4.253303381158118346e-01 1.508370952999406045e-01 5.084977420397159831e-01 9.984512017103367443e-01 9.174514613563485854e-01 2.277748287584533959e-01 9.406688837891457045e-01
4.717143713189291820e-01 8.160075675965314801e-01 9.081537779013042488e-01 9.720866063428081905e-01 5.438781143093859294e-01 8.075415342518534045e-02 9.733319167184625309e-01
2.549717448864932678e-01 2.109029322961749053e-01 8.535704297063597679e-01 6.085346295672949823e-01 9.969744076474408301e-01 1.969500081857147866e-02 5.740113892641451887e-01
3.084540551700872824e-01 8.531487115673910271e-01 6.226774967241054393e-01 9.981708856196059854e-01 7.350187756022515950e-01 1.409507639169018112e-01 7.382024545702969842e-01
4.259648428434648637e-01 4.495215359043340797e-01 8.608526591661223026e-01 9.978887273029161120e-01 7.963685381885757808e-01 1.940820753789731790e-01 8.839553874090928520e-01
2.972888222153385884e-01 7.631101981482405483e-01 9.645056932240835268e-01 9.967887453312341828e-01 9.489017418208264276e-01 1.294633506163501979e-01 6.013949463940532203e-01
