6.725580608362412283e-02 9.424610422567458734e-02 9.704251283564643282e-01 9.903825359197013789e-01 6.841741628201343239e-01 6.516857571234176139e-02 9.969992812214656386e-01
1.232561810914654388e-01 5.066268391890644818e-01 8.294534842369684080e-01 9.920423968072399346e-01 2.754344696995313924e-01 5.273738803605264314e-02 8.784095343664953814e-01
8.813759717609980227e-01 5.554654692930737631e-02 9.113293508228368367e-01 3.718867283958628145e-03 6.641767280904669057e-01 1.934312707435978038e-02 9.963518504911074158e-01
2.189271977413075332e-01 2.193731210263836773e-01 9.631317230191511758e-01 3.594027664832302182e-01 6.554198328518708871e-01 8.768495839998623198e-02 8.733842931968537338e-01
6.680350901997668123e-01 5.059026160533217631e-01 9.949291731831634289e-01 9.766444151026230092e-01 5.812053862906375878e-03 9.204171520308421922e-03 9.746216129809166517e-01
8.341694177655035736e-01 3.600465680992906425e-01 9.916038026242876002e-01 9.619841802501530870e-01 9.948794828049782879e-01 7.081436045466997509e-02 9.739550625677715345e-01
6.598996464094363246e-01 9.488969385885653862e-01 9.982292232230041140e-01 8.095882851715225925e-01 8.493925689896252296e-01 3.231316336181391247e-01 8.727461612165804405e-01
8.345659968748778690e-01 7.936561813685593103e-01 9.855085940500128983e-01 1.801758864694721074e-01 1.544667022216767716e-01 2.087988511869256769e-01 7.842443452829875872e-01
1.384102300766845706e-01 1.031008266526631419e-03 4.729425446045693593e-01 9.247731450574124545e-02 2.215851113716620080e-01 1.275648571483439242e-01 9.303778678828280579e-01
5.929642220006114961e-01 5.139468007037015403e-03 6.001057737263117975e-01 1.546459111657102758e-01 3.751880503997742089e-01 3.077353531461838321e-01 7.215206674614222937e-01
6.554719839281565319e-01 3.123815447626143160e-01 9.852302921845419448e-01 9.979692600086647047e-01 9.999934188935158952e-01 3.386178401118056236e-01 9.456292446617545755e-01
9.915369636316950785e-03 5.032447526678972549e-01 7.528979884736387573e-01 1.893032364166465087e-02 7.136313221798813722e-02 2.225773046300003055e-01 9.926846945265916933e-01
2.326154827180705251e-02 4.573357259689670440e-01 9.137803815302673049e-01 5.090522815781415439e-02 2.656478713906841316e-01 7.916385262074275564e-02 7.898036841748652392e-01
1.065069439609222651e-01 8.586745336994502376e-01 9.970220543205094987e-01 5.176155234097395974e-02 1.796778999169450219e-02 4.724046320374610669e-02 9.868241258846445207e-01
1.156586088566061987e-01 7.186068738750226448e-01 9.726479929428996085e-01 4.566048877227091296e-01 2.233285351525543267e-03 4.603537056983394993e-03 9.080163897562111286e-01
7.577242656983951274e-01 2.407924707980580170e-01 9.592200097419854021e-01 9.136550411692426765e-01 4.502790245722458895e-01 2.534111607177991568e-02 7.988307162559076247e-01
5.574665381054935698e-02 4.654872919433657441e-01 9.077982177394655627e-01 1.980081854154935594e-01 9.169734582638150097e-03 3.150645954750230793e-03 5.208485826252711171e-01
8.182016589755247704e-01 7.887215135265486232e-01 9.801349376014345527e-01 6.993457747232499633e-02 2.649405183663417276e-02 1.407273628498022233e-01 8.690532807770701140e-01
4.407142856991844160e-01 5.655527903462698180e-01 8.974359716718551816e-01 9.980743801300880902e-01 5.066986289239193697e-01 1.448234978995927846e-01 9.523710730676703262e-01
1.387552299202378936e-01 4.687824801849730938e-01 7.424397888911266064e-01 6.198635761804559274e-02 2.121297791453280179e-01 7.419726147175362274e-02 7.787250054141591216e-01
2.985889601868912946e-01 8.475565940961036215e-01 8.336590025805523663e-01 1.700500671032287303e-01 4.562310869278892594e-02 1.003546661904506782e-01 9.193933912768036398e-01
6.911216118452513379e-01 1.475884271796207847e-01 8.889625067786985912e-01 4.802677055851219401e-01 1.281807242567833682e-01 2.046889576050587439e-02 3.286215830955925843e-01
2.810424151572425422e-01 9.009347673108438759e-01 9.399814808297592972e-01 2.595679387619065012e-02 7.602795730598091439e-03 1.973884264778913433e-02 9.264078311161797474e-01
7.281884652869469177e-02 4.448210268397104206e-01 8.444131952515203654e-01 2.899848188863649590e-01 9.010400257297872251e-02 1.471385591962749151e-01 2.724036115578329920e-01
9.991857135272720347e-01 3.102971749769238285e-01 3.316716080241950415e-01 3.499187197923361303e-01 3.531046537592978374e-01 3.326034199876834463e-02 9.857271558636193642e-01
8.084962456067064096e-01 1.888696807617480100e-01 3.586237523964289076e-01 9.968521714949521995e-01 8.979427825951499242e-01 3.908177800670122881e-01 7.622927487233560617e-01
9.068038781462641751e-01 1.708698405548482457e-01 9.917906423225673063e-01 3.560908377981199524e-01 3.312816886053315812e-01 1.474284308282154954e-01 6.446860437420145473e-01
5.451209151683888976e-01 1.603073789527155180e-01 2.297918499922300406e-01 3.346540695013908856e-02 1.800318915204312045e-02 2.196044710945992962e-01 4.646730452993144134e-01
9.785496012468927196e-01 4.399614802691962367e-01 5.730818780190353179e-01 4.925157851210720111e-02 3.218954039598958539e-01 1.016594217354476887e-01 5.776399685245515725e-01
3.672827014350163455e-01 8.801201859012683926e-01 9.874126228675004224e-01 2.625136883277322079e-03 7.655890753189582842e-02 3.983531169826805968e-02 8.691588571038687538e-01
8.337826000171452145e-01 4.260239710975858851e-01 5.086477955501991222e-01 1.022978494352420192e-01 7.498381757552734228e-02 9.014484054266137802e-02 5.469579804142508106e-01
8.207738956539428754e-01 7.527952251228505753e-01 8.695595694265056963e-01 1.554658872509873391e-01 9.944716023148435571e-03 7.375934560399426132e-02 8.759057817822514247e-01
7.398240376636152638e-01 7.721894881967344970e-01 8.830862074225493963e-01 1.205324494874751712e-01 4.198477870814981694e-02 6.328619583648084634e-02 9.449652611558223558e-01
7.061154843867445408e-01 2.884933262597388914e-01 3.543296519416213042e-01 2.280871607057044677e-04 3.079140417336919677e-01 1.060682754248089416e-01 5.990154776897619326e-01
8.759992519471156980e-01 7.511751776275987780e-01 9.036380092025793065e-01 3.399910323702744902e-02 5.516183501780052428e-03 6.045582185961323463e-03 9.709051164308347692e-01
2.187885947647319196e-01 8.167660530365400406e-01 3.182430598599941818e-01 5.345095627888355461e-01 3.577887814636284136e-01 3.188734220309610151e-02 7.556504543542473806e-01
9.098856396405025082e-01 4.814206309206262580e-01 6.872109320696699886e-01 3.295246324408013239e-01 5.141019798450138789e-02 6.317340433072023836e-03 4.566697622046578253e-01
6.918465880103212562e-02 8.939233092416946080e-01 4.368497632070437731e-01 7.193278296891671142e-02 1.675428806636022894e-02 8.583972268984638165e-02 7.362544743351013832e-01
7.030609487839158955e-01 8.709341528530304410e-01 7.933588554513046898e-01 5.950421401215926810e-03 3.679549289872577171e-03 1.747106316154319744e-02 9.769577467095331702e-01
5.050083876752335943e-01 2.368518737589506429e-01 4.695306413601215700e-01 2.306513198227590905e-02 2.270326159679266625e-02 7.024359544324416949e-02 6.526918647590403966e-01
1.368105115832433660e-01 2.356183617604525049e-02 6.389940681821361101e-01 8.547209771109115506e-01 6.066035202068357224e-01 2.376690010090711236e-01 8.455804092143313078e-01
4.128679090391756956e-01 6.535832194254804772e-01 8.289293697254248583e-01 8.230856864665958561e-01 1.930228633048825804e-01 9.091706509377230072e-02 6.238397398673071331e-02
3.528649058406768124e-01 8.124382841928765586e-01 2.171915086552174967e-01 8.256364914139584510e-01 2.976311321436861945e-01 2.921918166341319067e-01 9.399551138368640313e-01
4.139135735584034692e-01 8.449152251133608127e-01 2.670496680136364431e-01 8.395585706705998019e-01 6.413336990943357963e-01 1.244245778272971698e-01 4.374591296328438905e-01
3.978992697006392687e-01 1.047734443176337460e-02 3.293289668392589964e-01 4.620828428323096593e-01 5.910425968565692356e-01 2.244630507490229798e-01 3.539309878166977952e-01
1.485966338493459604e-01 1.238650460130380215e-01 2.668451278572998020e-01 9.074661165428977716e-01 8.016829165913057498e-01 3.386757413182622800e-01 8.825950430561547710e-01
5.475163697681713071e-01 3.171079612271921477e-01 6.206429932763846136e-01 2.302831413323543630e-01 1.922490086326415076e-02 8.521936236440437462e-02 8.523116917584722119e-01
3.398219838867170828e-01 6.151460123888858877e-01 4.422439382844884359e-01 5.393611353400480299e-03 1.634127085072108188e-02 3.335545516791263085e-03 5.715976649241828467e-01
5.101402819945367595e-01 4.617154019929752828e-01 8.428294841142448535e-01 1.251856059094385264e-02 4.291992504814544362e-02 3.112250027553761789e-02 7.989373529936375506e-01
5.097889113627809277e-01 1.972714006759961336e-01 3.813550145987364415e-01 9.404495371713798846e-02 2.796174329943229217e-02 7.554200380592979158e-02 5.996553853843176185e-01
4.665427527171369659e-01 4.833038821542883778e-01 2.324900792288139839e-01 9.033927641600382197e-01 5.127269975325751128e-01 5.898121967321364734e-01 6.738301000512451067e-01
8.676356425712760112e-01 8.332558490093757708e-01 7.382868821354620081e-01 2.151690117944725020e-02 2.137537013752289008e-02 1.995464130415587622e-02 9.679247549562569608e-01
1.449283248198717788e-01 9.855233883621292712e-01 7.344827482899571880e-01 1.045377591838507758e-01 9.391450821166450347e-04 6.748841955740093185e-03 4.566843847012526103e-01
8.790842069024197292e-01 9.670848354763691423e-01 9.322741732067790776e-01 1.465005817001256427e-01 3.458811985326240568e-02 2.912794366736034743e-02 6.530639718594378751e-01
1.070966287083217339e-01 1.415824965738410601e-01 9.102915772170230291e-01 3.702986442316792415e-01 1.491769344130040309e-01 6.768257308548038254e-02 3.342326846585128575e-01
4.139325820967729164e-01 5.036127402464781744e-01 2.227437426979702317e-01 8.632853617660577461e-01 4.994569614291305415e-01 1.985792922420279438e-01 4.583835386289847880e-01
5.233352753907569710e-01 4.558434407671379529e-01 2.435016629707470459e-01 8.272970993783130833e-01 5.155950632969966696e-01 1.263496705939095577e-01 7.771677578050273372e-01
2.221244745155039058e-01 1.643658995377083321e-01 2.483025009599719168e-01 8.458638357900465365e-01 6.943962602780633375e-01 2.741718873899292030e-01 7.116561002195271879e-01
4.108148750694932683e-01 2.642823957920485411e-01 1.050834764279938993e-01 9.941430357307177168e-01 7.694945584102361735e-01 5.819240535452401275e-01 8.677369120178293205e-01
4.680384741141620508e-01 2.053102280277828151e-01 2.558980404200891234e-01 9.973960627281087676e-01 3.102236118524112074e-01 8.000249386800768747e-02 6.974991225837702258e-01
4.712660373306006845e-01 4.834674354807607655e-01 1.876080219669564730e-01 8.557057467583802923e-01 9.417598576412929967e-01 5.169064979031388063e-01 9.821796496655964548e-01
4.773197775987313984e-01 4.718775435869127510e-01 2.319124924785895547e-01 9.978580839066046870e-01 7.652601771567913991e-01 2.419367294405053992e-01 5.670386124307157383e-01
9.969004372258998270e-01 3.581359979972360552e-01 2.794915758246643289e-01 4.600552502567287899e-02 4.280566136778995306e-02 6.579062810579355824e-02 7.947685590232752562e-01
5.535890778151189018e-01 8.361489554638047439e-01 1.622033369504650158e-01 7.213048412534387444e-01 3.759947361697866253e-01 1.052127847478525891e-01 5.921314576585022804e-01
4.704413080504082911e-01 2.746041504341318329e-01 2.426428248819755551e-01 7.628676224026952335e-01 6.724193557080215822e-01 6.461881250771091267e-02 7.092749962711991651e-01
2.292607308630825388e-02 8.760684457526444202e-01 4.269818969788788943e-01 1.547589705044078931e-03 2.163075070997930865e-02 5.204470615347560336e-02 5.217323452837577813e-01
2.859119597121546064e-01 8.959529006765007964e-01 8.404826392152136005e-01 4.810485297292249607e-01 5.045948078276105697e-01 4.285148640513312124e-01 3.170163118611870612e-01
4.326423246867295291e-01 1.787373081428512978e-01 9.824777357755554164e-01 8.374694228569539156e-01 9.032355026401945874e-01 9.421697807980858874e-01 3.444324082296886247e-01
4.601521442565440490e-01 1.573524521167145862e-01 8.582708413433811634e-01 9.193402784398096994e-01 9.470039369857201628e-01 8.441210670376441128e-01 4.135942492122232084e-01
3.325518390316643536e-01 7.670865824200255867e-01 8.598503703962114830e-01 9.939023937380563334e-01 6.809125071197799084e-01 4.706462066735858651e-01 8.641469593252616432e-01
3.981760757268612561e-01 2.571514458676536496e-01 8.223040108144646920e-01 9.642905673519547305e-01 8.317847106413727154e-01 1.582276514671412670e-01 6.596407959803388676e-01
4.804898815303814130e-01 8.120832661988588441e-01 8.651557000709504397e-01 8.526128479219232670e-01 2.320238593879762057e-01 1.682511829620294830e-01 6.036187606616816304e-01
4.355151980328473837e-01 3.204966270675104756e-01 8.168137227480670726e-01 9.583584812782632856e-01 5.482442690605389135e-01 3.804996349295732827e-01 6.896668472225240265e-01
3.133634264033723360e-01 7.716657983862881265e-01 9.890292021730866523e-01 8.392537210296434624e-01 9.464793436180439778e-01 2.892654591508203935e-02 5.731392399882320188e-01
4.630371787543811068e-01 8.081443923419616704e-01 8.776961459239004393e-01 9.717045700489861382e-01 5.253289614763549942e-01 2.547412159753337235e-01 4.068112096834380909e-01
5.033510941185893595e-01 2.628733662231146906e-01 6.116362604358335231e-01 7.854621145779320246e-01 9.621630076074492166e-01 1.147256673639783370e-01 9.654562794635110912e-01
3.685862596902748645e-01 4.973756814420843275e-01 8.525942714122946020e-01 9.895247504120553428e-01 6.961091623969225539e-01 1.071050090825582668e-01 5.585964108518219895e-01
1.623381405751784523e-01 5.196775787658189927e-01 4.267836931647106535e-01 9.778910969331043868e-01 4.190839553318554400e-01 9.937398060180702153e-02 3.981810888143119120e-01
2.685471467156603786e-01 8.767175519508952908e-01 9.606569617705936759e-01 8.246579159763111067e-01 2.170279598121391818e-01 1.726518595016842544e-02 6.812588311644026673e-01
8.550819939533967906e-01 4.422676891007837896e-01 8.528361206423923369e-01 7.876759737721090726e-01 5.562074691553717809e-01 1.277533639958660927e-01 7.503669386633984306e-01
4.132016857219643624e-01 7.928266684024912747e-01 9.556336212997563750e-01 9.979661438311634436e-01 5.563772110767870593e-01 5.378883697668854907e-02 8.283662355206564687e-01
5.476893448013596677e-01 5.003032838521584980e-01 9.154668201305787845e-01 9.661623614881423849e-01 7.785326723996784937e-01 9.436084849558222520e-02 9.116892453475170521e-01
5.090897173947743770e-01 2.722124863532461303e-01 8.410602266221512968e-01 9.815168570969993178e-01 3.925674002618508851e-01 1.850320768375148250e-01 7.288921712747038484e-01
2.961134440100717247e-01 7.690743803565797121e-01 9.675747103040773789e-01 9.987038709073428056e-01 6.644326980258569160e-01 2.351402842089450884e-01 4.953245698419862508e-01
4.503188543259132870e-01 8.514407882757217827e-01 5.041467657561518045e-01 9.913158534871476801e-01 6.070515364700298511e-01 1.016064073157091352e-01 8.218498872737393102e-01
2.590147481337499724e-01 3.725401203350429125e-01 3.114524172201709740e-01 7.523824749235861198e-01 7.838989545306198625e-01 5.148162277792299735e-01 5.464428890486164869e-01
3.175565449461315026e-01 8.679777804254190654e-01 2.077521824434155062e-01 7.055333456913753798e-01 2.713375839811618118e-01 1.223529411814916479e-01 9.499652056307282821e-01
4.630827605916694178e-01 5.083095734622723461e-01 8.110803169321539885e-01 9.906112833442854981e-01 9.474843695473161853e-01 2.655719743765028173e-01 7.842498105936359654e-01
3.841575567521066104e-01 5.027938177714654788e-01 9.472918075709322316e-01 9.983637225290544759e-01 9.498882714245573400e-01 1.177369877440094942e-01 5.553984332991200867e-01
4.220172913127827052e-01 4.585025144341187131e-01 8.196700299748230778e-01 9.927642771054503434e-01 7.511377472065509098e-01 1.591783304650496444e-01 8.290191593819261628e-01
1.537356749051612681e-01 4.758418504459218656e-01 6.311924703988857077e-01 9.795637644768380170e-01 9.626987022192141641e-01 7.800253145947648736e-01 2.120345670943676319e-01
4.343773239995647462e-01 1.450950057805830973e-01 5.511610447889960795e-01 9.117434929407689514e-01 9.716938330263701351e-01 2.142256887141838206e-01 7.849366485235753643e-01
5.648391549463204209e-01 4.404698250281686711e-01 8.064331907372046526e-01 9.941673257217102933e-01 7.753533961867058455e-01 1.249384756239930033e-01 7.727049743853905417e-01
3.724163070833708122e-01 8.059125204597799019e-01 8.200789128935846994e-01 9.872734052295546459e-01 5.847064415713210117e-01 4.190397941812547267e-02 7.352920820817684389e-01
2.762595428173572065e-01 8.499078012697184326e-01 8.715057163378107097e-01 7.668791289640296549e-01 5.567056093007348716e-01 1.691921327149580045e-01 9.450614833634455314e-01
7.103722570360213595e-01 1.628231998590251584e-01 7.812211374179315326e-01 8.564691198170895081e-01 7.568239412256019261e-01 2.174353678765883757e-01 7.021558599142904145e-01
4.095849704384784684e-01 1.857428036154586959e-01 8.593341771761044967e-01 9.554603815924230803e-01 8.900517574388877584e-01 1.743681697927156882e-01 9.823468059899144178e-01
6.643680170683630148e-01 8.241976860132340654e-01 8.514933795873035338e-01 9.987368866316255200e-01 7.799665588841693253e-01 4.301977276734365030e-01 3.264798386331982383e-01
4.864115022289562940e-01 1.757315604837109413e-01 9.601738367608462221e-01 9.983575836812261795e-01 8.592955420319901005e-01 1.519367709980323777e-01 8.664899557643576111e-01
5.863567858964221502e-01 1.229989545056865002e-01 6.597231011246520449e-01 6.956387913862502326e-02 4.750283970079242739e-03 1.776410099576286941e-02 7.953224303313467525e-01
