9.407829306907821154e-01 6.400092961109386802e-02 9.068895742704966567e-01 7.828663775438930994e-01 6.670731439766036663e-01 3.602774554250027794e-01 8.867832808470118566e-01
2.709697110871496784e-01 7.724697100330729649e-01 9.776657322359315616e-01 2.391905148217281507e-01 4.092729054326051386e-01 2.347055496475220870e-04 9.825780075609912290e-01
9.794781252124858950e-01 6.329425220949147501e-01 4.634991454568158642e-01 5.143761334666827612e-01 9.951846747037699226e-01 5.018726228744883056e-01 9.819042922330709633e-01
1.336045044094447964e-01 6.852707667487775156e-01 9.727726902486629745e-01 7.937516041149179635e-01 2.590771269486552824e-04 1.126724081784781159e-02 9.890476373912988617e-01
2.059092698305865776e-01 9.435279788416877089e-01 9.086094216135160995e-01 1.266246500478462184e-02 1.187279558339782853e-01 4.580256928452063891e-01 8.524039183238322215e-01
8.545921781224447705e-03 2.227621189387969380e-01 6.702360319304967451e-01 1.665192150233215929e-01 5.457150439862010760e-01 2.245380027285658886e-01 2.861022114548892326e-01
3.724335614368222136e-01 3.736803111637699293e-01 2.790106632530481301e-01 7.270759570810015893e-01 5.246060276658288668e-01 3.444592987421091212e-02 1.668428668049756203e-01
9.400573419057977054e-01 3.245436471147618018e-01 3.061117884561902480e-01 6.941599550190323820e-01 6.468655224724073616e-01 4.647708704089029141e-01 6.719416142338144882e-01
1.399314838869643307e-01 1.963437946780929033e-01 6.110146106677424305e-01 4.739729826397542367e-01 7.947300859595346489e-01 8.386844888414234367e-01 9.266896731452164970e-02
1.240796514954616847e-01 2.491549521953548840e-01 9.983537821875220208e-01 7.297536863669885632e-01 4.167363179256797223e-02 6.372742854030479798e-01 3.953737484304221672e-01
9.369057546626933242e-01 7.423430016369336748e-02 1.483760111691144468e-01 9.436596066892255497e-01 1.063950750157033609e-01 3.945872862516568991e-01 6.610041585056278812e-01
2.114237820383364774e-01 3.959449677527107636e-01 7.223753740687294256e-01 5.129717214010227622e-01 7.748601573304603196e-02 6.564968526810545102e-01 5.331603146252392733e-01
2.847685485287053120e-01 8.288744913889379839e-01 8.789970599790202233e-01 7.198443832760732797e-02 5.394657729735277164e-03 3.901146818146031259e-03 8.000083962425439399e-01
1.714131806011420442e-02 9.419047580822185184e-01 3.714056681134561555e-01 2.471813005115629513e-01 2.646098463160899694e-01 9.333700104852524215e-02 6.022884357085437346e-01
9.157025250309980269e-01 2.205064696554790704e-01 9.228453607921371926e-01 1.652920586208671012e-04 7.377885297856732194e-01 4.190918311999235202e-02 9.834662317505461493e-01
1.382400806338091592e-01 2.987520062817504707e-01 7.005189771632904794e-01 8.485991225037612384e-01 2.085583442278766408e-01 1.049942246830055069e-02 9.480706382655129660e-01
7.712242688084494091e-01 8.221351771109921547e-01 7.776423889614771934e-01 3.596530528108670688e-01 1.431117593484127620e-02 3.984556514077539427e-03 5.655972969648127568e-01
3.196313882277133644e-01 9.617979878447282527e-01 2.616679542269720327e-01 7.200606100452591196e-01 1.191314267385252951e-01 7.361553971005502239e-01 6.222568409869619899e-01
9.529018209692617647e-02 8.107787696200333682e-01 7.036467212767421042e-01 5.853411503244054098e-02 5.341777103046664588e-02 1.326077512555950688e-01 8.154772752172412265e-01
1.764785721100889104e-01 9.481689857464248306e-01 1.017581708048323763e-01 7.511110898364488087e-01 8.538926573430805078e-01 5.190738002094407166e-01 8.595262869233374348e-01
6.838711089631627216e-01 8.225424602043723832e-01 3.827168753233346488e-01 8.375036293471955773e-01 4.009873307154324662e-01 6.755188130918514666e-01 4.067143252722960067e-01
4.116462318189043068e-01 9.448392890445452830e-01 1.781508023937922458e-01 5.196810834949568969e-01 7.146188575621020833e-01 1.582852927958736111e-01 7.325150632151110619e-01
8.165098342550733967e-01 9.121176598011040415e-01 9.523737656380477645e-01 3.496779207034285408e-02 1.395097755438471365e-01 1.873146354709903372e-01 9.246133654275788816e-01
7.689265096845652181e-01 9.017114467250433307e-01 8.329779203315633707e-01 2.702440890361217096e-02 1.782322812710859516e-01 1.557887335221639358e-01 4.596426103498184035e-01
8.021420653128630285e-01 9.205856008890759279e-01 3.810418224943146748e-01 4.575442461470631272e-01 5.055173512500146238e-01 5.384845270255267380e-02 3.298692760559274184e-01
1.645126939156589807e-01 2.919401430830752542e-01 9.743672551813420402e-01 5.241540337833050511e-01 9.470400603645852400e-03 3.581667733863979075e-01 9.733418991275135657e-01
4.628728979219826761e-02 8.464330862660863763e-01 7.230797189883829690e-01 7.192920303986502419e-04 1.341084596440206625e-02 4.057839293727292379e-02 7.658145754831303664e-01
4.870121928326321403e-01 8.837131347419158178e-01 9.001485745739514766e-01 1.936367679289586752e-01 5.462134099429319933e-01 7.598394103466659111e-01 1.279960710545349767e-01
6.423486491924799147e-01 9.885743854035788925e-01 9.300855698251841996e-01 4.058648961772657882e-01 8.267013633003862660e-02 3.664457893147514368e-04 9.901202903551757917e-01
8.114888454649449301e-01 3.738772386364016542e-01 5.190022790099654282e-01 2.723804146642089946e-02 2.945329114242630220e-01 8.668069667311849580e-01 5.853049264082159642e-01
6.097987196234944118e-01 9.609971996903965419e-01 4.845123972041814331e-01 7.810337803619205044e-02 9.826118958525170699e-02 2.621971921580343867e-01 9.770676644488338614e-01
2.973971049234396327e-02 6.001501388988607077e-01 5.557832292535586083e-01 4.786432708560464100e-01 6.663179307825173314e-02 2.891069637726392250e-01 3.285221792032012589e-01
1.858909554690492683e-01 8.336420050176108765e-01 1.400852650634080432e-01 5.353544971361220428e-01 8.820324966739044870e-01 1.610614543357354878e-01 9.511730618359702794e-01
9.552217297915308603e-01 4.825050389136014140e-01 2.806642382529904722e-01 2.116870276149703800e-01 4.301551984386512983e-01 5.072542303718393653e-01 9.427312419806259669e-01
3.837548069267129325e-01 8.454828522628030085e-02 1.840976845226845460e-01 8.511137146254659225e-01 8.885247761418419987e-01 7.277735140063142927e-01 6.734704611076962333e-02
9.271073862978836955e-01 2.626974626714595473e-01 6.543676536078388839e-01 3.308430793795097587e-03 1.353872437272307661e-01 2.353021792416423383e-02 9.337213737584010298e-01
4.461370925179229396e-01 1.648889769862208754e-01 8.787321131630362325e-01 5.142730719970656228e-01 8.038507615974520570e-01 5.291502645722804266e-01 4.615585196137867996e-01
7.545235910517942290e-01 7.864560057102720769e-01 6.305429714741153102e-01 6.707792297177768148e-01 6.234483860373243314e-01 2.207356631781972056e-01 2.217414805230301031e-02
4.876210173716256091e-01 7.850849777700026344e-01 3.122480400262694911e-01 7.648937350506879174e-01 7.244538162051078478e-01 4.621200435436180753e-01 6.073484997471487873e-02
8.346400472241723989e-01 1.302195994316588112e-01 1.350622949705149178e-01 6.109004055360341967e-01 3.914800110140450595e-01 4.637782297798281328e-01 3.601740597319129655e-01
9.597213403287714328e-01 3.239020256193315128e-01 9.321521772019448759e-01 3.081062556599422630e-01 2.814817682201489063e-02 7.864816914953569674e-03 9.979741966715279800e-01
4.000664980771290180e-01 5.745702392060628161e-02 5.118401490623470940e-01 5.879066919508227906e-01 3.393222769672781802e-01 2.448294699798069796e-01 9.752429758810817750e-01
3.596122153213400230e-01 3.178909736964361521e-01 9.230986237532280425e-01 8.506898828616796249e-02 3.465722289692669822e-01 2.979330443348127688e-01 3.765368887455617375e-01
6.660464116050367200e-02 7.832227919536065563e-01 8.371590965423518771e-01 4.375625567008020050e-02 1.943773634989942947e-02 4.801172124961816667e-02 6.484057827004700014e-01
2.537570331713994709e-01 3.076723546818431743e-01 2.554229005762245208e-01 7.185012249191663480e-01 9.978852235591669784e-01 6.843279532027843892e-01 7.096433658612799622e-01
8.744095887465076489e-01 1.936588187207340939e-01 9.137840767968090638e-01 1.385142204901675935e-03 1.056631298467271135e-01 1.778697226213948879e-02 9.960780407668314851e-01
1.530874319166543318e-01 8.518934873367959293e-01 8.881242779492191097e-01 1.465289254024069489e-02 4.766563434067763033e-02 1.552443161564018639e-02 6.705481335452773139e-01
3.373390133499892252e-01 4.069921381230691693e-01 9.671213101920571598e-01 6.378814129105834542e-03 1.172314524041904484e-02 8.622740185665458412e-01 9.490215754405252335e-01
7.983737926736222956e-01 3.029178270600742517e-01 3.607934279936983457e-01 6.340950224922835554e-01 1.612553614238335098e-02 9.767641780568792065e-01 6.195642847043925094e-01
5.503135073385200249e-01 4.053806107577565543e-01 6.268771119865647057e-01 3.610690430469754575e-01 5.917851085363661223e-01 1.122811472420860573e-01 1.323331032863052648e-01
7.914505744184047176e-02 4.532829872845531849e-01 8.083110949218749175e-01 9.996446290584311278e-02 3.455509410011232962e-02 5.937120156355845113e-01 4.002068755020866120e-01
9.970662135448459251e-01 8.012697062454990915e-01 8.091257723537805813e-01 5.476245154129455450e-02 1.130256438611626640e-01 2.950440468977169953e-03 8.284855237066924838e-01
2.330692093944620180e-01 8.856289726652762928e-01 1.400435093409052589e-01 2.549478881516913376e-01 9.932661291785365165e-01 4.295330996142680546e-01 2.988066942978505613e-01
3.900427624481641042e-01 7.673900316166046842e-01 8.686931717979510248e-01 5.003860572577233101e-02 1.827983890781207862e-02 3.205948514936792643e-02 9.897920318975870213e-01
4.019987536994175659e-01 4.318224545366247114e-01 8.200484206532898668e-01 1.949281166939363652e-01 1.901797008372798081e-01 1.603691556133864625e-03 4.839226057752494259e-01
5.870427927057727535e-01 3.536084066962658784e-02 2.926703216917374006e-01 3.549884577836337485e-01 1.467361523401489731e-01 8.087455093454423150e-01 3.011975426251519705e-01
5.050955844812747841e-01 1.714043056389502606e-01 2.810540371256927683e-01 1.401511523182430163e-01 1.956177091916919963e-01 2.516085316246134407e-01 9.835618213367871565e-01
1.790867992123223174e-01 1.053862089136429203e-01 7.758655146643682610e-01 4.415901257619024856e-01 1.254767991893524781e-01 4.219931812795258419e-01 1.685125179950653085e-01
5.675822254711569981e-01 3.700313469548223710e-01 7.135897524992603769e-01 6.902213950097142448e-01 3.056815183036952766e-01 4.776443353132440173e-01 1.530199521280872776e-01
1.492901258731979264e-01 7.934660658996239846e-01 7.436462286548846112e-01 1.074375338790106368e-02 2.485466160554494069e-02 8.945391532664761711e-03 8.640020052576773413e-01
7.363943729316259068e-01 8.122331106074810458e-01 9.032270915781306364e-01 4.271511567209641119e-02 2.615352288215865711e-03 6.859841387569219975e-03 4.310797224982470532e-01
4.160945868662535019e-01 7.352009129259282627e-01 2.996220766291309845e-01 6.130880456435987558e-01 4.478285631702814684e-01 6.666485904968328935e-01 6.852244069076344202e-01
3.309604291070882276e-01 1.949230903201391862e-01 6.659111792923034789e-01 5.434038459426515644e-01 4.257531230764916887e-03 6.680313981493972708e-01 7.776725719196581066e-01
3.363017346538509367e-01 7.473347239402007292e-01 8.389291172529381169e-02 2.644908725068301214e-01 6.255683409195601508e-01 2.951255712921333485e-01 7.184996712818374487e-01
6.569528109290920792e-01 5.392714095402355579e-01 6.592369938632135495e-01 6.050795272186120233e-01 1.054335897007601525e-01 3.475161835460962578e-01 4.567718001426460672e-01
6.271492438360355415e-01 1.476468603159475090e-01 3.656451538874945784e-01 4.792269768687624776e-01 2.249330512893168432e-01 5.966762213455130137e-01 9.625194172540370019e-01
6.028896716663002531e-01 1.397615816676029687e-01 7.610177093213398303e-01 8.364703101018590159e-01 6.457673904074155979e-01 3.109114533421993287e-01 9.363911686188981509e-01
5.582749940935221034e-01 7.745233600471772561e-01 3.954807845158536117e-01 3.649804280519661215e-01 1.605599747442285063e-01 9.220972893152440397e-02 8.644730728618734705e-01
2.307345653607306146e-01 4.210803706870642205e-01 2.115244504251318491e-01 1.523651669615370095e-02 5.043639210445081261e-02 4.527974438885996600e-01 9.175747118367869604e-01
6.800812124085440225e-01 2.134967405484711478e-01 5.782845694474859632e-01 7.615321836145401146e-01 9.906584619253723245e-01 5.294453370193197284e-02 2.616968160474641980e-01
8.221445870927487354e-01 6.303162589338158206e-01 7.519326847143033010e-01 5.074220738494086280e-01 2.021710684159121196e-01 2.886943280540029549e-02 2.080048838206964845e-01
2.286905172832290889e-01 5.619213378906859901e-01 7.969832092365795040e-01 5.010214981111755783e-01 5.607857315718207253e-02 1.802161459064574311e-01 7.813993453890304419e-01
3.402818127360395795e-01 5.712693859948339004e-01 7.652658944719822331e-01 5.924252300499484036e-01 8.754720042880510811e-02 7.824727881386557560e-02 9.749560583326941643e-01
6.778442806983147051e-01 2.522909315570342481e-01 4.873479043321284898e-01 8.217692468095882941e-01 2.042245179114479392e-01 3.312977608724843592e-01 3.339792282835252896e-02
3.665859254986403304e-01 5.045294301926253056e-01 8.757301369458098117e-02 1.126322758933528123e-01 3.988321485892853402e-01 3.882283718445405096e-01 4.916954147902343197e-01
9.471734505512575675e-01 7.047942126766623128e-01 8.401185988112224168e-01 9.742917559906415503e-01 3.420046829861374538e-01 4.602042164390481721e-02 8.818907264388394784e-01
6.894575023216147069e-02 5.408416392938933948e-01 5.412914516943414522e-01 3.466209401923944777e-01 6.406204982314690766e-02 6.867277798191437910e-01 4.840167051977641299e-01
8.446472084339095021e-01 5.988827049709041089e-02 7.683363946904651076e-01 5.904479444752332995e-01 2.733662684758750294e-01 2.863554726007496165e-01 6.120921973675828021e-01
6.936584546782813554e-01 3.260209654550694780e-01 6.554104591462993623e-01 8.503957427402359937e-01 4.118126336282627031e-01 3.908483349656288186e-01 7.257144749693631436e-01
6.862305063699344343e-01 9.586721656645463829e-01 1.269247953590607880e-01 5.740896576959449993e-01 5.586226308392474582e-01 4.620372761770971115e-01 5.660241704812972729e-01
5.859475480170167616e-01 4.832996368912385043e-01 3.211540387200614854e-01 8.827549294763787913e-01 2.007072943196673009e-01 2.287939424305742431e-01 5.951380078289029152e-01
2.816436767350588566e-01 8.818373593796943188e-01 8.100617064987675198e-02 8.242234880249477147e-01 7.503275021613021734e-01 6.017312877153833117e-01 1.344598404228723454e-01
5.681510295826917023e-01 5.009748997945014104e-02 1.992348594460424671e-01 6.220456768594823105e-01 8.330486634480686048e-01 4.785396902208720604e-01 3.112711574116641677e-01
3.130084566181239314e-01 1.497409011174855864e-01 5.752524919326937880e-01 5.650770987902870024e-01 5.656268900208806238e-01 3.232736382771284056e-01 9.817039533361632264e-01
2.632517036702248237e-01 3.070564902527792572e-01 1.687103490355228164e-01 3.397279232348276445e-01 3.056878482774222361e-01 6.487860292558773612e-01 2.617920529994076095e-01
5.369059146550125838e-01 1.255768560225888897e-01 9.132260982789620618e-01 8.837969203080235925e-01 4.460511392798525709e-01 6.959210403338422779e-01 8.873743132886544038e-02
9.422814249644647644e-01 2.906731995913883204e-01 6.633344160547897106e-01 9.843247989626824346e-01 8.986858894730546110e-01 3.783892512377576844e-01 4.178136415281691676e-03
6.682943619136191282e-01 4.828854897078405095e-02 9.205136501114399294e-01 2.306734272173188993e-01 1.304949566399818406e-01 1.645353871919267852e-01 2.316275651971297367e-01
1.870515225166601847e-01 5.563206570984204902e-01 8.318350007299302185e-01 5.559715040935654384e-01 1.959164283163257469e-01 2.680691157515660908e-02 1.284500402275970399e-01
8.754158812831106529e-01 1.602186757500873304e-01 4.273118796578513345e-01 8.003138202507257271e-01 7.851716383857034742e-01 2.789466864448046368e-01 6.811418489034262169e-01
3.009751656185372659e-01 6.362275642760547578e-01 5.600350224848900105e-01 8.613984559242642280e-01 8.702439122775420532e-01 2.301586906890843442e-01 7.508800124199488391e-01
2.926185328972699118e-01 9.090844180666046714e-01 1.209660860005144223e-01 6.178870956835353923e-01 9.729212615835816091e-01 5.959820606223660278e-01 2.935971642538825338e-02
1.366223747030540902e-03 5.217062293899189518e-01 7.532810055816876460e-01 1.647714638936998571e-03 1.155859458612213363e-02 1.480762716571530913e-01 6.049468593318239051e-01
7.228601867914882240e-01 4.544473584760543861e-01 2.038153820861318410e-01 1.091135589723438715e-01 8.083390341651504052e-01 6.461980128759244879e-01 5.824071438779909737e-01
8.093434182691731094e-01 9.929673081822184555e-01 4.318025031175681261e-01 6.615986817872305803e-01 4.528801851507790466e-01 1.488351742846703574e-01 4.615498900217708811e-01
3.995796237831139019e-01 3.272438020986646046e-01 2.871142641713211319e-01 2.287161095381430587e-01 9.204806096475344479e-02 2.351678637826188079e-01 8.855912824331925171e-01
3.784990835221551664e-01 5.995140802066103447e-01 5.423412214119182062e-01 4.383269671470257922e-01 5.849972012315039771e-02 4.981626246519502144e-02 9.484606580254396624e-01
9.468951427818974587e-01 1.249735382493554758e-01 2.240010246585209808e-01 3.813329421634137351e-01 8.743801113413688375e-01 9.857749942873279547e-01 8.575926276694452177e-01
4.869451019115456636e-01 4.383185583982200373e-01 3.222800489491407794e-02 3.982159623278852534e-01 6.277659820245879985e-01 1.423084080190442913e-01 9.894988883287250125e-01
6.605833965015384113e-01 3.711920532995497402e-01 2.295527611255549216e-01 6.021746079036994770e-01 5.296605869093592434e-01 7.179800463831743640e-01 4.520534073928698104e-01
6.680308121399745058e-01 1.294590448306916219e-01 7.142283146658678916e-01 9.924221541391153867e-01 4.968800426464866082e-01 2.019595033724072564e-01 9.382488955149133059e-01
7.078101713154453245e-01 1.271762612465001385e-01 5.784691974903568568e-01 8.610648123911800456e-01 7.608669418504354631e-01 8.981069445894406256e-01 8.208423852189620229e-01
1.068251556547039453e-02 5.016141552552433325e-01 7.614276145878490221e-01 1.940807459904791143e-01 2.177478155018528448e-03 1.055445409775891269e-01 9.251740027744774775e-01
1.291761013417017274e-02 2.420892598074305402e-01 9.176490201629166066e-01 1.863759807584071115e-01 3.119513317256274523e-02 7.438455994720216680e-02 7.478000421564907629e-01
9.313679130374487025e-01 8.760702343900643729e-01 9.643322839856347528e-01 8.783832250331463642e-02 1.608602827690983669e-03 1.985496970015213428e-02 5.264517865824671627e-01
6.677620131370878287e-01 2.106787488853499035e-01 4.447401918756482275e-01 8.931976822119804815e-01 8.904364293277934328e-01 9.733154155650256545e-01 9.091713754757564381e-01
5.853899817427774543e-01 2.921992148644489418e-01 7.645201315209589898e-01 9.843889469109345924e-01 7.628196637174720074e-01 9.537049607086787173e-01 1.033182557240649307e-01
4.860056516532423876e-01 3.385212666831364237e-01 6.294442342614233743e-01 2.594714733409528556e-03 2.584627576449460840e-01 9.938849467728180787e-02 1.102112184620981511e-01
8.215795200121341901e-01 2.024500689904798478e-01 2.753052687726472159e-01 8.009636020144892399e-01 9.594709895004912559e-01 1.724521513136342277e-01 3.827892846093337575e-01
1.164097404886910436e-01 9.060972405958945819e-01 4.936257815369300972e-01 3.753590641555991092e-01 8.642140909947629290e-02 1.018089577228662446e-01 7.293500226645698303e-01
8.056456326642080779e-02 5.717107415002525839e-01 4.469150737822330521e-01 5.855407856363779029e-01 1.015803498665139720e-01 4.522675881781756252e-02 1.665010628931329617e-01
8.278608816305252915e-01 8.144371856816537969e-01 3.659908742688713912e-01 8.133459452798793565e-01 2.311802262658421703e-01 4.572371468626261759e-01 1.911533353862967244e-01
7.801093073958413893e-01 5.121749519260686556e-01 8.776211551766495145e-01 7.840185498718910129e-02 1.169925082543648437e-02 9.601895330149325114e-02 6.834127776001901466e-01
5.223346866656003451e-01 1.547111363998913414e-01 8.883300992537747076e-01 9.027566657728824939e-01 9.298263585603007142e-01 6.972566405613922491e-01 6.927713315850690945e-01
1.276338325692034370e-01 7.775130330427996173e-01 7.788878455551409563e-02 4.720145630887745969e-01 6.597510708566134419e-01 1.722797790030032028e-01 2.655516639949089264e-01
1.752469826661518740e-03 3.028302611049337179e-01 9.108763380768383211e-01 1.098922386599048354e-03 1.131721557304281311e-01 5.227587859863360754e-03 3.891809362715182852e-01
6.509486325559691311e-01 3.510317821701570695e-01 5.746004909048163523e-01 9.465360061298252470e-01 2.284172652814073223e-01 8.681539638402447912e-01 1.731874538387755680e-01
9.633520296194341137e-01 6.532157897259086021e-02 4.601527489626953127e-01 9.272529245127474340e-01 6.952192384341054909e-02 6.785750958009292289e-01 1.506721826427194835e-03
6.142253659674624666e-01 6.770261985179144570e-01 1.630505195324681023e-01 6.768754670000207696e-01 2.545649930469269240e-01 2.057886942451254420e-01 7.429736231251777845e-01
1.413070055934921021e-01 3.041454572660073907e-01 2.332657980184151825e-01 4.060484423466226289e-01 9.882827940778149411e-01 4.623250846808337755e-01 1.169854976189041162e-01
3.691958461742493314e-01 8.536844429826931369e-02 8.868069888002061418e-01 4.184397682858551765e-02 2.219230482840601343e-02 1.690970349501944303e-01 8.242391808877946868e-01
5.912657857206302658e-01 9.606789460809384007e-02 5.556497831453154346e-01 7.430645155558951442e-01 9.942767890476480463e-01 1.341920403195855094e-01 7.634574234385911318e-01
8.312506993015013335e-02 6.179020358243428879e-01 1.428139606656833593e-01 4.668434068038359031e-01 1.060996979067608814e-01 9.104373713536582091e-01 3.094081858829573761e-01
5.361229405544725157e-01 1.862667764483706689e-02 9.397432303383430885e-02 3.955809755023346197e-01 2.894607156840070528e-01 4.373265422326372831e-01 1.012336158970094380e-01
9.223541927994082235e-01 9.346521760163740700e-01 5.677850666023346315e-01 4.498197223424678093e-01 1.719642422098105194e-01 3.451876873216100546e-03 8.580763562709827763e-01
8.519705506024243258e-01 3.615403487016056929e-03 6.998143062415019822e-01 1.519904247711482449e-02 6.779282805243483923e-01 3.198572058275961916e-01 3.569318819607926740e-01
7.466610016318216969e-01 7.787281292763512663e-01 1.583699994589693461e-01 8.568613556887985094e-01 9.357967886720608419e-01 6.373815375837140751e-01 2.712254771299933420e-01
6.881690472029227124e-01 5.373708048769811896e-01 4.185078744291376163e-01 2.634361717254091531e-02 1.267811706490062085e-01 8.749211146017024099e-01 1.198197150356501151e-01
5.269917975456255288e-01 3.868215212031071437e-01 2.246090757124148407e-01 3.331928740884095852e-01 8.298200555984608373e-02 7.033442524130680829e-01 4.190320856624972223e-01
8.636020713367661417e-01 6.140745168854970792e-01 1.129384881935865809e-01 1.248348443098806770e-01 4.031460496334417498e-01 1.533782744326961378e-01 4.200836742327633822e-01
7.226249187246241990e-01 3.043401975652801697e-02 1.800595339658985217e-01 2.386868053704354620e-01 5.330670369312703327e-01 9.256921704851304167e-01 2.949200767706743401e-02
8.574064530542577223e-02 4.014743929581838233e-01 6.944290450100149004e-01 9.575743191544295457e-04 4.512893611639276492e-02 2.859579500385696638e-01 6.455922634285925499e-01
3.456851051848678358e-01 8.650295865452174437e-01 8.938360751303827678e-01 6.206808079466159637e-03 1.158007150645612438e-02 2.595763583636488594e-03 3.808204498861916254e-01
4.330069703099674316e-01 6.023156423387867470e-02 8.666913919956528156e-01 4.241059071666690161e-01 9.853366584748697310e-01 4.802108029188225657e-01 7.957314123961159447e-02
7.113516988233655747e-01 6.775713962980470795e-01 6.559425753070978748e-01 9.401811337141534608e-01 9.611161981507364560e-01 1.663308089695018643e-01 7.127019782637034062e-01
9.391592678854338017e-01 9.640552651546451246e-01 8.240740482759213448e-01 1.274626916085558892e-01 1.004866136010212734e-02 2.911901693202238392e-03 3.556351281850080315e-01
8.431849567566858106e-01 8.285400694267246458e-01 7.039341079149825653e-01 1.176845275125857071e-01 2.337394883108463717e-02 1.689435664720091018e-02 4.589459444861332948e-01
2.958779918136543730e-01 8.379048255803461798e-01 3.382124576340508199e-02 9.237277128762786393e-01 3.341210183167541703e-01 6.977957687616596072e-01 2.960935341653329889e-02
5.492126228660721976e-01 3.132041205483548363e-01 7.643978953125097897e-01 8.655487779124939607e-01 9.377192638546056891e-01 5.740736147916798426e-01 9.186820486277783582e-01
6.086194216901178455e-01 1.226029101872039007e-01 7.808110041725780937e-01 9.383951852302658825e-01 8.612875858000593743e-01 5.386642493637218143e-01 6.735936305596719187e-01
4.030015313574342173e-01 9.053417128919446499e-01 1.048274477895518378e-02 8.237697970491671962e-01 3.001728699630055730e-01 4.345772636185977339e-02 6.577950999799334619e-01
6.737849565754536751e-01 3.301667499250386939e-01 2.694940381160228493e-01 7.941700220336347371e-01 3.532757502518365511e-01 9.299893597627721942e-01 1.103710048189944226e-01
6.337969221281690713e-01 7.204869581369269249e-02 8.746111375675050814e-01 9.895377495261223899e-01 8.214799048757460698e-01 2.660162884830424845e-01 6.971700572663693807e-01
9.955476164403578299e-01 4.582226852661153149e-01 6.115375784436416495e-01 4.611923426073595567e-02 2.260768190684843693e-01 7.218010885707552837e-02 8.123900368026261143e-01
4.232514311746476965e-01 1.427484365992203741e-01 6.200134086325578275e-01 6.703020923072073867e-01 6.530419424753866608e-02 7.972238619505588320e-01 1.928355313721178965e-01
7.396260222206147983e-01 5.207285881726404497e-01 2.857507297400709301e-01 3.162132651008809914e-01 2.231342057143178084e-02 1.967178785090688831e-01 6.121918886326900289e-01
4.028567876808102355e-01 1.270308770155827993e-01 6.986145536371909381e-01 6.362283550648053509e-01 3.171723078746728763e-01 3.772593027164274915e-01 1.381984296581681981e-01
5.852236586445689337e-01 2.514994671618434596e-01 5.349031709273832647e-01 2.177844636530525957e-01 4.184915789123292984e-01 4.431031222432456063e-01 9.244206409958409809e-01
1.047758304112340610e-01 8.693187548007748067e-01 3.998902369315709970e-01 1.397116478111237459e-01 1.365460415709497666e-01 4.307873145974143447e-02 3.032407934694806295e-01
8.381782615145849658e-01 7.201313805364104592e-01 3.806575607153138141e-01 1.057145138406141854e-01 5.807526405980623779e-02 8.990367975308366510e-01 1.120426543278244119e-01
4.778440672100692233e-01 1.204563489923019814e-01 3.068665336561520185e-01 9.182138722455314150e-01 6.748852536663232371e-01 7.310286738282227859e-01 7.695600588324680302e-01
6.734385187809099893e-01 1.951454890613615323e-01 3.772855048928022148e-01 3.959095000475064685e-01 6.402549997908592305e-02 2.340280373755390664e-01 9.956420186452742405e-01
4.904728002637329665e-01 2.076687301943067609e-01 3.964062233335239327e-01 3.442283049705214815e-01 7.773104720165477377e-02 3.352405650861451925e-01 7.069685412544669534e-01
6.269732443039609526e-01 2.164145925078769794e-01 4.432549625423347073e-01 1.043679068716737435e-01 1.507951133154679380e-01 5.143630959590674845e-01 4.560183011965862621e-01
5.558436804524337083e-01 8.279206318190190234e-03 6.889517735420449540e-01 3.490421006728847142e-02 1.173950706419849693e-01 5.259337708649852727e-01 3.181856488419901319e-01
7.563949586913425449e-01 8.927804775473437149e-02 2.756432215819734077e-01 4.041488361366143284e-02 6.430079451954671954e-02 6.942338044334812608e-01 6.171769620463040118e-01
4.499348466214028730e-01 3.485968292544619485e-01 1.240491158776925312e-01 2.187460499941438347e-02 6.788145373968135221e-01 2.134072027734974231e-01 5.093174674612691577e-01
7.010012134439159714e-01 1.937779104059902113e-01 1.970911419245860718e-01 8.947540922068395464e-01 9.009492258625942940e-01 4.267232615100224891e-01 8.288115625950838172e-01
4.218160986791475997e-01 1.673712153638913236e-01 8.522563074764639701e-01 8.543560930623739225e-02 6.009165316506893673e-01 5.357964775112382672e-01 8.055210665336151044e-01
8.697590723410110192e-01 1.507625955180879988e-05 5.464211079701877249e-01 3.133196229835074065e-01 1.408999874937560126e-01 9.813457282711215424e-01 8.137412012787604843e-01
9.560995455862871806e-01 1.980497489393706016e-03 6.341490533737738355e-02 2.071181730886084704e-01 9.997298836123481580e-01 6.900613572595872824e-01 4.776633207511437051e-01
6.815816994102206205e-01 2.022595091475321294e-01 1.208415027890366311e-01 3.993161404233718237e-01 1.496883953214417536e-02 8.976815189664796857e-02 4.369987704336134038e-01
1.176892861445769101e-01 3.328549671742833116e-01 9.117424380526446548e-01 3.921159074917874438e-03 1.512670159063250475e-01 7.052615289538381738e-02 9.996745296963627236e-01
8.532483876831021830e-01 5.128500226677580320e-01 8.143257252710832672e-01 3.403357398176058701e-02 1.760844700190563423e-03 7.612500096402789740e-02 6.198790255881011513e-01
8.003436092935107826e-01 2.448144564816966406e-01 5.690868983752181420e-02 4.816447992711643256e-01 3.129538965011457452e-01 3.759225233350366735e-01 7.116360543179488518e-01
5.714092974522968493e-01 7.966013586275598746e-01 1.318628048249657625e-01 5.308453112369255766e-01 9.150047234952384256e-01 1.446313179586669051e-01 8.122936582963043994e-01
1.347079016772245175e-01 2.103103619101647781e-01 8.927211188044230639e-01 2.865573873748363323e-03 1.446057003595099255e-01 6.355400344626743747e-02 8.145347113550613916e-01
1.047598845660751982e-01 2.599046106159967617e-02 2.140392100193805602e-01 9.772031017697302424e-01 1.017730475213762115e-01 6.275438565912937472e-01 4.659488514726073949e-01
3.201431617161434318e-01 2.763355285536744366e-01 7.317775843589591211e-01 8.673288675922720056e-05 1.016464173410384225e-01 5.489053364390576728e-02 7.696630549140910382e-01
8.066985377572323257e-01 1.426214186535622319e-01 7.486955757721498739e-02 4.039337330486396649e-01 8.236240655958776413e-01 9.297677871290471741e-01 5.746686066752252353e-01
2.451869057810411867e-01 1.740173853779617696e-01 6.880653744793290283e-01 6.148823696678350735e-03 9.801653523732861695e-02 8.133719392407603999e-02 2.282490699202329165e-01
9.735627949630288880e-01 8.581225845615134684e-01 6.559357900141464803e-01 3.856954356589219896e-02 9.097317449521460583e-03 3.367658689886453456e-03 3.852056251026476086e-01
1.244524213354909481e-01 3.413128022102133730e-01 1.400465064993503816e-01 4.333954244681187951e-01 2.992017847609678705e-01 8.844529119413413465e-01 9.995247552705067706e-01
9.356846253882186715e-02 1.533646962592800367e-01 9.446321905891548187e-01 5.923326004648132165e-03 5.878043018335542963e-02 1.971805257230267033e-02 7.319885566722187376e-01
7.003245884710793678e-01 6.816949907282386645e-02 1.299473957985620640e-02 8.208521918182133392e-01 6.225091553218567997e-01 3.413122830484774939e-01 1.537579074907341470e-01
6.779079359839890184e-01 1.796305834875171203e-01 3.811231933178177433e-01 4.454463130647614011e-01 3.263555736385613804e-01 4.140586349824127571e-02 3.183920407965095123e-01
4.361653626059489031e-01 2.322131573833693674e-01 8.409696047440183841e-01 4.606811300139605075e-02 2.605500294478753365e-02 7.749403654327866042e-02 6.251577417767305578e-01
5.479201978250833882e-01 4.742656886126584981e-01 3.895376045642653939e-01 7.662671427299679872e-01 4.385328073596689857e-01 1.541273403773746054e-01 3.722657575448023448e-01
4.158013035604585794e-01 8.508349619351878168e-01 2.653175683969351550e-01 6.034822196439960651e-01 5.602340654283659571e-01 8.976240073316835155e-02 6.212493651766023417e-01
4.469608716264905635e-01 9.051718393901991844e-01 1.802363689046495576e-01 1.567389753983381429e-01 3.479899637519076605e-02 3.932866215752497951e-01 7.220129078706080325e-03
5.506382776838999460e-01 8.434588133923163200e-01 1.298250736490199064e-01 9.179065361285140279e-01 5.860732479919142923e-01 6.977621462857392931e-01 1.418402282052466934e-01
1.340534778143325223e-01 2.171799917454210749e-01 1.142843446378210837e-01 1.790818498147836169e-01 7.037504790841144775e-01 2.008827184214434791e-01 6.431471601332755528e-01
1.167947325484338938e-01 7.702637669303545875e-01 9.494446407681295108e-01 5.248981635629052650e-03 1.591302298473157815e-03 2.324533990919641288e-02 5.003160850759570399e-01
6.839799265591739452e-01 2.212815845176082374e-01 2.952862116557101735e-01 1.548074085464798133e-01 3.569546919716648503e-01 3.979700969062789362e-01 7.343685725475029846e-02
5.599066020370075947e-01 2.410153372849296316e-01 3.789174329986332301e-01 9.171654602302563575e-01 3.561312784516069974e-02 9.965399143113002900e-01 3.597995940206677457e-01
9.017641256709711672e-02 3.211673615761532208e-01 8.317027309452024175e-02 4.104279238761201487e-01 3.217626513873867444e-01 9.397781197072019310e-01 2.000351741143920892e-01
5.177902176998703254e-01 4.322236453345452145e-01 3.214673313021433887e-01 1.879859160699069442e-01 9.887953891056533440e-01 5.436791330634878072e-01 7.729720317409434216e-01
9.815933470602992150e-01 1.631633084950059598e-01 1.566360484393193031e-01 3.584098689564745310e-01 9.393177869678107639e-01 6.616208311152648180e-01 1.810278517706671586e-01
9.004118455159374479e-01 7.295803541551972859e-01 3.429947864742984298e-01 5.411490819533105578e-04 4.544085176579973351e-01 3.780246346388443663e-03 9.972654324324201625e-01
4.338055714882139147e-01 1.912586389542685339e-01 8.943150030326685318e-01 1.702030438412546198e-01 1.018851170007570306e-01 4.078974475355442476e-03 6.420061961881311507e-01
8.713521709693271555e-01 5.653952073142015644e-01 9.632673568513779871e-01 7.704539600365378771e-02 2.741307766080112659e-02 2.850779294218345333e-02 9.133885517866645598e-01
2.301986973813818504e-01 7.378875743382565799e-01 3.866573167053484646e-04 9.301787137434180952e-01 1.432547626019882447e-01 3.016828325937943589e-01 6.854080875798219674e-01
3.072581533534587406e-01 7.581400880118575047e-01 7.132778021308079641e-02 7.843983444545611361e-01 2.371429993531521119e-01 9.305735821058459534e-01 9.321710664172578875e-01
5.397264572792263015e-01 4.383586110494654409e-01 2.531184621242686325e-03 2.333130073051545850e-01 2.275035782534530204e-01 3.784845507014381050e-01 2.504063682916847222e-01
5.150052910653094562e-01 2.220071860349473181e-01 4.280779926159811177e-01 2.139671641379887676e-03 4.926845350046050315e-02 4.793967783004751126e-01 6.295794288105224235e-01
6.493486415233755693e-01 6.235762553932141516e-01 1.106104542847202721e-01 7.897955483591135861e-01 1.456956400901585347e-01 2.508352200697699375e-01 9.765804910812394546e-01
1.784968162447936879e-01 4.309081193140646415e-01 1.967880292137608456e-01 9.299812168874446172e-01 1.808233665962525327e-01 4.510062997367352833e-01 9.639610638604519943e-01
4.611779153767057715e-01 7.982762000206872210e-01 5.847520569753832803e-02 1.500960118579784119e-01 9.890349104110821576e-01 4.030392514731648279e-01 6.381695200065933271e-01
3.901968362141176039e-01 7.453775612295434616e-01 2.395743151100974966e-01 7.385040957820334651e-01 7.308408949708427027e-01 7.914928984053131167e-01 4.915936287817356809e-01
5.399586717850837214e-01 7.449534272054617601e-01 4.457627836433832869e-01 6.564035232510943008e-01 1.930493377825032719e-01 1.831134023007833789e-01 3.208518157273606564e-01
3.560375034615751999e-01 2.777781689225954920e-01 7.773192037882514782e-01 5.260140356245854168e-04 2.341886426950265995e-03 3.349942203896412191e-03 4.382322110797509662e-01
3.947144236657535998e-01 8.006507060857579461e-01 5.379135175448611535e-03 9.985723139503093204e-01 8.029784257692970662e-02 7.794260375361600213e-01 4.773265683778062929e-01
1.367884721648584545e-01 7.497025568646531468e-01 5.283035945912567533e-02 5.813177709398862358e-01 6.582176663125937077e-01 6.980021550178733269e-01 1.511712934467993041e-01
5.610361444780883611e-01 8.298203822064432744e-01 3.597663930294228013e-03 8.355142343540481464e-01 4.916138770522425760e-01 2.801485037719908533e-01 7.220122112664607572e-01
4.234657644829077638e-02 4.755191357641115613e-02 4.540980100518735574e-01 1.058259490342876169e-01 9.174477583414113457e-01 2.396625016982529000e-01 5.775632667043224533e-01
4.584710003272619017e-01 7.903964753016031741e-01 8.853918306195511512e-02 5.461528011895474544e-01 5.471322337360375876e-01 4.211563338616478719e-02 3.181846791982756995e-01
9.336049372403351088e-01 4.686519446056586768e-01 9.268955528137638386e-03 8.416801039740291479e-01 1.499864403799593404e-01 2.886238619061018765e-02 8.811611674136781147e-01
8.820747186161103093e-01 2.948512242668065997e-01 5.804806066141304788e-02 5.943837333505908038e-02 9.280850066675271348e-01 7.059829651649226490e-01 3.298900034836507733e-01
4.803158474800832134e-01 9.728853908012596863e-01 4.859700844324565394e-01 1.678465097684184171e-01 3.360776841924804827e-03 8.865279214588338286e-02 1.331808091418888451e-01
8.846669746950311941e-01 3.008980601063004218e-02 2.909637747497313409e-01 1.443090426953610450e-01 5.716746691771005251e-01 3.600743780461467258e-01 4.676740535092869799e-01
9.918531535036486657e-01 8.783784414431573540e-01 7.125763812681951137e-01 6.772169175304093049e-04 2.886620557482130669e-03 2.575476729139941287e-03 3.528054607502285611e-01
7.488076663055820426e-02 4.158199244399760075e-01 9.625949154984864142e-02 1.712767035410131186e-02 4.171112898736309971e-01 9.995607298946949104e-01 7.623455900026485654e-01
7.848296368905431919e-01 1.459795839259093730e-01 1.290941584139552178e-01 9.412844247087680527e-01 2.506563008214551247e-01 3.699606852544874702e-02 1.644945383118015803e-01
6.100702257625478797e-01 2.193399562837592964e-01 1.769627224117483744e-01 4.057615737376593645e-02 2.347075045678848060e-02 8.256508999803903459e-02 4.463297658207333041e-01
4.081973553731320092e-01 4.988336133902032676e-02 8.543184470057228752e-02 4.046903376138269448e-01 6.878745103485032208e-01 2.692718527155221753e-01 6.729392458480175643e-01
9.359865721332077948e-01 9.922852781432254243e-01 8.648035795668205239e-01 2.623361858731138030e-02 2.502362898068360292e-03 2.375287437997831812e-03 3.450707464161070215e-01
1.966302421975727188e-01 2.708493353627541150e-02 1.785746819353051518e-01 7.841597984131165947e-03 1.857415242168599379e-01 4.395599842211629638e-02 3.531711841723692014e-01
9.281478931472215699e-01 6.910765338948058334e-01 1.213078781920149535e-01 9.379858982278116430e-01 9.989844849373346047e-01 9.299160795553992331e-01 9.983517510844095444e-01
6.858201839925656129e-01 8.169271608432712162e-01 1.449719314371532009e-01 9.183340743433885400e-01 9.613315917547968770e-01 8.939687539866583155e-01 4.554367586060764084e-01
4.328002048495172005e-01 7.923741530528997101e-01 1.883639185606246491e-01 7.608819834128791593e-01 6.573025543038062413e-01 2.635685097707005653e-01 6.419162591751036151e-02
2.777952059184616851e-01 9.161708534398171899e-01 4.778168683444604381e-02 6.578919134071841146e-01 2.788623639387304287e-01 4.106764056356785875e-01 2.621746883310446807e-01
8.930044714132582273e-01 3.497791925728964135e-01 1.758738076505968195e-01 4.362137603878718517e-01 7.347825906565951248e-01 5.554419945402865322e-01 3.201268325378722190e-01
7.656991926948814031e-01 3.702573072846253588e-01 3.612026244234651240e-01 4.864961986349906620e-01 9.611784063729356120e-01 4.596672422962276849e-01 2.027145370601068919e-01
9.986441878865784383e-02 2.574557398402976816e-01 1.481785107437701976e-01 5.259268631202485000e-01 1.885962357637044617e-01 3.496413438246643302e-01 3.481233835296452805e-01
3.528008946586334571e-01 7.560964976077302335e-01 1.589549220480868663e-01 9.580248925527561354e-01 4.240450518932339929e-01 9.447223507461606218e-01 1.830886102319325970e-01
5.914390730931894380e-01 6.559190854482683797e-01 7.820995721153115587e-01 7.620033074930174788e-01 1.445774976787436161e-01 1.332905668359677387e-01 1.899914402176784700e-01
5.353981512815481070e-01 2.270291577013738502e-02 6.326621509406546995e-01 7.221466645028796760e-01 1.707872625505500730e-03 5.506483678540934762e-02 8.072913855900308855e-01
4.445950248322958487e-01 1.607499108275249888e-01 2.143379318838272152e-01 9.162112280543943665e-02 3.052205326360205029e-02 1.323645384748696197e-01 4.729786114671273856e-01
9.288210795450571045e-01 4.913187798393348071e-01 1.338660477490238865e-01 6.670303324940684009e-01 9.774644588912408949e-01 8.539076530112972296e-01 9.370761389871690161e-01
2.707457615986134658e-01 8.614219364063478990e-01 1.176750946467801651e-01 7.613836863779464004e-01 8.750458761449524392e-01 5.565318130035931121e-01 1.336350353163845983e-01
9.828009712793250863e-01 5.093784220712458399e-01 1.474826423363024552e-01 9.490396608933637790e-01 9.361066188936861820e-01 2.185117484633261886e-01 4.123961643777974695e-01
1.838224657188804734e-01 3.936519946339330223e-01 6.363500209501962712e-02 8.256197122146620160e-01 1.651993836633502688e-01 6.912512976793913078e-01 9.824184131962248046e-01
1.380125607920112962e-01 2.022381222961770059e-02 6.330057337501339143e-01 6.000622848119097075e-01 8.761796367377756578e-01 4.088242645844230028e-01 5.948978781954539219e-01
3.291678707509028690e-01 7.600896591739808583e-01 1.613057578410028448e-01 7.493834744134438841e-01 4.942328640800301987e-01 1.628385011392038395e-01 7.628321023931405875e-01
5.830888337194968241e-01 7.280165381997970586e-01 3.495087712853479078e-01 9.814187909097594753e-01 3.847493867953670210e-01 5.018859282061174376e-01 8.483151055805294716e-01
3.508764849659260637e-02 8.768713580018779874e-01 3.998997871607192778e-01 2.030479400453566105e-02 2.304539473830721774e-02 1.269597080361437036e-01 3.072661139235077221e-01
5.405761590934828886e-01 7.330183417274775959e-01 5.097084174693108372e-01 8.235903203530009486e-01 8.006421071558327274e-01 4.958787438407022581e-03 9.395898722126436176e-02
4.406382639401016377e-01 6.359178289263555002e-03 9.774716699344571103e-02 4.631571155217478752e-02 8.558284702506382957e-02 7.824775811231567957e-01 1.774498639324988136e-01
5.182229677113127098e-01 1.758786043105090360e-02 2.138364966693303004e-01 3.771470754322088226e-01 9.943051861324613272e-01 7.577851983741836772e-01 6.019371829073584257e-01
5.637177202230084783e-01 5.966354863151218657e-01 9.220399156694325526e-01 7.688270023912958662e-01 4.323533957901604663e-01 4.694799675999265093e-02 5.285840740690376238e-01
6.619763345248975694e-01 7.140380696057375687e-01 2.883628867219579228e-01 1.411425594591536326e-01 1.408894517724323669e-01 8.814833806288695506e-01 4.324718538460196604e-01
2.970543841143367114e-01 8.482075603398298025e-01 7.561374030003321922e-02 7.575648616012633507e-01 9.829022721438727128e-01 4.744550388025221554e-01 5.271170023958672290e-01
5.205990182520925380e-01 2.350941845059907331e-01 4.694152426308494386e-01 3.736353405656137137e-03 1.046518057186553718e-01 1.901853475587849188e-02 5.782539720313973897e-01
9.078470284114442679e-01 6.208595541643978713e-03 3.959660505621372395e-01 5.850376810651172288e-04 5.369543795052232893e-01 8.628764356332977448e-01 8.468168472733282881e-01
8.949895231025586373e-01 3.336390068245367324e-01 1.117149680610376172e-01 5.964110846236975183e-01 5.092257384803355880e-01 3.547276145397024183e-01 5.435270690820842576e-01
3.395739299543121259e-01 7.278133980778014323e-01 2.363913347005069110e-01 9.142605399940016975e-01 5.419976866284530459e-01 2.929241106633500014e-01 4.915068069586404631e-01
3.862629270718800911e-02 6.153965820873216579e-03 5.640826983329640942e-01 1.561332787866369538e-02 1.398716424268254266e-01 2.311874862230425820e-02 2.641788011598995012e-01
6.048988851980939829e-01 6.427239448218886597e-01 5.341109686769963671e-01 3.122007703363846587e-02 1.643994384445526535e-01 2.546066246256979970e-01 2.148152350512966269e-01
5.916609250911848417e-01 3.260315802063149526e-01 3.403533919915866512e-01 4.580046485061736172e-01 5.272792778448857215e-02 3.142649248442890841e-01 4.027127015999412696e-01
4.355192030178097751e-01 1.034822268447087440e-01 7.356178941090468770e-01 9.053705914154638705e-05 4.627415256500613675e-04 7.764038323558258847e-02 4.847649829192534621e-01
3.099703192290541587e-01 1.391625708222866131e-01 9.652144791972897542e-01 6.990582968068641267e-02 8.836658024780324333e-04 5.876440272699654660e-03 9.510246485310993592e-01
2.767034131956557230e-01 8.597415681598649106e-01 1.498069529012695245e-01 9.388642748884655775e-01 3.096525754032862232e-01 2.383750440240527957e-01 2.729939839974291349e-01
1.078686240950449265e-01 5.851779678968547227e-01 4.293266321127326424e-01 1.504896856473454947e-01 6.102584128885102550e-03 1.052193121374638551e-01 5.704797456048900095e-01
6.054457324909621185e-01 6.218805526899942038e-01 8.703167557628725959e-01 9.312879976964916207e-01 7.407466151329096249e-01 2.305740883583685518e-03 6.908118149647837769e-02
6.062457078417606837e-01 6.146250195068918287e-03 3.016071155365537271e-01 3.841584058744300645e-01 4.041763008247633432e-02 3.380734960824209878e-01 9.442717887697547052e-01
1.403425735788865203e-01 2.099981069169221670e-01 8.675560195950478004e-01 1.138570468330176409e-02 1.082889473936986258e-01 1.078866409567277819e-03 1.638682602392679604e-03
3.391697824345151213e-01 4.427141350429933397e-01 9.928558903386219825e-01 2.250074871152223654e-01 4.459105597910718172e-02 1.144120444800194973e-02 6.043492663367681095e-01
3.881399926642171289e-02 2.687843087588887570e-01 7.327596007572929615e-01 1.787893440860554911e-03 3.678758987995388047e-03 3.791131773703281665e-02 5.978499036134840017e-01
2.039089241288349341e-01 3.592877078147662107e-01 2.617691729342196960e-01 9.151627131078554633e-01 8.174504908730679809e-01 4.832420222918611952e-01 8.226012421882455961e-01
1.197651773358074656e-01 2.561714112879585059e-01 1.381697275065557340e-01 6.836864224481543628e-01 6.635194588790616077e-01 3.146625843259351352e-01 6.191478133330190481e-01
7.435304984307321563e-01 2.975163639658194858e-01 1.151052467445788929e-01 6.366519960665455447e-01 7.978067501716101795e-01 7.451187136265848832e-01 2.106519526899617856e-01
4.759463726214178125e-01 7.432160208662891288e-01 1.147180157965814601e-01 2.696657270943710050e-02 2.972256058066107265e-01 3.500238336469744388e-02 8.874611715112321608e-01
7.152247376716327487e-01 3.088331159171932017e-01 1.503174106026307355e-02 2.750336579778063228e-01 2.041101693647821569e-01 2.985410786501134783e-01 1.036935169069381213e-01
8.894515149636836870e-01 4.373292778452649715e-02 3.570269709636822442e-02 7.980292995143353219e-01 7.900963159308178607e-01 8.083685477960033117e-01 7.647518903459500361e-01
5.221854557190472867e-01 5.377336274620979628e-01 6.635623941283826932e-01 9.356107069972330326e-02 1.631523122509723027e-03 1.172073105512158042e-01 9.380483035087541221e-01
3.885019610546730506e-01 7.979570506915514283e-01 1.622602729998565696e-01 9.973634067655835489e-01 4.141742049721842123e-01 3.292543815076939828e-01 8.479532614451835704e-01
1.451028002691981955e-01 1.076810863729811413e-01 2.612791004147468343e-01 2.585661623257914585e-02 8.930442251497580086e-01 1.771827729576791188e-01 2.887723958921197265e-01
1.677664773083828165e-01 4.506381351891858289e-01 1.725804666553904521e-01 6.913365107189983760e-01 8.651562431788702989e-01 8.222794212138567760e-02 8.779138428586179543e-01
9.060669412564605896e-01 7.420106889689351837e-01 1.404646298058623288e-01 2.894903275910284957e-03 6.327274352999151530e-03 5.355293633579332191e-01 3.649888697336348686e-01
6.166785586200428382e-01 7.687963849716559217e-01 9.796742348380763077e-02 3.684705694996043279e-02 6.638457413762227644e-02 2.429201395984469936e-01 7.770312033898252313e-01
5.436493060454515858e-01 6.022157450717270377e-01 6.303423398608104522e-01 2.230497663136055408e-01 1.061264022875970693e-02 1.043672094550120860e-01 9.511313930202937028e-01
3.610991315406635871e-01 7.658505818311752700e-01 1.761280000657040601e-01 9.976000939740969908e-01 6.866635215649998791e-01 7.529787509693030428e-03 7.670786374326418189e-01
2.813762462039172130e-01 5.356592045684034353e-01 6.709390302729373312e-01 3.898543703695750429e-02 1.027989614737562923e-03 2.352634461230570795e-01 2.590331869265112275e-01
7.444830363398511341e-01 7.312132405765014997e-01 1.475691245158317899e-01 2.769593953421182753e-01 6.709223235612938874e-01 9.234676867820367230e-01 9.917378160077796601e-01
1.562062661149928033e-01 4.030993328052853153e-01 1.316913594189921266e-01 8.082447231306950641e-01 4.790378182357530878e-01 7.551574715691792283e-01 7.556485096308350746e-01
3.983958171486421951e-01 4.327438802069125817e-02 1.830387896641214873e-01 7.590543292889578852e-01 2.714032288295759598e-01 8.657267591543332808e-02 8.846630790650932274e-01
6.414207887757323867e-01 6.354049008596773795e-01 5.565005107367111403e-01 4.602289464161515853e-02 2.859963665290395918e-01 1.467102927296839651e-02 1.208271915572523975e-01
4.960370189787829953e-01 5.095815781116010967e-01 8.326802772411235898e-01 3.768424940726874950e-02 5.394255062774102466e-02 2.664595786065533378e-01 8.759209763240940472e-01
1.030901856872980527e-01 1.778782853667830455e-02 6.697540692020614861e-01 2.271339073979517648e-02 3.704261257468808854e-01 5.982378580054635575e-02 9.148970041111122165e-02
5.183351110165091979e-01 5.115619107221529571e-01 8.572418902590532852e-01 3.660664864459582148e-03 8.123584315842684311e-02 7.594320790599126680e-02 6.008779531352815839e-01
4.756253188776100593e-01 8.496349526778032013e-01 1.672377540530229079e-01 8.354863236953482541e-01 1.779809073309707723e-01 8.439348090491718968e-02 4.044753575054770289e-01
8.749134442331759631e-01 5.808023112217558515e-01 7.743783400484551827e-01 4.670796081114585857e-02 8.466326994408081286e-02 3.264284761090731346e-03 8.024496310577199365e-01
2.595542111031677868e-01 5.087082029568303909e-01 7.914504493478478064e-01 1.868811555637979738e-01 1.880904997525321629e-02 1.134371882531703653e-03 8.401433027743879789e-01
7.870140644168350796e-01 1.119552272486152023e-01 1.438899506800943306e-01 9.944544966133973540e-01 4.090121165946442039e-01 4.231824859224350699e-01 7.662727139143251653e-01
4.748942521831076014e-01 5.447874386705887223e-02 9.192275920298446923e-02 6.216999963868635737e-01 9.313126005076376446e-01 3.702128658689776697e-01 8.532329701742561445e-01
9.001775861297436343e-01 3.992265013935120677e-01 2.022008210899993441e-01 7.919739673874530705e-01 7.298367310564758403e-01 2.110831925994827718e-01 9.012849036283167026e-01
1.091135828811453656e-01 2.523226283778376433e-01 1.480050759932436677e-01 2.394839383815824674e-01 7.170367382969746739e-01 1.452339634724295059e-01 6.481558158255510405e-01
3.784689592982708461e-01 1.030879102977800138e-01 1.569114213902323696e-01 6.986865534119427457e-01 2.795373357436690687e-01 8.346127315889472209e-01 2.216223051093638985e-01
8.665988903483038408e-01 4.109747477398796867e-01 2.440376960939179551e-01 1.110916168396840209e-01 9.965364509101718449e-01 3.061112305650300156e-03 9.205018045744256527e-01
6.386655016620944592e-01 5.168905452958721947e-01 9.504002050433499882e-01 7.761556288102254564e-02 1.298223423117149649e-03 1.419720123821244587e-02 8.100879311639197500e-01
2.915934127270647380e-01 3.500221126530960181e-01 1.711094238991317795e-01 8.664297832813040445e-01 4.146637847733146420e-02 2.491137484088727649e-01 3.238572527676461532e-01
5.714927463119453405e-02 6.477501885695371442e-01 6.974682475551469141e-02 7.725885748263657815e-01 7.113048347132093774e-01 5.172598668397982991e-01 2.976193809136687962e-01
9.930444623183707353e-01 6.761719821217702098e-01 1.700694868716084995e-01 5.582527894805084934e-01 8.316933887706045025e-01 5.079982427641039910e-01 1.037348277396722696e-01
7.025717771942370238e-01 2.569133609862646606e-01 9.736171439576337197e-03 5.852464838593711693e-01 2.157501928364910504e-01 8.174978744486602888e-01 6.840535694743183903e-01
2.482275132827037045e-01 3.824443015953834513e-01 5.582395721688780676e-02 2.219917418214776839e-01 5.140081041374293669e-01 7.117687065671294278e-01 6.383272836172356746e-01
2.744302859021998109e-01 8.615651385016305230e-01 1.008172474721991257e-01 9.553070476613916284e-01 5.109202254253800701e-01 1.289171042925701671e-01 8.815845306950399474e-01
3.290280080905039206e-01 5.149771759913064351e-01 7.302064332779368838e-01 5.471946444051903335e-02 2.963343402227576126e-04 8.731258536091636435e-02 2.402110811991179373e-01
4.047240170887027033e-01 1.767948986797470423e-01 7.126099219885864700e-02 4.714912708638974853e-02 9.275922065429592633e-01 7.821919916943437245e-02 9.328239026188233085e-01
2.070676818095907312e-01 1.670763164880535723e-01 2.636740802412498308e-01 7.666624243078411505e-01 6.601671907326022160e-01 4.091338885164140793e-01 3.371370646449260433e-01
1.691800855627706712e-01 4.036545134051517936e-01 2.817183434325108982e-01 4.875125237906991482e-01 8.803502291893692266e-01 1.059751484043462838e-01 2.859910602227076493e-01
3.998107617898261079e-01 4.938020937934171073e-01 1.014593983065118915e-01 4.436917077924253383e-01 6.669638952454356451e-01 2.341611067642513644e-01 3.202606900019479563e-01
4.403657584112197765e-01 3.065601950620777116e-01 2.713410629202352431e-01 1.067801289276469057e-01 5.349040523243512313e-01 3.346795347667574916e-02 3.526764336058215710e-01
1.493939602343958284e-01 7.444192464958073741e-01 9.891916511307122239e-02 9.400451848904649577e-01 4.434781220579936400e-01 4.110155723788895266e-01 1.118438677702147527e-01
5.644963024663157691e-01 2.454154579414066506e-01 5.660632595704820913e-01 9.345195615916079140e-03 1.108529400309059450e-02 9.536261762782199253e-03 5.968601574582601543e-01
4.972526045810818363e-01 1.960604085997206258e-01 1.964066179168346971e-01 5.502355525685459492e-01 4.962649883938655693e-01 1.015141159934181553e-01 7.195876871114362805e-01
6.631125242853730395e-01 7.191068653593031546e-02 1.650959747048038051e-01 6.948921182737437530e-01 2.527227421023519605e-01 9.699769571884792052e-01 5.285817888650397034e-01
1.826231513479532331e-01 1.417861746816283242e-01 1.744764218352568286e-01 7.141357076872310028e-01 3.305665714982752856e-01 4.088781946266464296e-01 8.312005774582527096e-01
2.553337492986622603e-01 1.624354776265231615e-01 1.884942186388602892e-01 8.677628524294416223e-01 2.673659948119899710e-01 7.355995515397396600e-01 7.662101086125474581e-01
2.271168572697320198e-01 1.362339695611288204e-01 2.369740762963668257e-01 3.780476435991877437e-01 7.856758760188740087e-01 2.844105061619428554e-01 1.843717709006031241e-02
1.243105998755824892e-01 1.008182258046438490e-01 1.930277384866322665e-01 7.371646816562532623e-01 9.074831892840282688e-01 2.604785182782640707e-01 5.611252370800386968e-01
9.723442461970273065e-01 6.164828353914199033e-01 8.177963360759019640e-01 3.852692477861129582e-04 5.407979307642926670e-02 2.064312000560773654e-03 9.818879210977988770e-01
1.260131373449577090e-02 4.215493531698855101e-01 1.870852060454244459e-01 3.263990981854228597e-03 1.378175500502678008e-01 5.561217277470735798e-01 6.019051836306715808e-01
7.752327773399119160e-01 5.815074157749495765e-01 4.291430965340691656e-02 7.418238500232468002e-01 8.060683685920095876e-01 8.896673349213031212e-01 7.628953109798790599e-01
3.280912810146389136e-01 5.025047363213378526e-01 4.499881250499172466e-03 9.425203983366052807e-01 7.387122529730186793e-01 6.182403118428044797e-01 9.006428501666479125e-01
9.631592185993926858e-01 5.231501344125175645e-01 1.732719749054955904e-01 7.699955872581470961e-01 2.299927237755971243e-01 4.613944084314489658e-01 7.849096945893421218e-01
7.554566329125048663e-01 1.448484179392562632e-01 1.943815884426941809e-01 9.950646828267432076e-01 7.616245261717083936e-01 7.808160306287272867e-01 3.497316133486343959e-01
7.917998914778052733e-01 3.526232505743436829e-01 1.862048803087176796e-01 3.103259939682520563e-01 8.807249733100593891e-01 6.310742794131553035e-01 6.561001826921819546e-01
9.949452828695372064e-01 7.982661792873095852e-01 8.388323142230925678e-01 3.331377109223115918e-02 7.426593122467860068e-03 3.996043307128241580e-03 3.471942279351048488e-01
5.620868677250178136e-01 4.680926339541872094e-01 3.292877711393904505e-01 9.219028146579064664e-01 2.044420985965425264e-01 1.866705353985612451e-02 8.310953614102603026e-01
6.742811850797981732e-01 8.240121701259118803e-01 1.098558743639113378e-01 9.030937272975730901e-01 6.425883413645131492e-01 6.110247691695761540e-01 9.430166565836141102e-01
2.508204167268366369e-01 3.348373134875665680e-01 2.410599579536677056e-02 1.993173069373452566e-01 3.628143646548869228e-01 2.255863117206872437e-01 5.957803076197930592e-01
8.042673705070905177e-01 3.418341404485024104e-01 2.258964416085050830e-01 5.299934099319476566e-01 5.271162196181636839e-01 9.698244926048237013e-02 1.109658755016731807e-01
7.859463867135154658e-01 5.660431070099913343e-03 4.884734065528907321e-01 1.333877017870803150e-01 6.365374061944742423e-02 9.325455972688123651e-01 7.081247171075298885e-01
1.200475078159381065e-01 4.974868427876906196e-01 1.738370074867190695e-01 7.154758672438682465e-01 2.512366408031659060e-03 3.835276883602097286e-01 8.740577560645140798e-01
7.120403383123348195e-01 6.681478574075728760e-01 1.527842060460621876e-01 3.354911996850411526e-01 9.075269061149393579e-01 3.319135031297247296e-01 1.459636226015036675e-01
5.018029407648680884e-01 4.259641610824410618e-01 1.804354887672284802e-01 3.279333103816235995e-01 8.392387004875143663e-01 2.634968011136099020e-01 5.844076807992709677e-01
3.448520157778340867e-01 5.039390121021901647e-01 8.008072835454929650e-02 5.144179154425275735e-01 6.290190793307893768e-01 3.724139659221028520e-01 9.512614177314273611e-01
6.590288601872404950e-01 8.493582539050786862e-01 2.423289452860962478e-01 7.781972263817452662e-01 2.747701584026162602e-01 2.592010720368927504e-02 7.689221633478936502e-01
9.029565513794908238e-01 2.341065573214888007e-01 1.758583095809445607e-01 7.138623936570902551e-01 8.652445306942796455e-01 2.410625656907768033e-02 7.287350521359252653e-01
4.052086036127319768e-01 4.845387281319012973e-01 1.517616339867255693e-01 4.985377571099844363e-01 9.944331622443369767e-01 1.117224624021698060e-01 6.094714954987185962e-01
2.251738496963185954e-01 3.551559751213078098e-01 1.867632719233590644e-01 6.755715894046113723e-01 7.278098827376642266e-01 3.881040868754782602e-01 9.646490109236631749e-01
5.499073547735322531e-01 1.794928136576543626e-02 2.075659832124264748e-01 1.491217776896925362e-01 4.669106997930015934e-01 9.467860808347215718e-02 9.894979909366533599e-01
9.539399959144423402e-01 6.278848237726353254e-01 7.330503884531328063e-02 7.973418863226823250e-01 9.173636720738669315e-01 2.562460121545863667e-01 3.580689855350145945e-01
1.811704320066661600e-01 2.011630980254347500e-01 2.972977110382432619e-01 9.847934149399898418e-01 7.205467307503758967e-01 1.341798512124196263e-01 9.193967701487109068e-01
9.515688227599278237e-01 8.282203370526421138e-02 2.094071038012708941e-01 3.251878911272466227e-02 1.055840974822855327e-01 3.753070776946543230e-01 3.382633308752196477e-01
1.010135868162654882e-01 5.099696606681459743e-01 2.058728310461391819e-01 9.474680413120356581e-01 7.540429984300222044e-01 7.442848865893904042e-01 7.800344566549848313e-01
5.756986318844946604e-01 6.574880974103187725e-01 4.835730125747618180e-01 5.670470071841235415e-02 8.968242666010158015e-02 2.620413104194763143e-02 2.299904986750376523e-01
8.949635323973841317e-01 5.923630934094365613e-02 2.792906756839091953e-01 1.952359319016810230e-02 1.489555799548777093e-01 5.470799158027100928e-01 9.703367781471435860e-01
4.700213412009328351e-02 4.123490459512673678e-01 2.858837120951446611e-02 3.329449325055262587e-01 9.417751002661920445e-01 5.457647127408707943e-01 3.114741642657015697e-01
8.270975197335347362e-01 1.137739702639965593e-02 6.008924346141425454e-01 2.804941440369714684e-02 1.376078495431569126e-01 1.328584784386314388e-01 7.519922525791917778e-01
6.562166287276770538e-01 5.981808521693833258e-01 2.815431812917209564e-01 3.764361425154946761e-02 1.455676866903351336e-03 3.405317918247908332e-02 9.778139841228611351e-01
2.196576960969427172e-01 8.760975309523767462e-01 1.328513903789236561e-01 1.157538848244315244e-01 1.109703988793750255e-02 2.906761129862551682e-02 3.100195497200737282e-01
3.959950733134049439e-01 9.171099315965550725e-01 1.900702252493926270e-01 1.604666779442587288e-01 2.662476685929581269e-02 5.908472708750411168e-02 6.875572476743534445e-01
6.880605544251304773e-01 3.605675805260014077e-01 4.937284742097090562e-01 1.291091836126600778e-01 2.289224551941592897e-02 3.397996266670059995e-02 4.978525974723421732e-01
8.232803219365220082e-01 3.423069879853213870e-01 8.820470887660863957e-01 1.942320182616903701e-02 1.679937877838934279e-01 3.907038183366272517e-03 5.264861247937665523e-01
4.781581694258816295e-01 4.830302333105055967e-01 1.846098079656027513e-01 7.491223225029635113e-01 2.827478195719148601e-01 9.753160225279416951e-01 6.220794240755830318e-01
7.595759900921290608e-01 1.242142249565728190e-01 1.464863845407319010e-01 8.638439915103657274e-01 5.102682997863312586e-01 1.902427319397094752e-01 7.853030722417939646e-01
3.900235876533951762e-01 4.876732663356823649e-01 1.533008536145063494e-01 9.470122385150597788e-01 1.754504686762607679e-01 2.934173088999587065e-01 6.941471114685433541e-01
6.406927955030489175e-01 7.386204077831544368e-02 1.404545152209848990e-01 7.743175676213533976e-01 3.658181122460040235e-01 5.267019444332281530e-01 8.190959076597781330e-01
9.027112659113063486e-01 4.519385505618865873e-01 1.186401848763592864e-01 9.967505613359229910e-01 6.121674049476509838e-01 5.607618114161835310e-01 8.977699017866457298e-01
4.530512023761871787e-01 2.946003662258626088e-01 1.802682950872276091e-01 2.399323140023617296e-01 7.496566155786626995e-01 3.716801960938337368e-01 7.334398928104741699e-01
5.113317737538785046e-01 4.942443763910465138e-01 2.576572671783494695e-01 9.650768568523174773e-01 7.869896583734757867e-01 5.311026327296097804e-01 1.736960543709573090e-01
4.749167838371355366e-01 6.025123049370479933e-01 6.425680513163802010e-02 9.473856424694842016e-01 1.427509175277215034e-02 4.498302323046730056e-01 3.484329830385121118e-01
8.137481255388901991e-01 1.836862700646183511e-01 3.187789126547649343e-01 5.496945929822776300e-01 6.084633772347797231e-01 9.235891361488071660e-02 4.973495650713852800e-01
5.073596143604998110e-01 4.781152928404501790e-01 2.365584908036285072e-01 9.490248224900103002e-01 4.860878951633735290e-01 3.008275821872775091e-01 9.123861109423532234e-01
6.283520674197936584e-01 6.975888306517844060e-04 1.249692657329437295e-01 8.143916855965437074e-02 2.329330462295893522e-02 1.978047942418866556e-01 2.092047210316281547e-01
7.541543630898615846e-02 6.209036686769177082e-01 9.421396436640568084e-02 5.073934972945353117e-01 6.090748992940295814e-01 2.901491650930097532e-01 9.919732188398424633e-01
7.307044579069332801e-01 2.677430477875842318e-01 3.670347238407019319e-02 8.527373829472609801e-01 9.408708539528357617e-01 1.973909201283092496e-01 3.322341421473136713e-01
8.774319035104874986e-01 1.134570240689257992e-01 3.105357890433995127e-01 6.130424372821620116e-01 5.606299816536844949e-01 1.073678170328610793e-01 9.152845556389559434e-01
2.754228845845314022e-01 1.412191847177861510e-02 3.915114232577833198e-01 9.019048997903978959e-01 3.830171978300810354e-01 6.257101409156501370e-01 1.111460058771656240e-01
1.431267235121157499e-01 5.810138050404138887e-01 5.229970978329028242e-01 1.523521350828927479e-01 3.801290934939914688e-03 6.622809333446547098e-02 8.325818396994807413e-01
9.803188157888165222e-02 6.093988513510902871e-01 6.974136174705557190e-02 7.391578715504809605e-01 5.648668192060736226e-01 7.207706512256270015e-01 8.502400181322253836e-01
8.452381405371068857e-01 7.560280371838054014e-01 7.212262856467450689e-01 5.479650323672867474e-02 1.042363084607075396e-03 1.655940877883010920e-03 1.502251738382266548e-02
7.428674072877533563e-01 1.372832060424108436e-01 1.437507969207890146e-01 8.432261026071175003e-01 7.491378942129345297e-01 7.903811171277527192e-01 9.858400575232276752e-01
1.763855049243937267e-01 3.084883590043507318e-01 8.649307964118295722e-01 8.897321246663271177e-01 8.947975400143078073e-02 7.687408230108212608e-03 2.434909427276081562e-01
8.493052903436441037e-01 4.241824515585255195e-01 1.507690001806431812e-01 3.192179674284083002e-01 9.514122912469785698e-01 2.856887283219581297e-01 4.651344983299763314e-01
7.629351754879145631e-01 1.710762680976934610e-02 2.446397938610032075e-01 2.774865770110076244e-04 3.115112926846986818e-01 7.470942352505315076e-02 9.115365321560900957e-01
2.943968998913088497e-01 5.410581643675219654e-01 5.610039122570216474e-02 3.452211368780451761e-01 7.598255257743550262e-01 3.425539686350069779e-01 2.815854241041322314e-01
6.430648351404328888e-01 5.037162850579316453e-01 7.365836673539158386e-02 5.943607436054670901e-01 2.630545421342357360e-01 4.761594773196582975e-01 5.011438690282322694e-01
7.060159519490176727e-01 4.811195480713257866e-01 6.102154283191223855e-02 8.666708367737542273e-01 8.164257822242437790e-01 8.301181824284152855e-01 6.425718873104120377e-01
1.796885234852563518e-01 3.129634110434784122e-01 2.518780116308081407e-01 8.282966727145508745e-01 6.295741509591208374e-01 2.016816644163741540e-02 1.641729156890976149e-01
1.794457236090636065e-01 3.430684851419933401e-01 1.706488494561776703e-01 7.714939838379177850e-01 4.785418034752635941e-01 7.492692783065006690e-02 4.849944965690015652e-01
9.777137555060220198e-01 4.729394261792241316e-01 1.330898877427592331e-01 8.682067656160190605e-01 7.939905521330625771e-01 2.101701071788192599e-01 3.833202996802385076e-01
7.020212027641523633e-01 2.453070694500243121e-01 7.982029266475113571e-01 2.835493941756591640e-01 1.462030282005949769e-02 3.636975291728040786e-03 4.813697722508536447e-01
4.651241295753841265e-01 2.073483739189370401e-01 2.472055323085740330e-01 8.981535528093075316e-01 2.760216849278762652e-01 4.452617549655294438e-01 6.447271588982326218e-01
5.511902742675982569e-01 4.265843846925038152e-02 1.486834045871288645e-01 9.274916090374780708e-01 3.682460950265512706e-02 1.113054959863367943e-01 4.005730148534609181e-01
1.116862968231098763e-01 2.326791951909811251e-01 5.147648577694277083e-01 4.381011145315392291e-02 2.840546909100071793e-01 2.860785879941395993e-01 6.225217763566355256e-01
2.632840778002221160e-01 1.328102501004204683e-01 1.705155538262439485e-01 2.831544513252246542e-01 9.543266539791300795e-01 7.710732794166866300e-02 3.228095237737836354e-01
9.143260661818978230e-01 3.367396243934220323e-01 1.186537961322034762e-01 4.353255993017119407e-01 6.643905296937390181e-01 1.203782020618912769e-02 1.245026230498661596e-01
7.919575035428100263e-01 3.733027385306084689e-01 8.112972214358005196e-02 8.647700483583375952e-01 6.922560900386485194e-01 2.541940827679370352e-01 4.078273328531615283e-01
2.803791625284504097e-01 2.172241825001267612e-01 9.154277231683556615e-03 9.261745007409988295e-01 1.070592526396752370e-01 9.553445294760414264e-01 2.871351429550699219e-01
4.437498896394379000e-01 2.926768107618165082e-01 1.635847965905939116e-01 9.730598249363431318e-01 2.923635500839165124e-01 5.136959906835624201e-01 8.807762458032942776e-01
4.872500656442347311e-01 3.042953278009597473e-01 1.714432396047669838e-01 8.793695205692139139e-01 3.508471409315382927e-01 1.907778586698794798e-01 4.091608665586755067e-01
8.982170833149734079e-01 2.348163641236367949e-01 1.254125030278474551e-01 9.381931043618774169e-01 6.631863549415357717e-01 2.416450865174488705e-01 3.309909780908262267e-01
5.204793130176754712e-01 4.813128440579870770e-01 3.134399443339582203e-01 8.751842960900532153e-01 1.118560994209400750e-01 2.583191023223217475e-01 4.042059042987581341e-01
1.510005939052516954e-01 1.198398338076491904e-01 4.241814940069584261e-01 6.561540094649501720e-01 4.471991003084487271e-01 1.225354972642830609e-01 6.149391080533767040e-01
9.607669151554201759e-02 3.803317223852877849e-01 6.776291350985947926e-01 1.066032837922625126e-03 1.630206547249122007e-01 1.170075665936741866e-01 6.973609775890458051e-01
5.201995868119369676e-02 1.642878157373513781e-01 9.977355903478439536e-02 4.746061932548047979e-01 9.096646588544331502e-01 6.184236608616414665e-01 9.541529569314878279e-01
7.059517438892126684e-01 9.668160916665438642e-02 1.680585963158569007e-01 5.925690603621327490e-01 9.393523313978047184e-01 6.979723454238001557e-01 3.873588611255168179e-01
1.965499495370129912e-01 4.746564581293497564e-01 1.186003905862796359e-01 4.600248320007634950e-01 4.680065864113918117e-01 1.944785380906382810e-01 5.262099568624710733e-01
2.060069923828811711e-01 6.760796714222985226e-01 2.984443632693456472e-02 1.777646630930937166e-01 2.998591866001033557e-01 2.267493899073229624e-01 4.817339007617377766e-01
5.156244884138512230e-01 4.271363531135144997e-01 1.718233334505880061e-01 9.267071335154357659e-01 2.516512513674475371e-01 1.802951936284197254e-01 1.301591672090479657e-01
1.237793891112288908e-01 4.009574942686057186e-01 6.541595816590973778e-01 1.656489204103760993e-01 6.630536423264342220e-03 3.118665818063111675e-02 6.174676829515471921e-01
4.437397870256971077e-01 1.681424072961450744e-01 1.180648715177970709e-01 3.970658338488469719e-01 7.727934033595604824e-01 3.836019876236261283e-01 8.672842318909036452e-01
4.581627701691156629e-01 5.075419713015901779e-01 2.962430856542426771e-01 7.258211560155409803e-01 2.267252140137669125e-01 1.723229912686665144e-01 2.836316092793347288e-01
4.893093262105220886e-01 4.853350393583569788e-01 2.409068797264163064e-01 9.429087494106103140e-01 4.956429795333746613e-01 1.332035635930580719e-01 6.188464162013783687e-01
9.432778233671640367e-01 6.143755786001671160e-01 3.338553945831599506e-02 6.713757431013792631e-01 4.463282902070476177e-01 5.252704781341087370e-02 7.468529158802349466e-01
4.586869100247615849e-01 4.804071531432028141e-01 1.851670043424729073e-01 6.981334471218557658e-01 8.392527585547182589e-01 6.607182918613317968e-01 4.629059164541669547e-01
4.490639968712236141e-01 1.598772701623014658e-01 9.819821264571418351e-02 8.099118215872286308e-01 8.677627004894681306e-01 9.333297142505324606e-01 9.927495571620011949e-01
9.236836141656751265e-01 8.328574647703033615e-03 1.857111299462164411e-01 9.039196281526862145e-04 8.883281265423890183e-01 5.617069041398299323e-01 1.382073927543010783e-01
2.194220368463629667e-01 1.250653964694503906e-01 2.925980948761581213e-01 9.632575056841418126e-01 8.712526081800041622e-01 3.226420202688984884e-01 5.548737028725091447e-01
1.386741127736948187e-01 5.023963841804113262e-01 1.542221334690190293e-01 7.892689152374871009e-01 5.964671369940813817e-01 6.344820870436163052e-01 1.630907568739209945e-01
3.928009029824902076e-01 2.580141502148588506e-01 6.637545469622292693e-02 8.393476272084247070e-01 7.492707094530078882e-01 9.671166088249093518e-01 5.154373249675218149e-01
5.943605980116476450e-01 3.280444892941421957e-04 3.510228199823224871e-01 8.286756615942382220e-01 6.503944501453257088e-01 2.047563497006849725e-02 4.767713109308490127e-01
2.034208454661332044e-01 5.127547176147292246e-02 4.334161816512774323e-01 9.635390808948871566e-01 7.283119809739931894e-01 2.627476268193676412e-01 9.274138488016513138e-02
4.359366159640047922e-01 5.747208573924748043e-01 4.055964437501949349e-02 1.227200331339291101e-01 7.884595604443246364e-01 5.067947073733305441e-01 1.186339233581754499e-01
6.534708010439101988e-01 2.897487178219190426e-02 3.738531748425169554e-02 7.823698217088077833e-02 1.203020019846379463e-01 1.925568808356901140e-01 1.137105795383717977e-01
5.302967110882705892e-01 4.339535041577484153e-01 2.158112779351829269e-01 7.714767765431371771e-01 3.515519296568235807e-01 7.406199383605691078e-02 2.642476866977685468e-01
4.649022506397388343e-01 2.269341235845526855e-02 6.635594703850918041e-02 1.954079703090767228e-01 9.717907534584653562e-02 4.386025847793383892e-01 1.642935885971275045e-01
1.661632350063647900e-02 2.787999414940667275e-02 5.612637379672043014e-01 6.893371503475378415e-01 7.791467633577917606e-01 3.373271005129808708e-01 3.384857443258378340e-01
4.824204370800981856e-01 5.023955427624912096e-01 2.558927183161967545e-01 9.687802550076479724e-01 5.180487651423049122e-01 4.963745654110540001e-02 8.861390783927615145e-01
7.562127192765830674e-01 2.953741221528026206e-01 1.484156008521805847e-01 2.322522565849392540e-01 2.340377391478080660e-01 1.678529857619456556e-01 2.277435077012115450e-01
5.200352570577455591e-01 5.346912624130075731e-01 4.266097006554686599e-01 9.005748663899201256e-01 7.724040207423702453e-01 1.780667303341808561e-01 7.079510960832794408e-01
8.072753264641364668e-01 1.037584550137454764e-01 2.325282206338250279e-01 5.727792667990182496e-01 2.129440837632755879e-01 3.253566622378298856e-01 8.102104480029926892e-01
8.859834326521978110e-01 1.881073415424461548e-01 1.144813661005742167e-01 8.440052829453814631e-01 4.988183723153726268e-01 5.568413438420096728e-01 9.373407779703111231e-01
7.679629383001977949e-01 1.671362844914470180e-02 3.084106767509178781e-01 2.114426041905664161e-02 2.168841404831644837e-01 4.088580728859840252e-01 2.369921948412978541e-01
7.372914709233914232e-01 5.914444814038581910e-01 1.047205923313992565e-01 7.877646068864805340e-01 6.983952724481145014e-01 5.526931912650349110e-01 8.466033530864622847e-01
8.129592224427905078e-01 2.034885969622217960e-01 2.969136809180993875e-01 6.202952075554444278e-01 7.863973224224963809e-01 6.731958576775017855e-01 1.017203912654332104e-01
3.744765489221573707e-01 4.981410645695369954e-01 5.854558366468546465e-02 9.772545710389366480e-01 9.343600010845761750e-01 4.975416483415384117e-01 3.766409459029461115e-01
1.778644033275617320e-01 1.789405279816926042e-01 9.978518214096682160e-01 7.919970056042918705e-02 1.581335725932642503e-02 6.961565201175898276e-03 9.512523282479079523e-02
9.252943676563201159e-01 1.811604289340383867e-01 2.514296034565484117e-01 7.453444686711727662e-01 5.538954210406390466e-01 2.654830055612824591e-01 4.274036676251007916e-01
8.108283192330235645e-01 4.498564901356014167e-03 4.471764679865230518e-01 2.262446300853548919e-01 2.578349804645214127e-01 1.295267154206330984e-01 3.205530795305511216e-01
1.436785363982202024e-01 4.769785610149600008e-01 3.501279413751130776e-02 7.847986548620270453e-01 5.544376836713529322e-01 4.666407842658914507e-01 9.811245265824888317e-01
4.037653689526125023e-01 1.679804500490226504e-01 7.682826929769244473e-02 9.380121517927210162e-01 7.479604302736217458e-02 1.605574701818977545e-01 5.112792651198563298e-01
3.075011772890040018e-01 1.090380955913671096e-01 2.132431008643128345e-01 7.014092543276740921e-01 9.099499677825683142e-01 9.195026972574625868e-01 6.220730378119458670e-02
1.201833288696552982e-01 1.143134753180518465e-01 3.533916917269621649e-01 9.070092480875169283e-01 2.985338824372337774e-01 1.022414036954260100e-02 2.345453515169229342e-01
8.510838364638684261e-01 5.155659051254287695e-01 6.001538788863115537e-01 1.510121148720727779e-01 9.778212981847234087e-02 3.272786290888381189e-02 5.782117066495569002e-01
1.230565828360419139e-01 1.416580758565363085e-01 2.918381967671803551e-02 2.616045486361013306e-01 5.599961908230829399e-01 1.770129016177204584e-01 7.883116088096581153e-01
6.863562299589104354e-01 8.952299582195266670e-01 2.195871703436115541e-01 2.943023030282654762e-03 4.505400010271054523e-02 1.778391088794869235e-01 5.199812191362706004e-01
1.270094323774262346e-01 4.264224536351752248e-01 1.525274563022163687e-01 3.849005046749347514e-01 5.840340454351774513e-01 1.377564294180237403e-01 3.394178033718993626e-01
3.520522362143611583e-01 6.158853652026990283e-03 2.717402365942508946e-01 2.462809292100433811e-01 1.000393478075080889e-01 2.587699007772885085e-01 6.346564307352533518e-01
5.162955590175277720e-01 6.121762022682801785e-01 2.732119083869618548e-01 2.462929637722057474e-01 2.922625813671315687e-01 3.471338748607955601e-03 5.053735689973845036e-01
9.905107585602764830e-01 8.401620331773533845e-01 8.800897250736996469e-01 2.544730614010340224e-03 9.044507060603526561e-04 2.042499451462377602e-03 3.632599313558546039e-01
5.984726002062837891e-01 9.917982967856167065e-01 5.161991265966356934e-01 1.776309067628498994e-01 4.834703663330012363e-02 1.180787931372078402e-02 3.318030702251913988e-01
6.583852042386068026e-01 8.344397474107839718e-01 9.941955622552922645e-02 7.624073646595557197e-01 2.375931053359047959e-02 1.842899206627275355e-01 4.974666385683386149e-01
4.553319451892063885e-01 3.219554405167784905e-02 2.140821544681325017e-01 9.984323764562003101e-01 9.713178007088266730e-01 8.030391248210915212e-01 1.667746174961990402e-01
9.530943909408932935e-02 5.848534791497618235e-01 1.334814929182827625e-01 8.354235252520094690e-01 7.927882549694144354e-02 2.887333138472258920e-01 6.830814084583842760e-01
5.025917789250464729e-01 2.630858901723831522e-01 9.973111244099140682e-02 9.963985171205643754e-01 7.148924392264328631e-01 4.841455573664961709e-01 6.421300198490607070e-01
2.709050974598497044e-02 1.423426283904274947e-01 3.652819639194989643e-01 6.772332973525670985e-01 7.818009106331079705e-01 8.451192758972329855e-02 1.356766040546857899e-01
4.541971922823662688e-01 1.733822752361390551e-01 1.495927181741706080e-01 9.711122102379299292e-01 3.781162081534978348e-01 1.959642075638725611e-01 8.921254898006567569e-01
9.270100658000696159e-01 3.884966144996123139e-01 4.674351944122545621e-02 6.871356285814895770e-01 4.069049520682505028e-01 8.021943898357527525e-01 5.424875152585844074e-01
2.745181252487210455e-01 2.113047980561240935e-01 8.669308090338262440e-02 9.694844148660779481e-01 3.127743778164219224e-01 6.664893923544645826e-01 3.275102594119172483e-01
4.087209866299073013e-01 1.742104950538568564e-01 8.779166584139445895e-02 6.486326437125931044e-01 7.905602535496445427e-01 6.506514169657049429e-01 7.400656134637510764e-02
4.112935793805773121e-01 2.726272727417067276e-01 8.444370610148725642e-02 9.271086921981244178e-01 9.746140675607961601e-01 4.617828088258395525e-01 1.104160599059536424e-01
5.296389536398089515e-01 9.772277731218765862e-01 4.156212208139536401e-01 2.087341910754471341e-02 3.246168403761373090e-03 3.935848318477833119e-02 2.596154747390819750e-01
8.870203401535458054e-01 4.341686662964052146e-01 1.739215908894094498e-01 8.445306825791113470e-01 7.147593583437046316e-01 3.854000984608566549e-01 6.895670314712621929e-01
5.999934761381844339e-01 6.353861018505361224e-01 2.385810019776876956e-01 1.343327221336477854e-03 2.494774884918424078e-03 2.110912198723933209e-01 9.478514582438563041e-01
4.653690809526049299e-01 2.296824324384933169e-01 2.529649074029578504e-01 8.754401284029594832e-01 9.358964639355578097e-01 3.668926988364908104e-02 2.553023767551261813e-01
1.791531544349484195e-01 7.289905031977605976e-01 5.646549144694341937e-02 5.624578886355494634e-01 4.051481416501749311e-01 2.806294226608949671e-01 2.524784274874976031e-01
5.201667294523680818e-01 2.211760578428448587e-01 5.206951645782346288e-02 2.823390748221646929e-01 1.659544455911604321e-01 5.253846249109861422e-01 1.911486136802313662e-01
4.821505527676431813e-01 4.945654361368911900e-01 1.387212324092769455e-01 8.398696209096345733e-01 9.530964744299696978e-01 3.127959263574739968e-01 8.159017228767545538e-01
9.880088884666418103e-01 4.950810455836550106e-01 1.026394616680604555e-01 9.807265240606950485e-01 2.159509192929264243e-01 2.226313771927883600e-01 5.577863789850641130e-01
8.678483450889602491e-01 8.510647207412777027e-01 7.161193131006550194e-01 3.293509913172416826e-04 3.093054171605407864e-03 3.961296141823475274e-03 4.200888161601515347e-01
4.246729924632998143e-01 6.006408561305880411e-01 2.049832444320311420e-01 1.439156160660001182e-01 5.048988033309871615e-02 1.010041997936952374e-01 8.478534399422216206e-01
1.507417172133298233e-01 6.148342613906940812e-01 5.006274526276797143e-01 7.076020697057842923e-02 1.734821667033853432e-01 2.729578159788555516e-02 6.454316208481769568e-01
8.280206058002718139e-01 4.312158831190363029e-02 4.261347669040774916e-02 4.906245691205824572e-02 7.803869749654075427e-01 1.062790575386654696e-01 1.603803474067735657e-01
6.918519878453239791e-01 7.642763727679960928e-01 8.259693447755878104e-01 2.007019457273098023e-02 2.308574394099533605e-02 2.302256252680600756e-03 4.453834237673243712e-01
8.560765856791441308e-01 7.006448724052900812e-02 5.187907216576097547e-01 8.548533959357754730e-01 5.498858790531236940e-01 8.941217118686756171e-03 8.475785395734394267e-01
4.670457074391342056e-01 2.696533940131918827e-01 2.720277091608448994e-01 8.921015438745938386e-01 5.800299025383148788e-01 1.332390588114154006e-01 2.783609349650843501e-01
2.608088113519219098e-01 1.808507638551130892e-01 1.294426738069270333e-01 8.361075418915241420e-01 5.852909323988175760e-01 2.244494595488972788e-01 6.728631443738825046e-01
2.464846774942437146e-01 1.832858698294138888e-01 1.548232489136752710e-01 7.747736453341776963e-01 8.041718333521274964e-01 4.064792059794434254e-01 8.599766866798254084e-01
4.116575910709792674e-01 7.889508197479973006e-01 9.698236067427902507e-02 7.434674563321834739e-01 9.266705738325881070e-01 3.289346206461434274e-01 2.462188170085365668e-01
9.155868316278478192e-01 1.355089524406373758e-01 5.337511918782043008e-01 8.936375093908883738e-01 8.353788805557001984e-01 7.928457985633892424e-02 8.554693148868756924e-02
9.416867959959447365e-01 5.787546532545757572e-01 1.627398802168459127e-02 5.300178438832994221e-01 6.109175417470394942e-01 7.786427414484237142e-01 3.051634545513693397e-01
2.950850779410149616e-01 3.056035654803763990e-02 3.502909400877329271e-01 4.101259984440519535e-01 4.394455477840805147e-01 1.204416068386280486e-02 4.364504658774873702e-01
7.085312994817035692e-01 6.197684856683571830e-01 6.305707676267077733e-02 5.341328795941477914e-01 4.393302764964812090e-01 2.961391049676330711e-01 8.231486790786850527e-01
8.882804906775348952e-01 4.448277252111080271e-01 1.636413963863019849e-01 6.410801982482288164e-01 4.126824613482348858e-01 2.984748300465540558e-02 9.617632933668665007e-01
1.324167696488950663e-01 1.685680285281020152e-01 1.067758877754820951e-01 9.377682859405290783e-01 8.778037989768462390e-01 3.869781952152609450e-01 7.182092353188107570e-01
3.047246284017267604e-01 7.949096869010795485e-01 3.224685608573831658e-02 1.015268187149464124e-01 8.229826314388834219e-02 1.526265879319787522e-01 4.103136370192436710e-01
9.334172946651120295e-01 5.925221797023801917e-01 8.231842220542057165e-01 1.714357089201160589e-01 1.996488691671999618e-02 3.338619641001171895e-02 7.724811666234063789e-01
4.991175238059419317e-01 4.768828142937410197e-01 2.563093574952784448e-01 8.630681398847293018e-01 8.728505146315965746e-01 3.663443569088606910e-01 1.957296844432594718e-01
1.001905483382028866e-01 5.439185674529973813e-01 1.052336852224142333e-01 5.540165387921474061e-01 2.208271599452668599e-01 4.706640855510304394e-02 8.727459274117262966e-01
5.554950440879506957e-01 6.731040080743952991e-01 4.239886218701246490e-01 5.074718158708613897e-02 1.070017343726928707e-02 1.733681048780872508e-02 5.555585040483969061e-01
9.412853785619285096e-01 4.269369950329930385e-01 7.593175570275853548e-02 8.854276187602774795e-02 2.229820595911041203e-01 5.974048721603749876e-03 1.017124520757579226e-01
8.261367579319850440e-02 1.538329989809482656e-01 1.297709306995328549e-01 8.809050810956363664e-01 6.200010962504051149e-01 1.903591783250676295e-01 8.631303342825747960e-01
3.507351027879964112e-01 1.646259688792383880e-01 3.637183398954779157e-01 8.260278521866031287e-01 5.572510165183983677e-01 7.275802078676030238e-02 4.696270966786059708e-01
2.699847081684517147e-01 3.778315243011645119e-01 1.022935303746335400e-01 9.512089174228693933e-01 9.177318302240270453e-01 5.058370065776039981e-01 1.815419103093349473e-01
8.977675998386537570e-02 5.831142247815853663e-01 1.835687158631727767e-01 9.112590594716450942e-01 4.021686412271343047e-01 9.792564910216175478e-02 2.119527952470563470e-01
3.163244414140251037e-01 5.701921247656555058e-01 8.609741004798505959e-02 2.162547466956905584e-01 2.956179865924982164e-01 1.978730278760287842e-01 5.186601911826717037e-01
6.555351484408263041e-02 2.206242093449353042e-02 7.683205877608931811e-01 8.702149444850834081e-01 5.333852666002428800e-01 5.822377977337325206e-01 1.719714480851533833e-01
3.726427172008787148e-01 5.831124539135102980e-01 1.763211497123274296e-01 1.853276485914645277e-01 8.705569046077851411e-04 4.704778264354490813e-02 2.128885643233471014e-01
6.199072462408325990e-01 5.114973857184973438e-01 4.402866773575030840e-02 5.031746768348098753e-01 7.103771335982613788e-01 3.001876309330259174e-01 6.894922767618852366e-02
1.709680751929987530e-01 4.827321977210947135e-01 1.420165930735371174e-01 8.451779137681006970e-01 4.772267985519471623e-01 3.562513055739652823e-01 5.722728251293671825e-02
9.066443991978826444e-01 9.678498201457699235e-01 6.350124526306882844e-01 5.022906164312780641e-02 4.943981849126365645e-03 8.224259958534750614e-02 4.014644303625814481e-01
6.055021042710604373e-01 4.629322885994299752e-02 1.735170539983783844e-01 6.670668805145355540e-01 8.141512579998605448e-01 2.703883495102674117e-01 6.804794548069932336e-01
3.319641944717976467e-01 7.625544830808482777e-01 6.114170464067057720e-02 9.575454620392060967e-01 8.228054529925477034e-01 2.349938903455882355e-01 6.820030377827701606e-01
1.695751152761098834e-01 7.513297056908128102e-01 1.357415428182089934e-01 5.490732572506711318e-01 9.051784148593738921e-02 2.112307509942018824e-01 2.731824920761157793e-01
4.462955820039218868e-01 1.778049654753501851e-01 1.638274414645181365e-01 9.961084486824015594e-01 5.864651210593847530e-01 1.591683823413325705e-01 2.740543041644809552e-01
4.595417488929466887e-01 8.170003319484304694e-01 1.004411277433763794e-01 8.618487666243010992e-01 3.859943349438756388e-01 1.123123028262582382e-02 9.880400517101247670e-01
3.953262932033934640e-01 8.240017685869233111e-01 2.409418825319731838e-01 7.811221528546705706e-01 4.690439517509446543e-01 1.919951196499254664e-01 5.897097918495884938e-01
8.677887842587761469e-01 1.437017350554774253e-01 2.578432487903261072e-01 6.589307835875320984e-01 8.070041651024342233e-01 2.689613338301065637e-01 3.752141270925327676e-01
7.732383810222185350e-01 2.067605044106120560e-01 1.016622043549328391e-01 2.388001343921995756e-01 1.808255488593264737e-01 5.655573471295077814e-01 1.566844245036579097e-01
3.214201749662509711e-01 8.328425670658490265e-01 1.532910012804417632e-01 7.118517865145750356e-01 2.877735259143597846e-01 2.102314810951174534e-02 2.964327917845432925e-01
7.458299257955510742e-01 4.803600486473793563e-01 6.072778664931482301e-02 8.308846716476379068e-01 3.356327864485408874e-01 3.161655752905783157e-01 5.595574000292261596e-01
4.340838329268146278e-01 1.779252295867331246e-01 1.248587425594485101e-01 9.463109550988373364e-01 8.080780318576957777e-01 6.050674608814247124e-01 1.786074004282863226e-01
7.987353421165513945e-01 1.036548972874133390e-01 3.253601666669109771e-01 8.812372959584584553e-01 8.048892605017931023e-01 6.377178861563895795e-01 1.183538767519590196e-01
2.384801901229340049e-04 9.612808062288329125e-02 7.745298478446611679e-01 8.451094661299767274e-01 8.884363310232588073e-01 2.572296242712657222e-01 1.175353664191116781e-01
1.052364744574662593e-02 5.165439711027122183e-01 4.274200173674398973e-01 4.828980657377157648e-01 3.439464682299461229e-01 2.297876725725499572e-02 4.763348642622931561e-01
3.913381683797063082e-01 1.534753709726579748e-02 2.974425810815959359e-01 6.297019763614439825e-01 7.168614273153105509e-01 9.826947975544181313e-02 4.307208954329430628e-01
8.467406988999478523e-01 8.373756558980735010e-01 7.028457178888677381e-01 1.489104163445580846e-03 3.075966330858543978e-03 2.223376555789637402e-02 3.796282145167327593e-02
