6.859758124459345296e-01 8.817229831497913617e-01 7.979998843780610196e-01 5.018987946799268601e-02 8.480849522000415055e-04 1.881654777420944114e-01 8.057880557348002792e-01
7.518766242256010868e-01 2.916876437632355268e-01 9.938938528931103855e-01 9.968710002550710270e-01 9.985920685926055196e-01 5.678302305281175411e-01 9.980344026111369615e-01
5.823381935634150963e-01 8.867374317854570531e-01 3.332499631617287794e-01 9.769668590115498930e-01 5.482034587832260719e-01 1.705715577272333694e-01 9.064543492842472849e-01
7.975047976518155890e-01 3.464048385493218030e-01 7.919867738412252889e-01 8.805502199780602668e-01 8.624582169937813902e-02 8.967391904832980321e-02 4.879485768561161452e-01
5.968535698849951610e-01 2.324051900287843475e-01 3.056114603485907688e-01 8.359724443856213494e-01 7.561631626407711027e-01 3.899945186751485604e-02 8.527846027366087212e-02
8.532940108725549644e-01 4.728435915850912608e-01 9.890922989415092959e-01 3.252234040115109526e-01 4.117212145766038223e-01 5.325212445387607074e-01 8.510578595347493280e-01
7.410653849048718378e-01 5.825593250920597654e-01 9.984091315296113045e-01 8.191899669986815735e-02 3.328921008292723971e-01 3.155687794069358398e-01 5.012918615907678843e-01
8.910959195020623502e-01 8.078035843523728721e-01 8.102143365254044216e-01 4.499260798277797679e-01 7.730342327817066967e-04 4.076941756189015470e-02 9.828049831230468714e-01
6.240127773422294855e-01 1.970634452942429324e-02 3.935344317840840378e-01 1.043776792921291552e-01 5.560336348294727671e-01 5.898070675362567794e-01 9.789625521698509525e-01
3.145174144684684259e-01 2.246415644015407609e-01 2.759381279035299020e-02 3.607144036795266184e-01 5.159419499394736208e-01 8.700738646997758785e-01 1.937170105374410867e-01
3.505513844676066415e-01 8.306068332823077771e-01 9.949497174044994452e-01 9.929251940603754933e-01 2.830834832229729425e-01 7.049579651786369583e-01 3.100639781232346626e-01
1.051063421145917720e-01 6.976117584783855241e-01 9.567495919681643368e-01 1.027203699282527583e-01 5.225433856836076557e-02 7.018768251580143058e-01 9.447332585168269903e-01
8.204445862258382682e-01 4.998223712750712866e-01 9.638186610224588335e-01 1.057783959573700833e-01 2.269248565992994793e-01 1.052194658220178547e-01 5.677351668503523019e-01
3.538860847249951092e-01 2.236105105704235263e-01 9.293721211509292646e-02 4.459946659473167374e-01 4.251207408347636857e-02 5.550049393858241809e-01 6.149006989534571144e-01
1.729814163656452353e-01 1.630246080479340887e-01 8.542898515031144280e-01 9.998707999585149109e-01 9.980338677870509434e-01 1.332594998958607502e-01 4.194388896492156071e-01
9.267650089040043726e-01 2.165336650078942271e-01 8.843807314933991304e-01 6.959030738827126639e-01 1.489116108149753960e-02 2.301041152344516505e-01 9.279410767574278740e-01
2.671970504690767134e-01 3.197442318382844872e-01 2.720337276995207776e-01 6.546533595233481329e-01 4.619121819531881723e-01 4.879339545647511378e-01 5.003874804843784219e-01
3.410602158018965491e-01 2.217142873190557639e-01 1.096525374992279867e-01 2.070574481445578430e-01 3.909021437862016390e-01 8.502753447483530902e-01 7.481284025414177696e-01
9.552528230382193453e-01 2.413053475559829297e-01 9.114994400204841085e-01 8.786080066290142820e-01 1.365275078398330844e-01 7.522164113572815669e-05 5.640322126021780624e-01
9.006313954652359621e-01 7.594255827400395731e-01 9.309294183919466503e-01 7.283864768792681910e-02 1.062817438229805497e-03 8.188479846726041955e-02 9.730327086214868304e-01
8.804988156952404665e-01 3.732860542313342495e-02 9.084373276251547225e-01 5.923367314200579381e-01 3.960430253264210498e-01 1.912587629821114465e-01 9.985154794131382294e-01
9.969335402178450822e-01 5.026992926868717459e-01 8.650075934182379633e-01 8.431810019343976004e-01 5.696792029453264794e-01 1.886782347986424579e-01 4.248566740216639936e-01
7.416687538064000718e-01 2.909671887618905384e-01 6.443238894084941659e-01 5.396777258041682845e-01 6.225003985141012303e-02 3.010090044709038404e-01 8.958753349249281017e-01
6.595553710350393617e-03 1.424306469058452818e-01 1.684074134286241489e-02 7.291555442745031312e-01 6.773801486794163162e-01 7.067955268212393338e-02 8.289396811808394938e-01
4.686653747721967189e-01 3.997546996498738126e-01 6.436717536041781651e-01 1.924505708359133815e-01 1.078623895169221469e-01 1.120994538375154077e-03 4.741822139160675187e-01
6.956071184113046257e-01 4.488201962135651701e-01 8.172164428858786911e-01 9.976008461917746928e-01 9.185928113810559736e-01 1.384102417838359300e-01 6.520081660927519174e-01
4.822746054938684135e-01 3.392416040741794703e-01 3.587696877584481969e-01 9.977533823587191320e-01 8.517886523545141753e-01 1.712094660503242771e-01 9.568963432241611722e-01
4.248392281122096437e-01 5.991676526508034339e-02 2.323071471158691115e-01 8.933227092188147367e-01 4.034142194578170248e-01 6.013017600385597294e-01 1.547651136523095494e-01
5.713672050967376626e-01 1.503060277739646511e-01 1.748246224617867328e-01 8.397638906565160211e-01 6.433945755250175536e-01 1.950590875314246742e-01 5.926904916224235986e-01
2.963265058427149712e-01 2.958881028834652871e-01 1.846335556594060068e-01 3.803494169487323662e-01 3.803137310622971556e-01 3.705654127466046638e-02 9.580923829127142577e-01
8.626183199567959148e-02 5.067527378946871108e-01 8.986435314454669365e-01 2.538620487978317519e-01 4.822199618862058612e-01 4.412617161375927410e-01 9.742524901694017414e-01
2.723829582017597839e-01 4.791264295622893465e-01 5.358005523657627389e-01 5.213836916722123238e-01 3.570998752730384918e-01 1.411278943611196310e-02 9.528498755936027909e-01
8.877848388052327344e-01 3.517013314981404237e-01 7.811256495229347285e-01 4.953253765558172650e-01 1.602013628226162112e-01 9.398863739881088697e-02 8.478723312581062377e-01
1.914543655851031791e-03 1.964271716856822725e-01 6.169316884172058174e-02 1.801394345282470999e-01 6.612237736680722788e-01 4.502122221451332895e-01 6.456383570514118153e-01
6.375871009774167764e-01 8.875539264341754109e-01 9.307760948118963817e-01 7.210766119838600552e-02 2.568127561782040068e-03 7.314503543965790574e-04 8.743759106875980125e-01
7.719334700035032117e-03 2.450765150560423322e-01 1.317091908196899031e-01 1.839507075125654811e-01 3.061207320734181114e-01 9.249292466767540244e-01 5.347772937406569671e-01
5.597861961223863370e-01 5.340732018977277784e-01 6.103439142225478564e-01 5.441037804660112803e-02 6.541160680868129962e-01 4.030869937464983122e-01 8.939637604790573455e-01
1.161671795867162682e-02 2.909522130302270027e-01 3.114022612317634553e-01 3.287869077489066760e-01 1.389071759402834942e-02 2.868513796733079824e-01 9.663249324984188871e-01
6.659872212329885632e-02 4.702244923334610305e-01 8.731415338091333966e-01 7.426724053736975806e-02 3.047378677984775019e-01 1.162379622325557527e-01 3.601827457221001838e-01
3.582759865393226328e-01 9.409639217760249474e-01 8.475469346043555952e-01 8.654371359969977029e-02 2.545745779052284788e-03 2.674716720966010403e-02 9.382321185979133338e-01
7.155749233492971761e-01 9.574852937434104039e-01 9.069082406774985339e-01 6.167877203836446415e-03 3.651491176848656144e-03 2.752654757398711235e-03 6.715021989828218185e-01
1.746565447298550899e-01 5.473920407839552027e-01 8.654967702577036626e-01 1.438012281636701639e-01 3.248961534751687030e-01 1.557592077475636050e-01 7.659743750069508694e-01
8.951329666010634512e-01 1.269315812797149057e-01 8.279355194599048451e-01 8.322405644884353082e-01 4.219670652047685655e-01 1.076053289145045572e-03 4.397748552030396052e-01
9.685684903543057001e-01 3.720654248799953184e-02 5.675260296972146623e-01 4.155857364854276259e-01 7.846306770829660771e-01 6.202502427701186427e-01 3.746387623343520046e-01
1.150770969521576065e-01 4.192157023436949848e-01 6.733363036401455171e-01 3.494956361241453868e-02 1.958312305484068983e-01 1.256997925893939272e-01 5.008254077474043608e-01
9.166969564791157543e-01 4.169201858296125995e-01 8.270150587323604752e-01 6.811339443244207592e-01 1.327100851145721905e-01 1.437646904649813040e-01 9.981447866157809878e-01
7.268518010858525391e-02 4.489298496593815413e-01 7.452641482679606133e-01 4.703902614628330476e-04 4.900301455149101426e-01 6.760607953072957921e-01 8.106402256714378973e-01
2.614197272570158992e-01 7.975082519276168735e-01 9.654215579935648828e-01 3.929819756336560416e-02 9.501375103538796732e-03 2.645949306468948180e-03 9.062083130283941079e-01
8.199050119355187627e-02 4.890285559187524944e-01 8.661358566939909576e-01 1.042411204844117612e-03 1.211976911531459228e-01 4.458158498391855962e-01 6.413023358913952920e-01
7.541026712730546089e-02 5.429614256737420597e-01 9.675503035151054032e-01 7.663574112195960242e-02 5.096238784355860280e-02 2.330798228132211214e-01 4.774506437839075024e-01
8.711478027182451012e-01 8.633936342074854942e-01 6.715162454707360729e-01 3.683890095773375770e-03 2.361826883467664506e-03 2.512122153600962124e-03 6.823616400007671556e-01
5.725748628520163086e-01 5.927411687790750117e-01 8.356102227588982911e-01 2.544793656301346241e-01 2.729839492365245760e-03 4.606182910255163243e-02 9.591293723260788662e-01
8.281409489100180488e-02 5.313475289327131978e-01 9.674198127244161283e-01 1.540283016033533632e-02 2.313482381648808081e-02 3.017679714604050711e-01 7.744321887672092064e-01
4.597060693827576677e-02 9.982736168818864275e-01 5.737669278361885034e-02 2.179186227208674553e-01 8.921068711939179885e-02 4.698472273549854361e-02 5.070460792960164165e-01
1.773480432201383350e-01 3.742689799005800566e-01 3.540122298457711869e-01 5.231734160344413409e-01 6.363421059434167804e-01 1.240690636370643668e-01 5.132680205091083581e-01
9.804609802603546642e-01 9.400562736068481806e-01 7.059718960412662003e-01 2.410265908470954257e-03 5.547497773005248328e-04 5.146229591371406092e-02 9.099342267524868078e-01
4.727454304158478227e-01 6.017841327973022514e-01 8.258276445250364306e-01 3.114675158705672211e-03 2.029913448736050952e-01 1.636832267249151429e-01 6.840563554522555156e-01
5.155539124330013045e-01 5.113384359953450364e-02 2.525541279357415014e-01 1.634693196446270202e-01 7.175720180660754011e-01 7.601148869011566944e-01 9.948388726608283772e-01
7.671864907176422221e-01 5.053463206057497992e-01 8.099962098982380621e-01 2.300248414580253684e-02 4.251757176702105623e-01 7.137832711108940686e-02 6.920214847231543898e-01
3.669976145220363306e-01 4.824532083367429336e-01 4.229030188939169044e-01 5.667190256625138228e-02 6.322333247035231141e-01 1.043529245765231622e-01 3.456765828307641897e-01
6.433839088946805562e-01 8.428077360415584529e-01 7.868550288625239530e-02 7.690615554601171189e-01 6.715241562204375958e-01 4.503127888416089131e-01 4.561291636076098555e-01
2.980092921354788316e-01 6.563026866102505963e-01 9.262313987539386728e-01 4.868181564435252080e-04 4.531475177764913292e-02 1.803659636044160630e-01 9.341574647297415934e-01
7.655125037799167531e-01 9.534999534329520465e-02 6.038497171614113368e-01 9.212149607598840717e-01 8.114181212076555794e-02 3.658930197299022080e-03 6.927290867849648093e-01
5.642965396023825742e-01 7.876048996882933917e-01 3.014314919198565201e-01 7.650296170879026247e-01 7.539479144692611268e-01 5.757951962991333383e-01 3.011664437126051475e-01
6.579643876829488480e-01 7.410126278187967319e-02 8.594787802622184669e-01 9.988058444406562320e-01 9.963382939038023522e-01 6.216324246915095643e-03 4.276322671410978660e-01
2.777628875530175831e-02 7.643649108908809678e-04 1.941023526738739624e-01 8.108996269402676260e-01 1.850835600024189065e-01 5.690963090971574712e-01 5.231235710060549993e-01
7.371193024882281009e-01 6.917868345358857418e-01 4.936392502099784529e-02 5.186372930895470912e-01 3.630983613704859558e-01 5.663762744248341391e-02 5.737916076337341575e-01
1.393869675135657182e-01 4.153343719341259233e-01 6.266984126744491457e-01 3.522495007271358915e-03 5.431564364021655711e-02 3.627270017286470805e-01 7.549431011375332679e-01
8.969053791905932105e-01 2.082760733744223047e-01 7.153057156561254404e-01 5.360844056953861791e-01 9.348617217756385878e-03 1.543247218925243363e-03 9.661523008019722303e-01
7.218429389313161249e-01 3.329886155435247130e-01 4.383199356928786372e-01 4.050275177536641347e-01 8.457557660606819516e-02 1.442999287016062671e-01 5.598020516507360433e-01
4.358612516904745160e-01 1.505758906741280941e-02 4.016501052555108142e-01 8.154882798212922390e-01 1.868778506994520083e-01 4.899098023087040121e-01 5.419977089271960091e-01
5.186226210693885008e-01 2.172331327578490637e-02 3.637359890018880271e-01 7.246320370683086987e-01 9.842864821091574720e-03 1.294096202233397941e-01 9.836561851160539049e-01
2.814306781888545328e-01 5.457586279352758529e-01 9.578619615264651888e-01 2.203484815729233638e-03 2.970751879639309950e-02 1.543790998165223485e-02 1.151227835771508751e-01
3.541133689077036184e-01 6.116349256630690401e-02 2.487735465641632837e-01 1.725345042093336390e-01 7.092796826242098174e-01 6.333174791297397910e-01 4.868932640786180488e-01
5.160298587453711061e-01 6.126994004535079447e-02 2.304764058119295189e-01 5.450362433625715042e-01 2.336966977974602455e-01 6.136174242603632811e-03 3.746042247524357660e-01
9.451422085129620454e-01 4.036164355360793987e-01 9.147211192175965788e-01 5.295237005549999765e-01 1.894476874024770066e-02 1.886944160676795428e-03 7.569823675329208079e-01
2.498830398643183959e-01 2.449503669124517523e-03 1.926774433339280557e-01 4.584256161434980825e-01 5.229434807337308699e-01 2.689196910974498422e-01 5.922929156601071110e-01
7.705439376244044292e-02 5.978069964022775240e-01 9.006377976911600358e-01 3.375638594318367772e-03 8.233009975872253305e-02 4.695543366541943958e-02 7.733355744168024515e-01
8.119597572691424903e-01 3.190553569658077793e-01 5.934555424620641118e-01 9.217735337896972858e-01 2.144151010360522414e-01 2.930691891563659279e-01 2.014609065002687383e-01
5.733192006278582387e-01 2.034470942947947877e-02 4.106354351377531908e-01 1.566111188234480256e-01 3.287442055157435150e-01 2.506113391730538549e-03 7.826329468233371722e-01
1.974795093718079708e-01 3.328403143689234178e-01 2.445796756220104951e-01 4.157053556719536580e-01 9.883167175950546834e-01 9.747183111925259436e-01 3.028052962099977430e-01
9.967949265788623725e-01 5.995348988053272876e-02 8.541042906940140567e-01 1.102658581705972304e-03 3.590569970816397949e-01 3.532190568880554382e-01 6.410837175408476973e-01
7.968343752550723913e-01 5.159396974304057970e-01 6.668752224519068905e-01 7.514064995749318854e-01 4.713206890226798174e-01 5.182453560038114970e-01 5.054177419851807462e-01
9.908539148906524430e-01 3.241716237133956957e-01 9.165056571714229605e-01 3.402149094471070834e-01 3.446215937550270794e-03 6.313934596813871973e-03 8.404296338878577410e-01
2.365107453188670106e-01 3.791073594441949496e-02 2.056699568970290770e-01 7.638132158513862846e-01 4.089540708221620635e-01 1.961177625132781988e-01 6.545384485654326401e-01
4.552242770501994246e-02 5.002957660611407897e-01 9.432335319617162206e-01 1.780602677197981555e-03 3.350690543132664196e-03 8.195340288791892747e-02 9.945370788413669949e-01
3.369555150478791283e-01 2.374040321677594045e-01 6.926722868499429753e-02 3.167183867588338909e-03 3.841889849176805538e-01 3.587981125256676784e-01 9.203268745482475754e-01
4.001660409345797476e-01 5.215882230191114521e-01 2.009649774079979856e-01 8.602406742503819759e-01 3.228930194430703060e-01 5.878497223936283156e-01 8.828431084444732235e-01
8.545677467355677903e-01 2.244496667773712428e-01 6.934849171061918671e-01 4.900538326742921724e-02 2.247920116631678747e-02 2.229705362942581981e-01 6.110897820615465159e-01
7.518582821909118863e-01 5.632907666595361462e-01 9.214272212586399613e-01 9.360255541824860637e-02 3.544830875983460972e-02 1.043886981174008965e-01 8.860494798097148239e-01
3.544480408585712894e-01 1.531790717228687648e-01 6.155721549238540174e-02 6.695149883954049086e-01 2.660412587672909002e-01 6.386940596039264451e-01 5.017390605138187798e-01
8.612738030119392318e-01 2.513575635084415172e-01 4.315742716089724373e-01 6.076002453933656566e-01 5.581440467539524608e-01 1.673291786832874911e-02 9.543544954907876021e-02
4.908194223394992117e-01 5.464533489467098271e-01 4.334500985639039294e-01 4.275230746633706946e-01 2.490251053317655283e-01 2.211150118621389889e-03 9.976507980520311625e-01
6.650337975339083441e-01 6.809379953446430545e-01 7.794182490429842902e-01 2.507283720192661058e-03 5.759483021807192040e-04 3.199426094349594983e-03 7.757182012423882167e-01
5.473323620762085007e-01 8.109064907521389420e-01 9.957524353653232074e-01 1.434733263646028505e-04 2.520330111045666465e-03 2.286992363598323516e-02 8.542317029692227948e-01
1.076809241932353695e-01 7.165098246881964617e-01 3.817712965961357341e-01 2.259279055206297737e-01 7.130819605116028859e-02 3.995374185212841045e-01 9.416678959049703534e-01
3.880914550697832088e-01 1.188341928886668675e-01 7.732845253806575059e-02 5.488515360585861647e-01 1.743246224156998203e-01 1.517804938376314805e-01 9.388303406460821732e-01
9.379163489131567832e-01 1.575951515877924147e-01 7.920831093608703410e-01 8.070776894757034081e-02 1.907531931548817755e-02 1.165942297609221107e-01 9.855296456702730135e-01
7.474319139841490989e-01 7.620264801680006750e-01 2.337803988073471340e-01 4.157871515111604688e-01 5.934977966142175321e-01 1.920462249283984013e-01 3.637061004560460664e-01
4.627456472907156004e-01 5.396857423865244474e-01 3.670231380298346058e-01 5.185830330022362933e-01 3.439172738139249785e-02 7.476067094489679404e-04 6.232865814597323695e-01
6.675624689744438234e-01 7.787405054605311960e-01 2.695253705668976818e-01 4.024129157809431256e-01 3.180604226446661631e-01 1.959894164813984901e-02 7.036134725799574330e-01
3.537577250338322377e-01 1.595906457186873628e-01 6.073222502540825268e-02 5.474583661445211469e-01 5.312901608328129965e-01 1.357376727624930723e-01 4.647385265149865385e-01
2.813250624180993822e-02 8.141756555560430986e-01 7.092574182686053330e-01 6.921084015353927699e-01 6.591894115479132177e-01 2.609324400593961979e-01 1.776600896962573506e-01
2.271722322726010823e-01 3.361918880107679364e-01 3.427043234706803609e-01 2.984577403954601950e-03 2.622693006874387556e-01 3.868407605649451519e-02 4.685368849730744967e-01
4.041455166921175540e-02 7.723344639709697201e-01 9.261810066122097007e-01 1.147199732589369338e-02 2.709268533251821612e-02 2.613312627455182877e-03 9.947049339985298833e-01
6.866216308489393461e-01 1.474035720520212693e-02 5.303569645121627429e-01 5.136183330347566800e-01 2.348692800071083050e-03 3.687140241536062193e-03 8.322868308920311486e-01
3.780843533493251085e-01 5.723957792098649522e-01 2.673807463575294530e-01 8.867562920153202466e-01 4.908856659493398555e-01 6.969093214466028918e-01 6.319073213854209219e-03
3.753228986814589191e-02 3.105339748519367945e-04 1.337538353311901185e-01 1.791831342514240699e-01 5.248235093015077291e-02 6.204795500346325099e-01 8.387933714995469137e-01
8.468485344803836634e-01 2.847237433278234503e-02 7.607560683879321939e-01 2.386658672470561016e-01 2.546215129144236214e-03 1.999370092506293772e-01 5.929238232264302244e-01
3.739456162136538531e-01 5.024195313821595565e-01 9.651927570414238489e-02 8.794057435025808278e-01 4.943488816283032605e-01 6.548464243509745097e-01 6.281006878300563478e-01
8.803325225479318172e-01 4.793457786056578018e-01 9.045051784866527944e-01 9.390263624357855776e-02 3.825694320488156469e-02 4.830492033975018057e-02 6.096278149037582805e-01
6.095165727241560853e-03 4.913650493617997481e-03 3.022348425946883577e-01 2.901456662933393216e-01 3.270771958185159645e-01 4.120564760411651317e-01 8.548994287366349365e-01
3.301217509692488394e-01 7.712231384204948359e-01 1.616754638693141954e-01 2.917261847734412550e-01 7.064403427281942260e-01 1.509765482591383656e-01 2.220711307812952839e-01
7.045240614679563196e-01 5.067660082987358594e-01 1.032260192971817814e-01 6.173291095273329976e-01 7.667979742073758320e-01 7.048958524350665833e-01 2.050390627119071801e-02
8.848841580889077463e-01 2.324346103170045474e-01 1.423951646223028389e-01 9.036627096441298690e-01 3.224983519739974547e-01 1.487496121393970805e-01 5.393766522750300663e-01
2.552331852981976068e-01 3.652890696849682706e-01 1.138200174355584043e-01 3.454228323441921322e-01 1.617443484501316364e-01 4.923725791800948048e-01 9.836356867504298940e-01
4.679940435957760103e-01 5.026772463105335653e-01 2.682493085124498244e-01 6.523745314082050051e-01 1.401828974652161997e-01 5.067196133116320944e-02 9.412670854544995525e-01
6.465447670041567507e-01 6.690587168037419319e-02 4.070109496732320919e-01 8.532459985108523104e-02 1.330053851581981250e-01 8.192981696503290334e-02 5.509526223064922235e-01
7.756937916035571146e-01 3.514481021871923017e-01 1.465588040367500622e-01 6.373192290181928232e-01 5.695862117312067152e-01 6.804433489927763645e-01 7.482264600743329108e-01
6.600907016949164596e-01 1.672425597852710694e-02 5.201083684922342965e-01 8.584847621106767024e-02 1.502233793211324789e-02 2.350762768169525896e-01 3.699646469833665630e-01
1.724747487954463587e-01 7.604132580542756203e-01 8.974463319740443312e-01 1.148379524352167169e-01 9.148265807603295219e-02 7.678967241227856351e-03 6.578974558078618529e-01
2.137218204366641006e-01 3.762139756748512920e-02 2.695643276549650191e-01 3.126185155324952003e-01 4.282740079837144553e-01 8.273521605961964287e-01 6.404612497288171280e-01
7.970660661910404787e-01 8.442259164727899945e-02 5.526800077087020702e-01 2.880830071852631333e-02 1.213123931485277085e-01 3.763229311359300028e-02 4.843955820873692697e-01
1.444896156872765292e-01 5.037104630326766364e-01 1.242321737278509197e-01 1.903971398228166134e-01 9.981233885137634487e-02 7.272125582293302859e-01 4.205263867019602975e-01
9.776319358241680746e-02 5.779933454720158625e-01 1.480711064797570198e-01 4.364590404297275517e-01 1.901429585654598464e-01 6.270956773288397512e-01 6.117737960558423671e-01
1.381241620656208924e-01 4.798527371989109169e-01 1.881351362216170386e-01 1.883927671900071099e-01 6.243493871855647637e-01 1.587605610016600000e-01 5.772509514590313806e-01
2.488388543993027280e-01 5.009678289488016939e-03 2.116433619684217615e-01 2.775060063764479557e-01 1.660463446929365816e-01 4.643634502912374340e-01 8.565714949180942561e-01
8.020291219331733279e-01 3.174276971890818144e-01 2.318903741208272473e-01 5.217146095387901195e-01 7.387127424311427104e-01 7.638060646273954202e-01 4.279936084666177698e-01
5.322223750574228696e-01 4.276319842201381505e-01 1.971131897211721995e-01 8.992357566190253282e-01 8.261517392247243186e-02 5.515201477466387114e-01 8.520569819451793980e-02
7.737677544015792996e-01 8.363923603604442869e-01 4.793625039029780766e-02 4.346954377748348808e-01 9.514198335649342031e-01 2.304864771194300443e-01 1.483199480960159244e-01
8.433694505953759357e-01 1.027245021648196810e-01 6.700296895974620082e-01 9.818199005528548216e-04 8.208502842074819061e-04 7.003386456271241955e-02 2.026483748444508626e-01
1.085085463694394903e-01 2.580325718271292423e-01 1.447892341120936843e-01 2.211482331519306344e-01 6.013023470176854790e-01 6.829250869621810160e-01 6.938740119357862390e-01
4.568733565812202468e-01 5.214914129893753053e-02 1.293701452443039301e-01 8.829329438897832727e-01 4.327440599404085986e-01 1.280244796012842447e-02 5.367338118043281092e-01
9.443270302226610680e-01 1.406752384606902995e-01 3.812326479264548373e-01 6.908157134615614536e-01 9.209911345561914153e-01 6.396823093586736717e-03 8.875781379346068256e-01
6.290175117434068097e-01 7.631273942804013555e-02 3.350790682575156554e-01 2.972626126788094347e-01 4.156386051767656242e-02 1.067454360508830226e-02 4.512042328792594259e-01
3.613661975852248132e-01 1.712129741052565990e-01 4.546454310752246625e-02 9.232400802614086632e-02 5.484341458218399135e-01 5.425556680153407196e-01 6.921592589838410081e-01
8.201159978166674969e-02 6.217709560520542356e-01 1.271645678497670962e-01 2.434823191728888725e-01 9.727405745189827702e-01 2.901724198849136571e-01 4.675848943218836595e-01
5.174251855836101699e-01 3.772881763913914915e-02 1.873846672092029098e-01 7.903295735081622420e-01 8.872229207997586187e-01 2.654276280155086765e-01 9.744734021873496799e-01
8.325479596028427798e-01 5.600963065474185987e-01 4.397247595115907903e-01 6.007253535236894981e-01 5.255561761624903960e-01 1.388648814873780918e-02 6.586940418856890300e-01
7.609481913993582092e-01 5.217564226126238935e-01 7.308316992443789628e-01 2.616244334611582678e-01 3.180008713735146819e-02 1.009807565237470089e-02 8.885672476417190158e-01
4.876236715222706519e-01 4.751634328483920755e-01 1.968886402826593718e-01 7.307635233855526158e-01 3.108457936661221388e-01 6.270575104271192135e-02 7.741138875481180515e-01
3.986508070236076118e-01 8.239378467048009691e-01 2.160756062161010016e-01 9.727370200303365744e-01 5.475120070242081027e-01 4.313343962256330766e-01 9.436450044085544775e-01
8.537056226939778725e-01 2.804011112196895250e-01 5.996382613780414372e-01 7.435437027547912338e-03 1.145595138233188384e-02 8.975042187902299018e-02 1.664453973144676691e-01
5.176903091177990079e-01 4.913051534346478677e-01 1.648060170932506285e-01 9.893066590468201360e-01 5.335671126929283359e-01 5.511925211356869525e-01 7.495003886895367229e-01
8.145231449097859455e-01 2.175172860834722610e-01 5.379113164628812616e-01 4.767968393577946135e-02 5.850242450766012653e-02 2.255786840827381755e-03 5.068225305831787209e-01
3.484378868856988221e-01 1.837076206878291151e-01 5.625227170605272276e-02 3.018253979565295175e-01 1.682916843387435579e-01 9.878781472709378120e-01 4.093948890671499918e-01
4.566863330252922681e-01 1.072243283511334876e-02 2.529572405612600661e-01 6.124941045933384176e-01 7.256238829382093414e-01 5.769974764765344322e-01 2.327757892535379236e-01
8.758384761754862691e-01 2.087056887212621614e-01 1.317475895333015401e-01 5.419484408574291034e-01 5.218118620481148051e-01 7.559440839040642013e-01 5.488209474370128182e-01
3.214376225214661265e-01 7.648116162455873349e-03 1.541471716986263507e-01 2.695679799030176738e-01 6.452923801490401123e-02 1.290519362679908855e-01 7.547404701862916454e-01
8.827732971929768135e-01 1.901673782273418656e-01 1.551066567322940959e-01 9.418767761020672147e-01 1.586735897502785375e-01 4.004951478020510325e-01 3.660912086702760582e-01
8.783115924263172614e-02 9.789706023505719834e-01 7.919680233517653045e-01 3.918185133832863438e-03 4.085844952069838699e-03 6.323217062117786336e-02 7.181864782617766174e-01
6.596748146907136512e-01 5.208179971087520954e-01 1.655698752938445650e-01 9.882556119140838424e-01 5.458162302181681635e-01 3.915741792041727565e-01 7.284571878175717385e-01
1.745990922145896629e-01 7.444844391503014913e-01 1.159001375365103226e-01 6.135077304691828326e-01 9.954549154963159285e-01 4.972122506459310531e-01 4.181843733852577683e-01
4.082347834345894655e-01 7.850322790393835307e-03 1.524347011300190291e-01 1.637564458191266559e-01 1.416735634234320418e-01 5.550959427470586460e-01 4.545236653119450465e-01
1.380410843649523267e-01 4.214085409570924590e-01 1.174749239290348302e-01 9.022856647146637599e-01 5.345018401754187964e-01 3.629895630291760655e-01 8.837747672557944023e-01
7.567699413830401012e-01 6.685732643284804100e-01 5.423292516302788968e-01 1.636109411880647402e-01 2.715064299636939238e-02 1.214601547207907889e-01 6.310461861492754343e-01
5.840184680264109800e-03 4.559167557856349390e-02 3.055044327892235123e-01 2.815432272041017980e-01 3.069769261234609470e-01 3.146495415230084469e-01 4.200596409436390122e-01
1.461342441336743458e-01 6.959696083440141123e-01 2.588061318198198735e-01 2.812006664602460515e-01 1.147395653388464110e-01 9.273025925029025618e-02 9.764619553645462746e-01
7.104554537266478675e-01 8.139635151652048206e-01 1.493723630494747656e-01 6.841003012157197416e-01 5.659906328717031337e-02 4.344997317698499062e-01 2.766735296583444081e-01
4.967600676682794592e-01 1.803193706758416878e-02 3.847467612211093457e-01 2.130842104714958038e-03 3.143817075967374024e-03 1.042110762574907645e-01 2.471714066927949149e-01
4.250341084388576385e-01 4.845524611415042426e-01 1.466923219797661160e-01 9.975835402916957140e-01 9.071251854768135336e-01 8.219187489835882987e-01 7.928049032786790296e-01
7.939159615898576661e-01 6.588816412511663279e-01 5.429576060495233669e-01 3.207781427809864444e-02 3.052792720508063981e-02 2.903395698141734982e-02 9.110402517556189794e-01
5.403632731284774282e-01 4.322378128949602716e-01 1.533881157327533495e-01 8.118589716857563809e-01 8.626597482793432192e-01 1.137435584184927177e-02 8.527936036566355904e-01
3.519785223941091501e-01 2.101407052327362857e-01 9.438436224519482221e-02 2.939141949277981336e-01 3.132700233571536486e-01 1.785031320768427909e-01 6.964957964761621101e-01
9.629829490163599459e-01 5.277287153453433799e-01 2.183935639600238787e-01 6.632411104585151929e-01 1.022713062799431860e-01 1.627511908209898495e-01 8.597579862329222111e-01
5.185410522739714034e-01 4.650108926582560143e-01 2.698801586273411046e-01 9.974302819602173242e-01 3.060685165313400957e-01 3.367573840892630621e-02 8.768082575937644618e-01
9.892534556574165139e-01 2.847613777269910051e-01 9.641241732556767863e-01 1.398017003298391431e-02 1.280295100549051768e-01 1.010303826569840073e-03 2.989947600143830209e-01
8.694229194749079070e-01 4.268159138681356102e-01 1.424595834434412012e-01 2.488191980559674721e-01 5.841880699781485387e-01 1.123090645313918196e-01 7.090306428027653984e-01
1.961458675142090657e-01 3.457898262070043804e-01 2.118557782317014859e-01 2.118524814522242949e-01 6.056705577648413552e-01 5.948887620084754024e-01 6.274265521877181451e-01
6.005579707232577835e-01 7.263013950855598533e-02 1.164039836914764203e-01 9.505438848980235500e-01 3.309810582032235993e-01 2.739468343065070699e-01 3.586555034991242286e-01
8.716020312642972501e-01 1.167414108819593010e-01 3.076154313440593868e-01 9.224096356373684413e-01 1.182277419119961703e-01 5.628310135836309819e-02 7.220071849204822145e-01
3.438977736617066516e-01 2.181156336995304923e-01 1.083656226046292304e-01 5.408038266947141626e-01 7.042847823296093102e-02 1.005911086068273924e-01 1.125141346029207151e-01
8.201186062405781962e-01 1.370129157707237477e-01 3.162990249623399697e-01 9.768158346245826573e-01 2.211868585418474975e-01 9.970284381680858399e-01 5.764600871730754528e-02
6.655156574948564163e-01 7.575392617202100221e-01 7.787717570466489159e-01 3.836447636804252333e-03 3.821058983428283345e-02 9.247936921795027465e-03 5.986434713232487992e-01
8.688215159713432723e-01 4.466932876327512347e-01 1.223565603626750875e-01 8.604599935778034503e-01 7.232638411068228468e-01 3.052188741453400467e-01 3.960787718865889651e-01
7.984631132059566427e-01 1.118154594218271763e-01 2.839097133025627051e-01 9.107944306939775858e-01 6.081254661557342622e-01 9.559272079787515253e-01 9.761116591020749800e-01
9.722265881221275885e-01 1.429561351147062287e-01 4.352578357681428645e-01 9.790559818410462523e-01 5.999754449277925339e-01 3.713360254663297111e-01 6.255862844677870793e-01
8.650734865037227328e-01 4.244949764192291752e-01 8.375696971145707437e-01 5.222448957448917045e-02 8.876814573379696038e-02 3.259318346753283836e-03 3.440674453878188044e-01
2.850131202115872564e-01 8.628616435070504131e-01 1.041920702312693209e-01 7.079558579309725985e-01 1.030026233370281707e-01 7.283025238233595822e-01 9.321379305337298415e-01
3.449831802564451433e-01 2.118972321744796439e-01 1.042703192519577049e-01 1.489848594960711987e-02 3.131716698857269776e-01 1.597953094476675384e-01 8.107088657326820824e-01
8.440633322901084368e-01 3.724955950508050395e-01 2.476390499769794418e-01 4.878214571047804204e-01 2.796754690542817556e-01 1.419726857420992860e-01 2.234334607092979263e-01
4.834049841256072427e-02 5.268993878214378590e-01 3.710575499229641916e-01 9.978014192266525528e-01 5.714306217593694281e-01 9.673789259919454708e-02 8.122013144905256832e-01
8.922977634263751234e-03 4.605712049434332878e-01 2.356463683689193622e-01 4.273648058532567018e-02 3.959534336179505454e-01 1.535543223264400348e-01 9.662916313279588110e-01
9.638812061210532134e-01 9.589808072199353939e-01 3.272975857957661772e-01 2.677452326964533010e-03 1.978473976793209896e-02 3.968906086848304608e-04 4.869977017711219491e-01
6.267721685665205156e-01 6.301100040543738956e-02 1.622172392822376352e-01 9.817971082969069174e-01 8.175770607120961264e-01 4.117454495041515949e-01 1.643037296367867717e-01
1.216346638280833142e-02 5.774127672491352614e-01 9.124207708669765382e-02 1.564021168804234085e-01 2.953531232653114780e-03 3.127364393371472734e-02 7.650937832339973488e-01
9.131496756342695198e-01 2.887065396845980153e-02 6.671489882735759380e-01 7.265266776389834869e-01 6.627373818840929243e-01 5.038235513713533453e-02 1.839207511620502833e-01
7.409045173829308384e-01 4.809331252926134503e-01 7.966584033435673839e-02 6.515628585392500005e-01 1.216566100135736267e-01 3.588773534749926247e-02 6.025100467038020380e-01
9.136285963008703437e-01 5.125984826202934289e-03 7.275891363880420126e-01 7.359388971586050543e-01 7.051729850200074701e-01 2.377085997812557194e-01 3.891357790751373003e-01
4.143449857209950959e-01 5.917320660932725573e-01 1.429784693116430139e-01 3.854529481276743486e-04 5.039319660502067366e-02 7.709939247636024007e-01 8.286964103374597906e-03
7.260455942596865109e-01 4.854154211562199950e-01 5.586366228095299147e-02 8.201425743534346280e-01 7.513720745178561478e-01 3.991297417600962461e-01 7.423418624542450495e-01
8.090664493385812950e-01 2.653469116919697154e-02 4.991410431088678101e-01 7.822627340949801500e-01 7.908427858094602136e-01 1.606623547990463641e-01 2.267268831079220226e-01
5.153088755116037589e-01 5.073776907368406919e-01 8.361099970663254943e-02 8.812226403300612576e-01 7.617574880259647685e-01 9.681875499617068614e-01 8.734404679772028723e-01
9.518288805951496956e-01 4.830980398020790489e-01 8.663547763901165155e-02 4.314994083684950410e-01 3.179728499624259186e-01 4.368683034368630452e-02 2.881403962621652548e-01
8.986129765275221448e-01 1.379335731474742033e-01 4.712664109014476077e-01 6.148972647843480299e-01 8.470288248581943069e-01 3.058331603168550350e-01 3.482312294123205421e-01
7.478107849312360944e-01 4.178243329254249794e-02 3.332015507092075945e-01 7.452287143263390812e-01 6.805550057685739729e-01 3.391659221246030587e-01 5.945492708867422538e-01
8.805953189502344625e-01 2.473211998773702514e-01 1.019034728250767102e-01 8.002438498499219177e-01 9.905390106705458386e-01 4.065514695604991458e-01 3.496058244029263684e-01
2.187074101911654633e-01 7.967019859641993884e-01 7.862296798243378904e-01 1.372263655911782620e-01 3.544892527411274558e-02 2.321453483862889050e-02 9.066323004012383224e-01
3.054518972819592060e-01 7.736147238670125770e-01 1.025465994280809895e-01 9.115828657446144456e-01 5.659539144071652483e-01 6.581049387074210388e-01 7.940898896183872235e-01
2.836813225562501151e-01 7.603635742930732189e-01 7.365718145525468330e-02 9.997709232000312474e-01 5.226041324930630338e-01 8.293225105503720940e-01 5.494727352334897313e-02
8.838245785470143501e-01 4.434334024255420226e-01 1.690408463560355568e-01 6.566754998705516266e-01 2.405948577188287141e-01 1.446670716151566283e-01 4.001915690977892459e-01
6.915731377624901866e-01 6.013345754915190300e-01 1.549635526207247538e-01 6.824744987494369974e-01 1.809045048268777822e-01 4.073457271220214948e-01 2.439097532452197958e-01
8.158803466299809903e-01 1.123055856545873560e-01 3.804752352614841904e-01 8.557547735478091555e-01 6.879337545798075437e-01 9.847164139749267631e-02 2.314385910934267931e-01
2.747291575856946055e-01 8.689958357359282015e-01 1.282223202009535046e-01 6.091273700349865150e-01 2.098947848294357155e-01 5.087781407542057988e-01 6.439786760738921423e-01
7.546911108853305850e-01 6.294379041964845989e-01 5.849621838644222249e-01 8.229023912915370276e-02 1.715921685347851153e-02 2.284480278294670486e-02 8.583284657187663091e-01
3.397754737691922600e-01 8.067325717707770627e-01 1.869892376258663613e-01 9.417312615664372721e-01 7.709496717913479902e-01 8.077173896264865371e-01 7.038782332421571475e-01
3.327597226203669045e-01 8.145506190687639148e-01 2.348538283979489938e-01 7.589910880838750540e-01 8.065523295321421759e-01 1.047997674659348344e-01 7.275259387784525078e-01
4.783454487258840815e-01 8.294085584126770216e-01 1.568763354075327632e-01 8.081893550270849991e-01 1.689906193671706636e-01 5.113390734582307084e-01 3.782926149322528575e-01
8.936193866503886474e-01 1.567686474017709539e-02 3.315749873314848273e-01 1.268325582212538327e-01 2.043952744003046940e-01 1.787764892157475138e-01 4.043578325053252542e-01
1.842165984253501254e-01 7.590436147106255360e-01 1.456591814795253625e-01 3.782861764700766738e-01 4.112046753220492956e-01 5.807212174985301040e-02 2.753672084889330351e-01
4.144503625655860390e-01 4.872373912832685394e-01 1.718069688475693246e-01 8.474991516698411331e-01 7.788307647342762596e-01 2.901034186988324937e-01 6.280366633228318118e-01
1.350550805780870722e-01 2.574361098915028401e-01 9.045295523556351469e-01 5.794052050723548231e-01 1.199173969233195414e-01 1.449136108908227402e-02 9.180227586416596086e-01
4.766322236278851543e-01 4.758035170988801910e-01 2.111040567978327565e-01 9.971076212155883800e-01 9.216849012781870298e-01 6.652634545754312345e-01 5.842863968453637646e-01
2.369914230386019061e-01 5.698061036156139014e-01 1.621062550032977001e-01 1.486155456088986138e-01 3.023170415089580440e-02 1.797704795765508734e-01 6.159427553962582014e-01
4.728356678819822800e-01 8.195742398122726202e-01 1.336911531672422548e-01 6.846938875992057971e-01 5.105371058263947770e-01 4.391148749815204644e-01 1.554381277172266484e-01
2.545333477944054790e-02 2.340122325817003621e-03 8.992175147864126528e-01 3.616822470144012702e-01 6.219765379029917884e-01 9.029814739344459162e-02 6.086214827212886869e-01
8.578043565329238618e-01 4.465942975070069099e-01 7.610713917095919545e-02 7.687955974999343134e-01 4.356020227225387287e-01 7.360854292773714169e-01 6.918456491995013218e-03
1.373597957840396455e-01 3.537061674725306970e-01 3.430583261167498565e-01 1.536487405544941509e-01 2.638158260405425448e-01 6.680898095212341181e-02 7.850657342581098819e-01
7.350076197996344707e-01 5.880321848566414378e-01 9.302052041808059335e-02 9.925453864951158112e-01 6.135761828526969941e-01 4.616327557771366386e-01 1.705206839026024712e-01
9.454740551428678641e-01 1.124319103035240491e-01 4.225020650993817073e-01 9.920420884766686376e-01 8.008357149219310633e-01 7.136087425422337205e-01 6.297028570854361351e-02
3.524064473464854075e-01 8.325679917562394117e-01 2.687838365051375966e-01 7.772193742327276889e-01 9.720968434851953166e-01 1.749761937192976791e-01 4.429739730615218085e-01
2.074834914025540378e-01 1.607836364426182829e-01 2.806122805773546558e-01 8.358006544853723296e-01 5.766733908559048549e-01 3.292029827398302855e-01 1.952436188446166065e-01
1.778518447069357689e-01 9.992497401047765182e-01 7.104427225676885893e-01 5.443371752263619079e-02 3.122955373394792691e-02 7.431362762325888216e-02 7.364738121652050218e-01
2.955605331004425018e-01 8.178816539293517485e-01 2.487505012330609444e-01 7.378284660872380663e-01 2.386638146825367512e-01 6.787335412717649362e-03 2.917996196574579870e-01
9.041674088898602468e-01 1.044179280446815624e-03 5.362695872079936699e-01 3.680735080784693913e-01 4.260176590693366405e-01 1.232342192753458320e-02 2.034601799253362431e-01
9.916609889137047995e-01 8.915843065394283284e-01 5.421235832435085111e-01 5.027176771162018137e-02 3.147906197456959432e-03 2.405255655509809173e-02 8.278218110925130713e-01
5.121363052573938424e-01 8.304613086983473336e-01 1.875946259339830724e-01 6.138664107816942384e-01 6.430445379884728307e-01 3.136455105872166301e-03 2.589506121847630071e-01
6.630467989690760344e-01 5.030726728339738330e-01 8.013791168323815273e-02 6.549754184897277343e-01 5.386781827444853121e-01 3.764281877759048101e-01 1.485893368820946359e-01
4.301371269079784510e-01 7.958156729426042741e-02 4.959164371138670424e-02 1.924623047277436161e-01 9.102169884530976196e-01 7.612282279368650650e-01 1.671586795038522977e-01
8.608582764275166666e-01 1.830557179042664739e-01 3.614564778045057936e-01 9.112386955861785376e-01 7.762341680035708125e-01 1.028752305783594417e-01 2.884373902133056111e-01
3.637385254839665683e-01 3.920727282612442854e-01 1.740964750340409095e-01 1.779399872619431833e-02 2.709773736680981364e-03 2.611841270539902709e-03 8.466368488036841722e-01
9.543267975731529740e-01 1.507445582379139948e-01 6.537674554139090155e-01 5.437440401432004355e-01 3.416361118763148186e-01 9.381872480530582814e-02 4.356358835548987396e-01
6.255686757309671941e-01 8.632449722065016484e-01 2.469517574202377552e-01 8.926710382293497892e-01 2.393704741111311596e-01 2.624328032410641609e-01 2.249670806224089159e-01
1.749375407504993596e-01 7.499999453102884628e-01 3.024740104892765721e-02 9.965478346051516167e-01 2.749316724404854972e-01 8.450851055126945566e-01 1.565056362548885860e-01
2.595141857334163360e-01 3.002469291932331058e-02 4.022065134890695504e-01 6.588213209171694951e-01 4.948443005435453346e-01 1.891226085263659484e-01 2.882413439753440110e-01
2.695641168847318636e-01 3.800022391413878653e-01 1.362325145281875483e-01 4.358647132337699071e-01 9.670005316055227951e-01 9.636677926191570265e-01 6.764790562033290433e-02
4.892856527712952652e-01 4.739289714782304874e-01 2.242940115558028913e-01 9.064327985587224967e-01 7.334162430007936662e-01 5.205307743496789818e-01 3.837910941872286208e-01
5.494498374803010732e-01 4.601023351729891520e-01 2.877850257063620520e-01 9.307264403420593135e-01 4.479574679203424670e-01 1.364408439673419626e-01 1.835990076951109773e-01
4.662479577062928482e-01 4.818303516132967368e-01 2.414539328807530083e-01 8.436426207054903426e-01 7.282552576775898068e-01 8.142883074195599036e-02 2.568012791880181500e-01
3.814459481422998177e-01 8.442860171202107855e-01 3.571940589951984601e-01 8.358619562244203882e-01 7.031638916467991551e-02 7.075356233164193341e-03 1.648996896235296328e-01
4.174502777187317215e-01 8.122366652182959612e-01 1.819575716182173231e-01 9.850185591022474485e-01 3.336774369719737177e-01 1.096215418552702742e-01 3.404803603802094569e-01
1.527714154001988955e-01 3.136069730651436498e-03 8.886550788124992772e-01 9.960677104484501054e-01 7.316985552512343949e-01 2.055606447751653215e-03 2.256710712746755887e-01
5.036987830689275691e-01 4.915064519782795238e-01 1.450201011106209970e-01 8.363339237742598575e-01 7.975299186728259659e-01 2.893990801116220757e-01 5.956167912934231534e-01
4.944555531548932570e-01 4.727759336306699423e-01 2.690863548750480061e-01 8.950244168324872351e-01 5.892650690177863027e-01 1.279352242411455343e-01 3.432435867675728280e-01
8.273434087731963704e-02 3.920208156179140757e-01 6.856892027478708185e-01 9.657195757816236514e-02 9.395616864130372503e-02 4.559857996137025443e-02 4.261456581059984705e-01
4.703782044465234513e-01 4.982176020437999453e-01 2.848419199756259124e-01 9.142748561638381899e-01 9.737816948099214942e-01 1.677300880371449254e-01 1.856415912667316315e-01
4.838749437894234173e-01 1.139188795249029690e-01 9.901619976161453451e-02 2.882938753280642544e-02 6.479849028151503376e-02 1.082446987823669493e-01 3.207571573573948509e-01
9.637715461034774833e-01 4.360798778375249429e-01 2.656257372368917569e-01 5.786678493248894606e-01 5.825069663763776662e-01 2.401037410822362897e-02 3.141542840861928365e-01
9.899294202829543865e-01 9.992349920501641947e-01 9.232543667951482735e-01 1.090431063614782092e-01 3.126674762397013002e-02 1.584793169992324349e-02 5.707691502231897474e-01
8.967268619973016719e-01 2.145949731448176523e-01 1.512756145448985179e-01 9.419788747235005033e-01 8.983394713377859109e-01 2.415518307075119608e-01 2.586318813946663631e-01
